0.18431808  -0.09221996  -9.626288
0.2108706  -0.066322066  -9.632595
0.20551264  -0.022963332  -9.634938
0.19447672  0.027335843  -9.669215
0.16829376  0.049403027  -9.728702
0.1602871  0.040075704  -9.793748
0.1618613  0.023402134  -9.830083
0.15426125  -7.8850024E-4  -9.83142
0.1337487  -0.04363504  -9.828313
0.11671019  -0.08082831  -9.810549
0.10989121  -0.09705814  -9.78766
0.10858315  -0.104989685  -9.765956
0.10172606  -0.118492626  -9.76986
0.08826979  -0.13372497  -9.789085
0.07688239  -0.12852153  -9.804362
0.07296941  -0.11323676  -9.81118
0.070312865  -0.10161833  -9.817817
0.06683876  -0.10518646  -9.827904
0.061034698  -0.09925907  -9.833887
0.05558909  -0.09043613  -9.8335085
0.05327193  -0.07930235  -9.834286
0.052314986  -0.08058641  -9.838363
0.051772293  -0.083782755  -9.845293
0.047736507  -0.08610499  -9.85039
0.043297753  -0.08646222  -9.855802
0.03903006  -0.08566613  -9.864841
0.037001397  -0.08742714  -9.877082
0.033382412  -0.091089636  -9.891208
0.028278517  -0.09422729  -9.904609
0.024336388  -0.09689861  -9.913499
0.024161726  -0.09703711  -9.916448
0.028013265  -0.09450721  -9.913956
0.031802185  -0.08785548  -9.904907
0.03519887  -0.080492295  -9.88948
0.037481528  -0.07706889  -9.874298
0.039720897  -0.076779865  -9.863921
0.040405173  -0.07644713  -9.861703
0.038813233  -0.075422704  -9.861348
0.03569796  -0.08116251  -9.864013
0.033049196  -0.090840034  -9.863766
0.029387562  -0.09631873  -9.860851
0.024908194  -0.09577131  -9.856126
0.022239214  -0.09402432  -9.850379
0.024143232  -0.09343282  -9.845128
0.030819885  -0.086462915  -9.839553
0.03766735  -0.07692507  -9.840923
0.04449126  -0.07405678  -9.845714
0.052675825  -0.078058355  -9.848598
0.06374413  -0.07974483  -9.84111
0.076564305  -0.076839104  -9.828904
0.088588394  -0.079930656  -9.820432
0.1008916  -0.087620996  -9.816133
0.11563479  -0.09154457  -9.8098
0.13166167  -0.08801954  -9.802982
0.14842327  -0.0940778  -9.799024
0.16750795  -0.108847044  -9.800242
0.18920273  -0.12566656  -9.797856
0.21347775  -0.13120753  -9.791408
0.23678674  -0.13896386  -9.78543
0.26274624  -0.15376098  -9.781508
0.29108462  -0.16958423  -9.777222
0.31495082  -0.17158471  -9.775901
0.33005372  -0.1590257  -9.784427
0.3447609  -0.14782844  -9.794137
0.36848393  -0.14911737  -9.793697
0.39668405  -0.1602059  -9.778855
0.41416955  -0.17060935  -9.7648115
0.4146143  -0.17766304  -9.756889
0.40871152  -0.18063523  -9.750008
0.40975118  -0.17161779  -9.732528
0.42851666  -0.14686038  -9.6914015
0.45934865  -0.12114632  -9.654662
0.48952937  -0.11389003  -9.657847
0.51640654  -0.11990049  -9.704419
0.54609644  -0.119359456  -9.760578
0.5892286  -0.10792454  -9.792829
0.6464533  -0.0880237  -9.798332
0.71444744  -0.054266233  -9.778848
0.7831754  -0.003945271  -9.738244
0.839366  0.042047996  -9.678313
0.8776205  0.05786404  -9.611093
0.90669966  0.05845651  -9.537032
0.9337444  0.07069839  -9.477151
0.9603818  0.093431674  -9.438394
0.9853742  0.112019956  -9.430051
1.0147856  0.1299928  -9.444059
1.0517174  0.16638984  -9.488076
1.096174  0.21936534  -9.561878
1.147521  0.2817768  -9.650657
1.1938671  0.3469572  -9.737511
1.2279918  0.3795031  -9.862385
1.2398564  0.37344137  -10.022476
1.2356466  0.31960544  -10.187053
1.218167  0.27127686  -10.293012
1.1853716  0.25769234  -10.344977
1.139078  0.27837738  -10.378048
1.0881976  0.28699875  -10.391608
1.0531926  0.24395458  -10.370627
1.0392765  0.17290159  -10.299377
1.028719  0.111736216  -10.2186775
1.0031195  0.06995214  -10.1740265
0.9664376  0.037523117  -10.174846
0.9381156  0.012875542  -10.179906
0.926306  0.006198734  -10.155854
0.92357326  0.010747779  -10.099925
0.92016435  0.00802198  -10.027053
0.91362065  -0.015916483  -9.943593
0.9032326  -0.04473759  -9.824687
0.89109105  -0.06561311  -9.669585
0.86920995  -0.080155544  -9.533882
0.84042954  -0.085802145  -9.460767
0.81379366  -0.072781995  -9.439453
0.80734235  -0.05264406  -9.41811
0.81239027  -0.053426098  -9.41458
0.8111971  -0.08389444  -9.481908
0.79161817  -0.124328814  -9.664447
0.76120013  -0.15251221  -9.942336
0.7467837  -0.17691566  -10.2413
0.72494864  -0.18280566  -10.497227
0.66076005  -0.16413449  -10.70297
0.53572965  -0.12162936  -10.863408
0.39001882  -0.09941047  -10.951114
0.27251652  -0.12852786  -10.904981
0.19220985  -0.19653928  -10.731389
0.12793481  -0.29819548  -10.509834
0.06951415  -0.4167484  -10.3185835
0.009460437  -0.488834  -10.144527
-0.037989046  -0.48338532  -9.957632
-0.06689664  -0.39683148  -9.749602
-0.07077198  -0.3113778  -9.562891
-0.04563335  -0.26312545  -9.3987665
0.0014375563  -0.25268623  -9.231494
0.058379438  -0.24182498  -9.071255
0.10483435  -0.20724909  -8.949233
0.12902461  -0.15587498  -8.901302
0.13516413  -0.0938495  -8.917886
0.14673918  -0.023925731  -8.960616
0.17690997  0.04483986  -9.010051
0.22590274  0.11307358  -9.077705
0.27511522  0.19727951  -9.19206
0.31943247  0.29016387  -9.370219
0.37186298  0.3543686  -9.602062
0.41575906  0.37828407  -9.880528
0.41593406  0.37592375  -10.175153
0.3309056  0.34401473  -10.46638
0.18884082  0.26832613  -10.684265
0.046417344  0.14598112  -10.806362
-0.06261146  0.01615357  -10.839011
-0.15581983  -0.08080615  -10.85815
-0.25381684  -0.13228238  -10.886306
-0.3457614  -0.15421702  -10.888596
-0.40396106  -0.15993321  -10.788777
-0.42822298  -0.14252383  -10.547729
-0.4539732  -0.09969497  -10.226007
-0.46619704  -0.07945057  -9.881278
-0.42158985  -0.09575838  -9.536271
-0.30576953  -0.13712151  -9.193355
-0.17693909  -0.16618411  -8.9118185
-0.096746385  -0.18567346  -8.761425
-0.07066318  -0.19863255  -8.750722
-0.0685666  -0.17283356  -8.821442
-0.059838783  -0.09985179  -8.908309
-0.02549872  -0.031798135  -8.976954
0.028985234  -0.019113818  -9.056039
0.08064491  -0.049205497  -9.194267
0.114378564  -0.07617765  -9.40686
0.14267041  -0.08687537  -9.678515
0.16476932  -0.09786453  -9.983184
0.1462226  -0.10505413  -10.316036
0.055833533  -0.09768904  -10.640214
-0.06846095  -0.07585461  -10.898257
-0.16269487  -0.048294667  -11.015434
-0.21285199  -0.016107107  -10.979941
-0.25475362  0.01940118  -10.845353
-0.3204281  0.02910992  -10.697583
-0.39630947  -0.032770693  -10.575276
-0.47203007  -0.14685494  -10.461368
-0.5546858  -0.2434655  -10.322665
-0.6284198  -0.274664  -10.12766
-0.6489453  -0.2590716  -9.890378
-0.56188613  -0.21425177  -9.592761
-0.3925471  -0.13381086  -9.270114
-0.21775512  -0.016825417  -8.972219
-0.09605414  0.09214804  -8.778232
-0.025613436  0.15984423  -8.695653
0.021826087  0.19400485  -8.691552
0.052934945  0.22528924  -8.748833
0.07716197  0.27121958  -8.855374
0.11497011  0.3144468  -9.0134
0.17060262  0.343798  -9.215789
0.216173  0.35931626  -9.488413
0.22760813  0.37128577  -9.803639
0.19242065  0.3526292  -10.116749
0.11521188  0.29600164  -10.385119
0.013963425  0.23426382  -10.596293
-0.07265607  0.19631203  -10.736945
-0.12206686  0.1901394  -10.789662
-0.1567984  0.18914847  -10.782944
-0.21767654  0.18744107  -10.777241
-0.3113202  0.17156519  -10.782742
-0.41151127  0.1421883  -10.751943
-0.48360133  0.1151711  -10.619375
-0.53457236  0.100590624  -10.3789625
-0.5710371  0.10833482  -10.077122
-0.5744686  0.13062039  -9.744969
-0.5142908  0.16786553  -9.399264
-0.4138023  0.193747  -9.079471
-0.32392526  0.18208541  -8.867553
-0.27531114  0.13611053  -8.802687
-0.25003943  0.07995238  -8.848953
-0.21460931  0.037009466  -8.912111
-0.15851116  0.027297942  -8.95555
-0.091070436  0.054335877  -9.000932
-0.02710745  0.11091579  -9.091245
0.019699726  0.1634049  -9.254727
0.047884215  0.17354023  -9.502499
0.054990064  0.16736245  -9.860368
0.023660773  0.1779718  -10.278052
-0.06533144  0.22381468  -10.682569
-0.19639522  0.26633942  -10.968196
-0.32520863  0.2828804  -11.091041
-0.39589086  0.26675776  -11.023049
-0.41445455  0.23186748  -10.825046
-0.41834173  0.16703396  -10.608281
-0.45187786  0.0783009  -10.464593
-0.5162191  -0.004804461  -10.376706
-0.58169013  -0.030894892  -10.258238
-0.6282211  -0.0029228933  -10.080989
-0.627018  0.054822296  -9.866996
-0.5639384  0.11768135  -9.639941
-0.45112798  0.18109395  -9.412754
-0.346176  0.24540775  -9.207044
-0.2824507  0.27496192  -9.052979
-0.24009573  0.2699  -8.946017
-0.17739671  0.2540094  -8.852761
-0.095530994  0.26970664  -8.784962
-0.01965954  0.3211647  -8.773269
0.02997824  0.3839898  -8.858882
0.052091677  0.4556197  -9.057949
0.06757954  0.51866287  -9.350315
0.08188272  0.5636556  -9.683666
0.08177921  0.55168974  -10.02525
0.03644954  0.48417798  -10.343141
-0.0481389  0.38793015  -10.599532
-0.12987535  0.28700292  -10.753272
-0.1811286  0.2172087  -10.790821
-0.22789876  0.18866944  -10.783742
-0.30143192  0.19314414  -10.78773
-0.39362964  0.18970609  -10.807823
-0.47666964  0.15407832  -10.794617
-0.53496027  0.11566112  -10.703412
-0.57976925  0.1276138  -10.52341
-0.613283  0.1687603  -10.2463255
-0.6092396  0.18828706  -9.912532
-0.5433834  0.15943992  -9.56401
-0.43792877  0.12871996  -9.281024
-0.33715263  0.1268505  -9.090276
-0.2747921  0.14698322  -9.009435
-0.22914685  0.15494835  -8.969486
-0.18754505  0.16269518  -8.914105
-0.14860034  0.18767281  -8.834446
-0.117694534  0.20666927  -8.814873
-0.08769357  0.18392234  -8.916173
-0.04877058  0.12275947  -9.131957
-0.010786816  0.08742537  -9.415019
0.015734196  0.10747302  -9.756717
0.021205565  0.15716422  -10.125314
-0.017471684  0.18720968  -10.488907
-0.10235479  0.1850173  -10.781094
-0.2171973  0.17299272  -10.946069
-0.32657  0.18259674  -10.966723
-0.41421315  0.20747705  -10.874123
-0.48165464  0.20525885  -10.759072
-0.5374837  0.13948771  -10.6738825
-0.58322066  0.021241212  -10.600398
-0.6327996  -0.082248345  -10.494706
-0.674314  -0.13560331  -10.33447
-0.68467647  -0.1226989  -10.11285
-0.6396905  -0.058498085  -9.833001
-0.5491467  0.025893053  -9.534484
-0.45224538  0.10891614  -9.278506
-0.37522253  0.16341524  -9.108085
-0.31386495  0.19514526  -8.985681
-0.25306296  0.21021657  -8.873427
-0.19306962  0.21757974  -8.796375
-0.14193673  0.22714144  -8.785335
-0.10448468  0.24223067  -8.847366
-0.07116686  0.27016562  -8.943017
-0.044379104  0.3074786  -9.074095
-0.023269787  0.35060692  -9.27163
-0.0023689799  0.40133977  -9.539907
0.016624259  0.45649567  -9.837076
0.024002733  0.4770818  -10.126469
-0.0025232157  0.43290004  -10.398025
-0.0649273  0.34208837  -10.645833
-0.15303512  0.25372037  -10.847443
-0.254609  0.19762842  -10.963824
-0.34630382  0.17121334  -10.978625
-0.41909966  0.15077515  -10.904485
-0.48323667  0.13078171  -10.780023
-0.54582983  0.10399457  -10.623969
-0.6034744  0.08468116  -10.392295
-0.6338049  0.075914  -10.088498
-0.6096825  0.07785803  -9.749951
-0.54410595  0.09352598  -9.462882
-0.46702966  0.121436596  -9.27819
-0.39759818  0.13329478  -9.198455
-0.3228261  0.11469492  -9.17533
-0.2324757  0.08847954  -9.139674
-0.15562306  0.10795173  -9.070523
-0.1103952  0.1746698  -8.983713
-0.071997695  0.22296792  -8.914498
-0.02244409  0.21497887  -8.899989
0.021450385  0.18489628  -8.976756
0.03325027  0.18507975  -9.177116
0.028647175  0.22579145  -9.467069
0.038735945  0.28231215  -9.792924
0.06887184  0.33089396  -10.090023
0.06522009  0.35226676  -10.372054
0.0077159  0.3247763  -10.622181
-0.09444701  0.27081808  -10.783229
-0.19355519  0.2151029  -10.812818
-0.27131104  0.1658087  -10.731631
-0.3331256  0.10376978  -10.617826
-0.3811843  0.034479287  -10.50611
-0.42227185  -0.039581124  -10.406003
-0.45392427  -0.13303225  -10.301763
-0.4790831  -0.2364217  -10.1890745
-0.49406126  -0.2939862  -10.048267
-0.4895018  -0.2624979  -9.873966
-0.45925775  -0.16016032  -9.667137
-0.40258825  -0.045616735  -9.455604
-0.31241763  0.03698868  -9.27225
-0.20969898  0.08404561  -9.121039
-0.12674962  0.120646216  -8.986855
-0.08201256  0.16302188  -8.864545
-0.06026267  0.20315509  -8.787821
-0.03608789  0.22084492  -8.804619
-0.01648664  0.23187636  -8.921925
-0.012726908  0.26206562  -9.101885
-0.011492807  0.30261967  -9.319524
0.013371908  0.32485673  -9.585925
0.04783686  0.33904663  -9.875112
0.045417648  0.34639585  -10.159443
9.824965E-4  0.31863394  -10.384051
-0.05701248  0.22105294  -10.553035
-0.100867905  0.09886997  -10.663993
-0.15968783  0.032391198  -10.709521
-0.22971845  0.021440702  -10.70437
-0.2805549  -5.0238025E-4  -10.67379
-0.28966454  -0.07519127  -10.631972
-0.3038024  -0.16170809  -10.568639
-0.3613561  -0.21269119  -10.4533205
-0.4476417  -0.22205584  -10.286475
-0.4767418  -0.20822002  -10.042877
-0.42697826  -0.15937757  -9.742497
-0.32647958  -0.08321008  -9.439284
-0.23851414  -0.008073448  -9.214339
-0.18064976  0.03787371  -9.105721
-0.14051834  0.058882892  -9.0690775
-0.10561153  0.07013528  -9.053983
-0.065504745  0.08894769  -9.018452
-0.025734914  0.12683354  -8.981251
0.011798362  0.17505407  -8.966096
0.039000515  0.21523364  -9.005673
0.053140286  0.24801625  -9.119725
0.057314847  0.2827979  -9.328374
0.07644461  0.3193173  -9.597579
0.07988013  0.3307546  -9.8884325
0.02971486  0.29824206  -10.176369
-0.07184467  0.22918487  -10.448749
-0.15448691  0.15515344  -10.646008
-0.19494943  0.10731245  -10.726689
-0.23144509  0.08367074  -10.709674
-0.28304768  0.045017917  -10.675751
-0.3158985  -0.041307654  -10.662494
-0.31660238  -0.15080018  -10.634226
-0.31696156  -0.23383562  -10.518696
-0.33803737  -0.27113402  -10.302598
-0.3468492  -0.25764826  -10.012095
-0.32229817  -0.19099008  -9.727031
-0.2643312  -0.072056085  -9.465717
-0.1991394  0.041240353  -9.244995
-0.12602627  0.10175863  -9.076878
-0.06825284  0.12872799  -8.973682
-0.050739814  0.17444527  -8.924521
-0.07428145  0.25537422  -8.899079
-0.09697152  0.33888993  -8.892102
-0.085778594  0.39764714  -8.936801
-0.055615608  0.438517  -9.073289
-0.03889961  0.47033057  -9.32546
-0.038082976  0.4949049  -9.649024
-0.032589104  0.4665102  -9.960476
0.0046984903  0.3580586  -10.218291
0.055567715  0.20093618  -10.375637
0.09217739  0.06612005  -10.459137
0.078315996  -0.007541003  -10.4804945
0.014309865  -0.050357904  -10.514966
-0.0755172  -0.10563105  -10.596848
-0.15324995  -0.185426  -10.722192
-0.2027254  -0.27134678  -10.833758
-0.23613827  -0.33445084  -10.846741
-0.27436224  -0.36016616  -10.706879
-0.33567485  -0.36127397  -10.457015
-0.38275686  -0.3338325  -10.147788
-0.38174787  -0.26702407  -9.81638
-0.3207824  -0.17837767  -9.486164
-0.24782485  -0.11403442  -9.226668
-0.18471652  -0.0974406  -9.063522
-0.12617742  -0.10355226  -8.979556
-0.058401514  -0.094097756  -8.922982
0.015133473  -0.0643901  -8.887059
0.07949576  -0.024955958  -8.892545
0.12270454  0.013650018  -8.969995
0.13867258  0.044741806  -9.152671
0.13767551  0.072504036  -9.446406
0.13055186  0.116873465  -9.792842
0.10220715  0.16000742  -10.126946
0.048562095  0.17202151  -10.411559
-0.04059717  0.12377181  -10.650612
-0.13162194  0.04462902  -10.812164
-0.20097363  -0.032641582  -10.850789
-0.23523718  -0.09673611  -10.7778015
-0.23819286  -0.16831331  -10.663861
-0.22765672  -0.27249175  -10.586308
-0.20859419  -0.40778875  -10.539643
-0.19266297  -0.53144354  -10.452504
-0.18597169  -0.6095868  -10.284678
-0.18806292  -0.5931  -10.0535
-0.21635132  -0.4778739  -9.801206
-0.25013652  -0.3209661  -9.604003
-0.26914296  -0.20398484  -9.4792795
-0.24633001  -0.14807512  -9.418283
-0.19984291  -0.09741529  -9.33512
-0.14855836  -0.007444008  -9.186431
-0.11375704  0.11369804  -8.985623
-0.10126834  0.23365648  -8.802967
-0.10562188  0.32381207  -8.7211075
-0.10573232  0.36894456  -8.807328
-0.099802636  0.3871244  -9.054212
-0.09973606  0.4036738  -9.407544
-0.108315624  0.42525387  -9.760288
-0.10649394  0.4103  -10.075433
-0.08836701  0.3474646  -10.329682
-0.06307932  0.24990533  -10.520839
-0.041603066  0.1586351  -10.630745
-0.060644984  0.084115505  -10.658774
-0.13344415  0.023830423  -10.676613
-0.2461894  -0.036931742  -10.7309265
-0.341782  -0.11203736  -10.804801
-0.3947411  -0.19047034  -10.813686
-0.42587575  -0.24677639  -10.677844
-0.45950022  -0.2844987  -10.416123
-0.4822333  -0.3031994  -10.105727
-0.48390746  -0.29385173  -9.810557
-0.45313278  -0.23967957  -9.559693
-0.41827238  -0.17135082  -9.369963
-0.37823963  -0.12369085  -9.268273
-0.3291473  -0.10033683  -9.233352
-0.27823195  -0.07129666  -9.214057
-0.23878457  -0.011527463  -9.139405
-0.23043449  0.07301426  -9.021305
-0.24780427  0.15046579  -8.928101
-0.2721519  0.19478835  -8.946872
-0.2711403  0.20121853  -9.118585
-0.2376997  0.19799145  -9.407688
-0.2008102  0.22500668  -9.738208
-0.21835494  0.2592775  -10.062943
-0.28315258  0.2399977  -10.367133
-0.36976323  0.13552766  -10.6435175
-0.435964  -9.5135224E-4  -10.822308
-0.4954978  -0.106848575  -10.869389
-0.54605657  -0.18596052  -10.82154
-0.5723849  -0.27217343  -10.752137
-0.5640752  -0.37810147  -10.698262
-0.5196896  -0.48901296  -10.623059
-0.45651004  -0.5949926  -10.502568
-0.38753995  -0.6779663  -10.343656
-0.34585  -0.6872514  -10.140868
-0.34520093  -0.61117476  -9.912992
-0.37820086  -0.48154244  -9.688591
-0.4138023  -0.36351636  -9.505111
-0.41020226  -0.27122638  -9.373015
-0.37932983  -0.18261582  -9.225219
-0.34558877  -0.07913035  -9.030177
-0.3387319  0.030287439  -8.819684
-0.34034014  0.1146945  -8.694768
-0.33812103  0.15686351  -8.735401
-0.3446426  0.17239511  -8.9227495
-0.36522344  0.18656021  -9.18502
-0.38587686  0.20975383  -9.4673195
-0.38356388  0.2451549  -9.739413
-0.35025027  0.2752879  -9.988557
-0.2937617  0.26628295  -10.218215
-0.23782067  0.19391339  -10.411816
-0.19232595  0.08140696  -10.562116
-0.17586122  -0.028528748  -10.664028
-0.18916325  -0.11983508  -10.736432
-0.20331496  -0.20354193  -10.793579
-0.2096007  -0.28995296  -10.827207
-0.21572757  -0.37094894  -10.817922
-0.25582728  -0.43516982  -10.7308855
-0.3206683  -0.48931932  -10.559737
-0.3559623  -0.5110038  -10.302266
-0.3473324  -0.46958148  -9.989263
-0.30376038  -0.367565  -9.673053
-0.27466947  -0.26991978  -9.452615
-0.24739735  -0.22873682  -9.366035
-0.19903149  -0.21401924  -9.337916
-0.13124765  -0.17946513  -9.282807
-0.083319366  -0.11067436  -9.161719
-0.07638057  -0.031081326  -9.031551
-0.08025247  0.041649323  -8.935989
-0.07061389  0.10391351  -8.918657
-0.04629484  0.15029126  -9.005637
-0.02581912  0.1764216  -9.212935
-0.019205252  0.18609667  -9.53039
-0.032193273  0.20083614  -9.895766
-0.06437086  0.21401316  -10.223984
-0.106881894  0.19124454  -10.493401
-0.12301757  0.101053  -10.720605
-0.114595294  -0.044603456  -10.897934
-0.096049994  -0.17750162  -10.942848
-0.08405047  -0.2519075  -10.815434
-0.078494854  -0.2925768  -10.587452
-0.045722574  -0.34787735  -10.395749
0.01073173  -0.44097087  -10.286231
0.091121204  -0.5389777  -10.24102
0.1334218  -0.6041197  -10.176487
0.1329943  -0.58425283  -10.042352
0.08505615  -0.4978145  -9.857858
0.036119215  -0.36867544  -9.670499
-0.009906284  -0.25801018  -9.5244255
-0.01993142  -0.15018408  -9.395902
-0.015200705  -0.04458728  -9.246336
-0.01071611  0.050736982  -9.088066
-0.02563945  0.12277728  -8.956988
-0.030655509  0.15879725  -8.911767
-0.005956589  0.1671936  -8.954356
0.031328056  0.16083433  -9.070834
0.045684025  0.15458168  -9.24956
0.04425014  0.16975278  -9.4581585
0.07199793  0.19500273  -9.6463995
0.15187138  0.19690545  -9.806075
0.24773693  0.1343826  -10.0092325
0.3190868  0.019195095  -10.274501
0.3682219  -0.095222175  -10.532545
0.4017327  -0.1792733  -10.702633
0.4062953  -0.23953134  -10.78992
0.3785901  -0.3079578  -10.832883
0.3299955  -0.38023928  -10.82194
0.28553507  -0.4372599  -10.715064
0.25061026  -0.47060823  -10.500592
0.23175927  -0.5028879  -10.2283125
0.23180246  -0.53573036  -9.980094
0.2642717  -0.5347065  -9.770808
0.29891738  -0.4728702  -9.5793295
0.33430704  -0.3599888  -9.396201
0.3540695  -0.2610301  -9.280941
0.37552047  -0.21197034  -9.261764
0.41029462  -0.18472491  -9.293083
0.42333803  -0.14022921  -9.283088
0.41042042  -0.06540146  -9.210452
0.3623432  0.0061104284  -9.086904
0.34825325  0.07355222  -9.010654
0.34589362  0.12145353  -9.053806
0.36007366  0.1667267  -9.246838
0.35305384  0.19651334  -9.535198
0.35714135  0.21368428  -9.840377
0.36394224  0.18219082  -10.168392
0.37378594  0.09030738  -10.497222
0.37897077  -0.014884789  -10.757896
0.35922447  -0.09136891  -10.844865
0.30753678  -0.11663888  -10.763252
0.24731843  -0.12188855  -10.619388
0.23292172  -0.13209789  -10.49123
0.28605488  -0.16329853  -10.384785
0.3666986  -0.22454377  -10.292186
0.40091348  -0.28665605  -10.219256
0.35682166  -0.29874468  -10.131171
0.26000214  -0.22418086  -9.954108
0.16434075  -0.09133295  -9.673214
0.09439071  0.037669033  -9.376737
0.056232136  0.12817396  -9.155578
0.038326498  0.18267983  -9.021266
0.017616795  0.22354124  -8.931358
-0.006048852  0.25343743  -8.878245
-0.022441395  0.26762864  -8.899132
-0.013279769  0.2738407  -9.004209
-0.005618315  0.29753  -9.1527405
-0.031715233  0.3495315  -9.285012
-0.093004465  0.40430567  -9.41416
-0.1480904  0.44478357  -9.571685
-0.16617519  0.45917115  -9.777517
-0.15273307  0.45026436  -9.985166
-0.11433375  0.39109573  -10.186856
-0.057280082  0.28047732  -10.376946
0.019757427  0.16548909  -10.536983
0.08982048  0.09689354  -10.619698
0.12227032  0.066671185  -10.64136
0.1046924  0.013949973  -10.643666
0.06741469  -0.08494038  -10.641677
0.042294417  -0.19118476  -10.5850725
0.02949935  -0.27178422  -10.436355
0.009386093  -0.30665764  -10.214112
-0.025112296  -0.30604824  -9.919483
-0.0535042  -0.26044416  -9.616944
-0.058351215  -0.19491334  -9.355172
-0.028776621  -0.13165705  -9.203782
0.029188171  -0.096943595  -9.137506
0.08530118  -0.07977384  -9.105103
0.11974698  -0.05447249  -9.08434
0.13280246  -9.3169324E-4  -9.076878
0.13791281  0.078181  -9.07657
0.14324833  0.15335654  -9.092655
0.14618938  0.20188217  -9.164174
0.15347047  0.22058101  -9.3408575
0.16632281  0.22185582  -9.620471
0.18429177  0.23088504  -9.934926
0.17831218  0.22965825  -10.209076
0.15879385  0.19831784  -10.428137
0.124434896  0.111354195  -10.593343
0.09902149  0.0030865876  -10.707802
0.07664905  -0.088454746  -10.731444
0.06528929  -0.1455748  -10.6829405
0.087695  -0.19064601  -10.609099
0.16050993  -0.25176686  -10.566241
0.2662781  -0.322787  -10.529321
0.35219526  -0.38751665  -10.450021
0.37440708  -0.41662082  -10.281991
0.34905124  -0.40286383  -10.053833
0.29472676  -0.3388256  -9.788029
0.22518875  -0.24108033  -9.524533
0.14845896  -0.15079974  -9.2992325
0.07643896  -0.10087952  -9.156133
0.025577277  -0.08369585  -9.08028
-0.012241942  -0.059580687  -9.037866
-0.03783818  -0.0031986937  -9.003819
-0.05932109  0.07162402  -8.989806
-0.08015075  0.14261803  -9.020194
-0.108539306  0.1944352  -9.113424
-0.13939326  0.22972389  -9.280766
-0.15845251  0.26773292  -9.501145
-0.16387288  0.3013189  -9.725857
-0.14163667  0.30389455  -9.948516
-0.08966735  0.24404764  -10.178673
-0.007434661  0.14108534  -10.407176
0.061462026  0.038620774  -10.577763
0.09213897  -0.03708359  -10.646665
0.08493466  -0.097722806  -10.658195
0.06919643  -0.1592401  -10.661714
0.06337967  -0.22495  -10.671197
0.058004636  -0.28705493  -10.639394
0.03166755  -0.33890477  -10.533164
-0.024907967  -0.39199337  -10.357634
-0.06469872  -0.42345968  -10.137046
-0.07691897  -0.41699657  -9.885296
-0.04794027  -0.3551731  -9.637731
-0.011149891  -0.26958916  -9.425737
0.027200261  -0.18879567  -9.270853
0.05059384  -0.13108213  -9.1492815
0.050827157  -0.09627301  -9.060777
0.036002647  -0.065552294  -8.999927
0.015004277  -0.024642235  -8.973638
-6.128879E-5  0.031630233  -8.983169
-0.005285894  0.08116951  -9.072895
1.8649486E-4  0.114412464  -9.270801
0.013006076  0.15335685  -9.554207
0.027606264  0.18734539  -9.843905
0.043704044  0.19229071  -10.112974
0.05713925  0.11700686  -10.381135
0.07214292  0.004070453  -10.639389
0.07226097  -0.09777457  -10.785405
0.05207393  -0.15886362  -10.773089
0.032892678  -0.21171995  -10.67397
0.043717027  -0.282765  -10.589566
0.10319293  -0.36024567  -10.539659
0.17967117  -0.42134032  -10.473554
0.2340997  -0.46760118  -10.350921
0.26187792  -0.4955244  -10.182781
0.264311  -0.48928848  -9.976919
0.24805088  -0.41872105  -9.745931
0.19455923  -0.30652556  -9.510049
0.11044993  -0.20647115  -9.323757
0.020257905  -0.14341904  -9.225118
-0.037887722  -0.09853423  -9.184906
-0.055026654  -0.043324944  -9.153335
-0.052522015  0.016750462  -9.1113825
-0.052409146  0.06530625  -9.086846
-0.051125634  0.10168511  -9.103823
-0.05013204  0.13351113  -9.171393
-0.07912221  0.16632259  -9.300526
-0.13704152  0.20875244  -9.497446
-0.18515444  0.2590174  -9.7338
-0.16905947  0.29774925  -9.970782
-0.094251335  0.28450367  -10.196304
-0.004927295  0.21328731  -10.4162245
0.06762422  0.11466175  -10.595063
0.112888366  0.031913012  -10.683961
0.14125739  -0.026006952  -10.683334
0.15680195  -0.08150509  -10.6471405
0.17264004  -0.1473127  -10.598796
0.18810248  -0.22287285  -10.54103
0.18061604  -0.30479947  -10.453561
0.14497781  -0.3672234  -10.348115
0.08530194  -0.38746843  -10.204566
0.04256473  -0.3259922  -9.997337
0.026419247  -0.22678955  -9.748212
0.051254723  -0.1322736  -9.546069
0.10154026  -0.074162275  -9.42467
0.14249395  -0.028691532  -9.346396
0.15572335  0.020609168  -9.268125
0.14236593  0.071757644  -9.197427
0.1283897  0.11376459  -9.149372
0.120622665  0.13992804  -9.136867
0.11116219  0.15114167  -9.190722
0.08755893  0.15455294  -9.332856
0.04525006  0.15843852  -9.536433
0.009867781  0.17731471  -9.764052
0.0057810782  0.19286996  -9.968179
0.036900584  0.16220033  -10.17113
0.0774511  0.057778865  -10.382913
0.08661005  -0.078772284  -10.555413
0.055008244  -0.18533838  -10.614944
0.005502216  -0.25022578  -10.56763
-0.019415407  -0.3058453  -10.510389
0.011912559  -0.37220487  -10.499469
0.09881184  -0.44144857  -10.504311
0.20914423  -0.5026134  -10.457597
0.29830477  -0.541464  -10.335801
0.3165754  -0.5447473  -10.13441
0.26748762  -0.5029481  -9.900428
0.18835442  -0.42909017  -9.675401
0.11323494  -0.34995154  -9.504573
0.053126752  -0.29187587  -9.407383
-8.738625E-4  -0.258101  -9.360741
-0.03786705  -0.23428386  -9.330979
-0.060026273  -0.20738351  -9.299211
-0.07886216  -0.17470944  -9.256728
-0.09434537  -0.14215232  -9.211831
-0.09177577  -0.10868541  -9.183976
-0.06504073  -0.076173864  -9.19856
-0.041211333  -0.048796732  -9.277376
-0.03875583  -0.025525538  -9.4181
-0.050637472  -0.026142677  -9.605083
-0.045329522  -0.05080606  -9.828065
-0.015656335  -0.123631656  -10.050981
0.027154775  -0.2298007  -10.263182
0.058618125  -0.35571703  -10.426257
0.096802175  -0.46833405  -10.550809
0.14658938  -0.55964273  -10.628463
0.19645528  -0.6466364  -10.6652355
0.21406591  -0.74711275  -10.647187
0.20063005  -0.85642385  -10.579009
0.17170553  -0.96828157  -10.465362
0.142475  -1.055281  -10.339744
0.106881775  -1.0853829  -10.180665
0.06384372  -1.0440085  -9.974767
0.04417048  -0.9708031  -9.767606
0.08477446  -0.91750973  -9.634174
0.17157127  -0.90208465  -9.590843
0.24418141  -0.9132555  -9.578959
0.25590953  -0.9347186  -9.552353
0.22820097  -0.95281124  -9.512642
0.19744445  -0.9670661  -9.478747
0.17853136  -0.98562145  -9.480878
0.17125519  -1.0173572  -9.555484
0.16884081  -1.0454097  -9.684142
0.17331247  -1.0632075  -9.824449
0.17694175  -1.0734187  -9.939237
0.17072289  -1.0884639  -10.032939
0.15436988  -1.0995258  -10.116828
0.13568072  -1.0926676  -10.170209
0.12998302  -1.0662459  -10.170011
0.15402418  -1.0360054  -10.116691
0.18587856  -1.0267043  -10.062329
0.22197048  -1.0499593  -10.0460005
0.23599242  -1.1090244  -10.067843
0.24813183  -1.1732752  -10.080872
0.25906658  -1.2252084  -10.047765
0.27175823  -1.2375754  -9.989094
0.25605458  -1.2279044  -9.93406
0.20855914  -1.1675239  -9.874967
0.14666991  -1.0745009  -9.765025
0.11046801  -0.9543993  -9.632394
0.0799554  -0.86365527  -9.528335
0.04570931  -0.79789567  -9.492095
0.012548891  -0.74796873  -9.489576
0.0116910385  -0.6872514  -9.493922
0.046727553  -0.61896646  -9.491452
0.08168935  -0.55222845  -9.482448
0.0960534  -0.50453985  -9.484247
0.09604601  -0.47558698  -9.515599
0.11179819  -0.453833  -9.581223
0.13615198  -0.42458224  -9.663718
0.1494024  -0.38673803  -9.744483
0.1525458  -0.34580764  -9.815231
0.1572953  -0.29148412  -9.853406
0.15874156  -0.22742774  -9.838221
0.09281775  -0.17181702  -9.793309
0.019233381  -0.12038464  -9.775185
-0.047491264  -0.08007789  -9.790398
-0.055107813  -0.02972433  -9.798276
-0.06361059  -0.0025913555  -9.768648
-0.07481664  0.0036825447  -9.735009
-0.07811528  -0.0043558925  -9.731868
-0.065251864  0.0029658126  -9.74404
-0.036093336  0.0058061145  -9.748303
-0.017736753  -0.010082261  -9.765822
-0.009745202  -0.054765332  -9.803069
-0.01295926  -0.08659998  -9.869831
-0.0017265339  -0.099083126  -9.924197
-0.001440152  -0.094753176  -9.958309
-0.02083429  -0.06370754  -9.974177
-0.051162016  -0.02918431  -9.973836
-0.06587526  0.013219488  -9.9686575
-0.060019497  0.037721142  -9.936348
-0.03944467  0.06680104  -9.887473
-0.016727425  0.0753736  -9.861705
0.0062726154  0.069447935  -9.895816
0.01090721  0.049521953  -9.9523115
-2.0704551E-4  0.061591517  -9.964648
-0.01661417  0.08405194  -9.920822
-0.026215948  0.11473771  -9.880039
-0.03432509  0.13280718  -9.865178
-0.045782447  0.14560263  -9.872703
-0.048408102  0.15387367  -9.902667
-0.037578046  0.15777805  -9.945767
-0.028601937  0.17010133  -9.97355
-0.04148641  0.1908291  -9.946512
-0.056583017  0.21035047  -9.889137
-0.06529132  0.21421719  -9.848106
-0.08123216  0.21271653  -9.839077
-0.10392252  0.2098958  -9.839168
-0.11470022  0.21297741  -9.858519
-0.053933296  0.21736294  -9.893029
0.002624822  0.20954806  -9.921355
0.04571672  0.19921906  -9.933781
0.035963263  0.18086405  -9.948234
0.037573066  0.18311949  -9.985157
0.03809538  0.20566463  -10.0094385
0.02466081  0.22959729  -9.994851
0.008294771  0.23796672  -9.970216
-0.006686279  0.24014486  -9.95687
-0.005020171  0.2532673  -9.943839
-0.013772253  0.27790582  -9.924678
-0.03145419  0.28699398  -9.89774
-0.05897249  0.28857833  -9.883998
-0.07972949  0.29155502  -9.872619
-0.07540593  0.29699582  -9.84222
-0.06211825  0.31180063  -9.807244
-0.053926975  0.31432936  -9.787255
-0.06373807  0.31249067  -9.816559
-0.08512219  0.28849882  -9.85709
-0.10334667  0.27468076  -9.8774605
-0.12650253  0.28540656  -9.850627
-0.14189942  0.3119671  -9.812903
-0.1544171  0.31857237  -9.812263
-0.16037199  0.3001679  -9.841365
-0.15825713  0.28064588  -9.86375
-0.13954271  0.27325496  -9.858624
-0.11181859  0.2714226  -9.858616
-0.09470582  0.26323777  -9.872615
-0.09335304  0.2668935  -9.884246
-0.087308295  0.27582613  -9.886592
-0.0604137  0.28550112  -9.905665
-0.035440665  0.28630826  -9.937692
-0.027478268  0.28201148  -9.958369
-0.03442507  0.2738655  -9.954225
-0.037496105  0.25935254  -9.9594345
-0.027823398  0.24353226  -9.985274
-0.017094873  0.23525389  -10.018968
-0.013988358  0.23100899  -10.034914
-0.018972784  0.22882046  -10.025472
-0.02189519  0.2230046  -10.003648
-0.013594945  0.22052115  -9.979915
0.0056192824  0.21546888  -9.968481
0.030509038  0.22061013  -9.971036
0.046166133  0.2246595  -9.966905
0.049360335  0.23465532  -9.953496
0.04504602  0.2336487  -9.936843
0.05449621  0.22985967  -9.941303
0.06726336  0.22075583  -9.958291
0.07351606  0.2138652  -9.96905
0.06705697  0.211572  -9.957917
0.06419198  0.20887817  -9.943378
0.0704693  0.20547329  -9.934574
0.07715047  0.20498638  -9.92135
0.08239227  0.21051975  -9.885453
0.10148761  0.22506247  -9.848516
0.13336207  0.2326932  -9.835579
0.1687355  0.2276969  -9.855121
0.17803915  0.21671546  -9.887448
0.17311311  0.21893309  -9.892125
0.16232012  0.24491537  -9.87293
0.14362231  0.27403644  -9.835425
0.11245501  0.29598913  -9.810721
0.07566019  0.30851966  -9.79215
0.05724887  0.31823516  -9.778163
0.061029926  0.31803122  -9.7665205
0.069745325  0.30778176  -9.758854
0.059298594  0.29474476  -9.754514
0.03811469  0.28764728  -9.7544
0.022309005  0.29164484  -9.758656
0.022945248  0.30305162  -9.754971
0.019992815  0.31932703  -9.7345085
0.00345044  0.3319161  -9.699958
-0.0153708905  0.33820257  -9.671241
-0.017201876  0.33906186  -9.656678
-0.0060608727  0.33368465  -9.661902
-0.0032911764  0.32124475  -9.676473
-0.021136088  0.30337012  -9.694167
-0.048838843  0.28771582  -9.708899
-0.07232905  0.27692512  -9.72043
-0.0862005  0.2709787  -9.732132
-0.09124431  0.26540062  -9.743241
-0.09242492  0.26497528  -9.746804
-0.09713981  0.2676796  -9.737193
-0.10745621  0.2705942  -9.721026
-0.11558833  0.26935765  -9.717048
-0.11408181  0.26845777  -9.726638
-0.10985771  0.26892975  -9.74181
-0.112566315  0.26520982  -9.75748
-0.1225439  0.24932675  -9.782458
-0.13681929  0.22701198  -9.81433
-0.15216419  0.20768535  -9.840522
-0.16611372  0.19697721  -9.852615
-0.17545159  0.18911564  -9.853187
-0.17415524  0.17866312  -9.851292
-0.16237058  0.16501087  -9.855524
-0.1461835  0.14967935  -9.867063
-0.12539977  0.13473737  -9.886576
-0.112000585  0.118467726  -9.905137
-0.108724244  0.10600361  -9.915793
-0.11746054  0.104057305  -9.912377
-0.12804545  0.11357824  -9.901528
-0.13663109  0.12517624  -9.891099
-0.14678422  0.13032466  -9.8800955
-0.15828606  0.1318089  -9.864749
-0.16730775  0.13591552  -9.845954
-0.16715844  0.13927512  -9.836236
-0.15843801  0.13463111  -9.843134
-0.14562272  0.1177971  -9.864566
-0.13733941  0.096432455  -9.891241
-0.13866144  0.08155959  -9.909892
-0.14743043  0.07836389  -9.913224
-0.15708165  0.08701253  -9.901287
-0.15762484  0.09332477  -9.887903
-0.15427424  0.092927724  -9.878502
-0.14464194  0.08867824  -9.876395
-0.13993257  0.086256094  -9.874062
-0.13801022  0.08362632  -9.871839
-0.14025204  0.07765085  -9.874052
-0.14397287  0.07238513  -9.880185
-0.14285913  0.07295253  -9.885929
-0.13658594  0.07449764  -9.881708
-0.1277807  0.07001305  -9.874593
-0.11994582  0.063186824  -9.871808
-0.11522734  0.05814967  -9.873122
-0.10656648  0.060153928  -9.871987
-0.0932304  0.06112747  -9.865584
-0.08234739  0.058608834  -9.859105
-0.080567695  0.055287678  -9.851308
-0.08589339  0.054880947  -9.843529
-0.08953705  0.057824064  -9.837489
-0.08915025  0.05511565  -9.840079
-0.086628355  0.0465038  -9.854499
-0.09050264  0.0358358  -9.869699
-0.09645712  0.033771574  -9.875127
-0.10086068  0.036188286  -9.869213
-0.09774507  0.032867324  -9.866086
-0.09552616  0.022813128  -9.866722
-0.09627845  0.01583014  -9.866749
-0.09465352  0.019608216  -9.8642
-0.091913424  0.024961365  -9.862632
-0.08974119  0.023792967  -9.864513
-0.09293752  0.020024689  -9.8683
-0.09795579  0.018901689  -9.870415
-0.10029807  0.023421535  -9.867662
-0.09928448  0.02863851  -9.855081
-0.09290835  0.03317599  -9.841476
-0.08329198  0.035272773  -9.838058
-0.071776204  0.030572327  -9.85097
-0.060817312  0.025953053  -9.868679
-0.04565147  0.026920505  -9.881159
-0.031769365  0.03271413  -9.882849
-0.013249393  0.039488047  -9.883067
0.0027428465  0.044145197  -9.884299
0.018352173  0.049518693  -9.88434
0.029920079  0.055381674  -9.881288
0.038493942  0.058941487  -9.879636
0.044995483  0.06166874  -9.886001
0.048240732  0.062995784  -9.896575
0.04793395  0.06473439  -9.902762
0.048079807  0.06772468  -9.901227
0.05152758  0.07211547  -9.894654
0.0582229  0.07915834  -9.886971
0.061772097  0.08660656  -9.879036
0.06426335  0.09505551  -9.875891
0.064296804  0.10088321  -9.875694
0.064810984  0.106732525  -9.875245
0.05839342  0.11177222  -9.866607
0.046643544  0.11930845  -9.846936
0.03462265  0.12851886  -9.8231325
0.028742045  0.13591887  -9.805667
0.027980803  0.13832377  -9.8030405
0.024498334  0.13587536  -9.809472
0.019136518  0.13234997  -9.820744
0.017808972  0.12908168  -9.831828
0.021121165  0.11963514  -9.844702
0.030975312  0.106247365  -9.857261
0.04204948  0.09296539  -9.866178
0.056486536  0.08862358  -9.864312
0.062152173  0.0936824  -9.847108
0.057036817  0.10555694  -9.81849
0.04297028  0.11878186  -9.792495
0.029071517  0.12559015  -9.780228
0.021056727  0.12470595  -9.783122
0.026032954  0.11660677  -9.794225
0.021779463  0.10703352  -9.806737
0.008426368  0.096204005  -9.813588
-0.019987378  0.0860301  -9.821126
-0.043977384  0.07685875  -9.829104
