-0.39502823  -0.199847  -9.700294
-0.33472693  -0.16095516  -9.701431
-0.29885605  -0.14504354  -9.723984
-0.21532173  -0.115975  -9.761742
-0.17035764  -0.10675021  -9.80556
-0.15197675  -0.09771647  -9.834011
-0.16361062  -0.08895669  -9.852534
-0.17588711  -0.08580253  -9.862826
-0.17689902  -0.087508716  -9.865173
-0.1829933  -0.088938326  -9.863179
-0.19392352  -0.09013166  -9.865013
-0.20822312  -0.08994037  -9.870838
-0.22024734  -0.08840224  -9.876141
-0.2289811  -0.08759106  -9.87418
-0.23750253  -0.08665925  -9.867024
-0.24121971  -0.090818994  -9.855975
-0.24527371  -0.09764963  -9.843022
-0.24770123  -0.103746764  -9.835777
-0.24899058  -0.10609004  -9.838271
-0.24954076  -0.10802534  -9.850506
-0.25106248  -0.113372706  -9.858765
-0.2551674  -0.120890625  -9.85997
-0.262373  -0.12802386  -9.855996
-0.26882723  -0.13500977  -9.850002
-0.2740161  -0.14285783  -9.843433
-0.27971673  -0.15344594  -9.835005
-0.2875913  -0.16408847  -9.826005
-0.29853466  -0.17311591  -9.817809
-0.30712903  -0.18078864  -9.81281
-0.31363094  -0.1913568  -9.808015
-0.31909832  -0.20743592  -9.801246
-0.3242134  -0.22510219  -9.793846
-0.3285799  -0.24257486  -9.790658
-0.3316965  -0.25994268  -9.78955
-0.3355093  -0.27747107  -9.789709
-0.3387817  -0.29277486  -9.791881
-0.33808827  -0.30364943  -9.803332
-0.33366433  -0.3091922  -9.8276
-0.33338842  -0.30964956  -9.85387
-0.3454436  -0.30785224  -9.8688135
-0.364844  -0.3091435  -9.865925
-0.37984303  -0.31430402  -9.853179
-0.38786328  -0.32090208  -9.841323
-0.39960346  -0.32630226  -9.833541
-0.4222038  -0.33173794  -9.828006
-0.4463613  -0.34054598  -9.822713
-0.45958078  -0.3497847  -9.817066
-0.46266925  -0.35554698  -9.81709
-0.46614814  -0.35462633  -9.825731
-0.47234777  -0.3525524  -9.837342
-0.47090945  -0.35561684  -9.838983
-0.45763302  -0.3647534  -9.827179
-0.4383905  -0.37876463  -9.810582
-0.42349005  -0.39509955  -9.794019
-0.41417766  -0.41188136  -9.78061
-0.4073656  -0.42514172  -9.774684
-0.39804676  -0.43353924  -9.783896
-0.3868164  -0.44304335  -9.801564
-0.37368867  -0.46026912  -9.811736
-0.3618001  -0.48659348  -9.808526
-0.34792885  -0.5184869  -9.793212
-0.33112743  -0.5468493  -9.781896
-0.31559756  -0.570865  -9.782021
-0.29904124  -0.5899548  -9.796764
-0.27974108  -0.60661453  -9.818543
-0.25345588  -0.6177754  -9.839959
-0.22738858  -0.6240011  -9.856881
-0.20721479  -0.63131744  -9.867356
-0.18794024  -0.64356214  -9.868369
-0.1651903  -0.66169316  -9.866395
-0.14360549  -0.6834481  -9.865604
-0.13249442  -0.71038157  -9.864955
-0.13069297  -0.7445245  -9.849888
-0.12638663  -0.790381  -9.807746
-0.10902675  -0.8458819  -9.75353
-0.084453225  -0.906003  -9.704503
-0.06420451  -0.9641483  -9.670063
-0.056209087  -1.0186638  -9.649616
-0.053993728  -1.0704162  -9.642333
-0.04441372  -1.1127338  -9.658307
-0.026662061  -1.1416011  -9.7090025
-0.0037141691  -1.1517553  -9.794987
0.008328253  -1.1493782  -9.887896
0.011928338  -1.1408104  -9.947207
0.012043607  -1.1181746  -9.989129
-0.0015156735  -1.0718213  -10.049481
-0.043473918  -1.0059727  -10.137276
-0.1124256  -0.9440009  -10.213452
-0.17886828  -0.90409833  -10.246079
-0.22383155  -0.8820985  -10.251926
-0.25464752  -0.8686475  -10.247685
-0.2853204  -0.85939425  -10.237854
-0.3209485  -0.8525366  -10.203183
-0.35481453  -0.84217936  -10.138268
-0.37855735  -0.81986064  -10.06401
-0.3879619  -0.787837  -9.993313
-0.3891509  -0.7547739  -9.91838
-0.38846305  -0.72879046  -9.825038
-0.3904275  -0.7012468  -9.723169
-0.39137998  -0.66994447  -9.631676
-0.3929845  -0.6406506  -9.561986
-0.39385304  -0.629962  -9.513898
-0.4021902  -0.6387175  -9.490521
-0.4187057  -0.66166997  -9.490578
-0.44782206  -0.69153786  -9.514258
-0.4883468  -0.71744365  -9.576069
-0.53569573  -0.729671  -9.688484
-0.58377755  -0.7276524  -9.8464365
-0.61691004  -0.716974  -10.018913
-0.63441825  -0.6851215  -10.193073
-0.638283  -0.608579  -10.360168
-0.6336167  -0.48447844  -10.523204
-0.60086864  -0.34181014  -10.65078
-0.53469163  -0.21937777  -10.724113
-0.45607027  -0.127156  -10.73455
-0.39815784  -0.058486853  -10.698293
-0.36175165  -0.0031297328  -10.622142
-0.34107244  0.036007844  -10.517263
-0.33277655  0.056778233  -10.40464
-0.34327593  0.06388122  -10.3032
-0.363708  0.04430297  -10.17384
-0.36411536  -0.0050765076  -9.984105
-0.321852  -0.07049642  -9.760974
-0.24493293  -0.12106674  -9.5705185
-0.1734333  -0.14484  -9.442164
-0.13494377  -0.15897287  -9.341685
-0.11777208  -0.18794715  -9.2367325
-0.08441331  -0.23434138  -9.143966
-0.027105542  -0.28725412  -9.104607
0.040146824  -0.33147255  -9.148639
0.08510571  -0.36814222  -9.269338
0.102654316  -0.4074215  -9.431847
0.1029214  -0.44283554  -9.639378
0.095890164  -0.46786597  -9.879525
0.08743013  -0.47938368  -10.135787
0.0780654  -0.46907592  -10.367481
0.063752525  -0.41123787  -10.563153
0.03525237  -0.29647923  -10.72276
-0.003426694  -0.16121013  -10.830375
-0.041947965  -0.052140325  -10.857778
-0.06205399  0.021492638  -10.801501
-0.05640091  0.08424785  -10.682843
-0.021935418  0.15273635  -10.522298
0.02609344  0.22712936  -10.330649
0.062153995  0.2952725  -10.121418
0.08055115  0.33660388  -9.903871
0.08867806  0.32891807  -9.679964
0.095204234  0.26907083  -9.443461
0.07774938  0.18558544  -9.225633
0.027556242  0.119399935  -9.052587
-0.031082978  0.08210995  -8.941537
-0.069384284  0.058073666  -8.876891
-0.10800061  0.030752549  -8.847138
-0.16528903  0.0032326311  -8.853608
-0.21279769  -0.018403025  -8.909321
-0.22059536  -0.04179832  -9.026381
-0.20292394  -0.07483881  -9.197419
-0.20861878  -0.12311432  -9.41086
-0.24898161  -0.18967444  -9.63643
-0.2805836  -0.24835777  -9.855125
-0.28081045  -0.24411058  -10.089963
-0.24334733  -0.13892618  -10.37124
-0.18909802  0.027999023  -10.661954
-0.13125324  0.17602836  -10.860943
-0.07879486  0.2588202  -10.912178
-0.057523545  0.29661265  -10.856216
-0.06892718  0.3289098  -10.751305
-0.108931996  0.38558272  -10.643982
-0.1611167  0.4563007  -10.524152
-0.20590705  0.5162884  -10.36941
-0.2242353  0.54423374  -10.142215
-0.22067225  0.52846974  -9.848805
-0.20306355  0.45982742  -9.517598
-0.17965841  0.34619513  -9.192187
-0.14720944  0.22603786  -8.920367
-0.10331899  0.14142044  -8.750918
-0.056629132  0.0975715  -8.7011175
-0.011178561  0.06491496  -8.741244
0.014514561  0.021897634  -8.831085
0.02909222  -0.03322567  -8.96116
0.044642936  -0.09783342  -9.1380005
0.06369961  -0.16501096  -9.3597975
0.07408008  -0.23027289  -9.614985
0.06877415  -0.2758173  -9.8789215
0.04595379  -0.27037725  -10.133804
0.0066968384  -0.19822581  -10.359329
-0.04677057  -0.07792581  -10.543981
-0.09999544  0.043380845  -10.680374
-0.11583373  0.13515885  -10.765016
-0.080018915  0.19662005  -10.8148575
-0.026705405  0.24344654  -10.830571
6.5839785E-4  0.2856814  -10.80024
0.0032595925  0.33229664  -10.7081375
0.031275023  0.3827349  -10.549467
0.0927329  0.44319832  -10.336877
0.13738094  0.49381152  -10.094383
0.15221721  0.48715457  -9.821333
0.1477871  0.38940272  -9.5009985
0.13664956  0.2471916  -9.184543
0.08576574  0.14222792  -8.961202
-0.0060280873  0.112671375  -8.888869
-0.083970964  0.11589592  -8.911305
-0.10723647  0.10197908  -8.953572
-0.08778129  0.050065372  -8.984684
-0.061576888  -0.023617782  -9.035302
-0.05058633  -0.092213504  -9.161185
-0.060414743  -0.14300026  -9.405681
-0.08421054  -0.16739841  -9.734677
-0.091293655  -0.14409177  -10.096892
-0.06128332  -0.04678439  -10.45127
0.0032542478  0.097369134  -10.760358
0.06417495  0.232933  -10.966164
0.10499695  0.31659696  -11.025657
0.11013172  0.364918  -10.973644
0.09098866  0.40242562  -10.872742
0.051486287  0.44490936  -10.748897
0.0039101844  0.49998984  -10.596969
-0.03719483  0.5600485  -10.3955965
-0.06191246  0.6195372  -10.146306
-0.069398046  0.6677099  -9.886383
-0.068607196  0.6718289  -9.647572
-0.058027804  0.6003216  -9.427172
-0.042761028  0.46207383  -9.218525
-0.022012783  0.3161176  -9.04108
-9.397914E-4  0.20963214  -8.924315
0.023207055  0.14156544  -8.849937
0.047181785  0.08255222  -8.797442
0.072994314  0.017762495  -8.7638645
0.106036775  -0.052901536  -8.786395
0.14193733  -0.11584717  -8.900243
0.16810928  -0.16729546  -9.129891
0.17096102  -0.2050382  -9.449538
0.14033735  -0.2180673  -9.802424
0.08599701  -0.17950423  -10.150074
0.023275645  -0.076684184  -10.47255
-0.02339191  0.058146287  -10.727618
-0.06069718  0.17660224  -10.869926
-0.099223875  0.25392872  -10.885047
-0.12889095  0.30635273  -10.826585
-0.124360114  0.36509657  -10.74931
-0.08520516  0.439773  -10.6691475
-0.039039776  0.52192444  -10.5578165
-0.0022635614  0.58857036  -10.372458
0.027321965  0.62093073  -10.128057
0.03640176  0.590739  -9.843456
0.008484367  0.48071954  -9.535407
-0.042828638  0.3319663  -9.236169
-0.07809335  0.20882809  -9.01979
-0.09251044  0.15202363  -8.929967
-0.10793228  0.1311849  -8.917127
-0.13086925  0.11426566  -8.929144
-0.14252008  0.08504015  -8.951832
-0.13023652  0.0470558  -9.012765
-0.12480704  0.005940531  -9.128615
-0.14176549  -0.040475536  -9.30074
-0.1696443  -0.10001266  -9.512952
-0.17414641  -0.1749957  -9.743274
-0.1692344  -0.24118888  -9.988507
-0.16201563  -0.2534488  -10.258991
-0.15187426  -0.17688121  -10.552245
-0.1269551  -0.037413936  -10.8293
-0.09381241  0.09943059  -11.000477
-0.05806777  0.1826605  -11.028058
-0.024644816  0.22686069  -10.942993
-0.018124746  0.27518693  -10.829663
-0.063974746  0.34681773  -10.713077
-0.15107597  0.42948666  -10.574889
-0.23140545  0.49719223  -10.39292
-0.27060506  0.52818304  -10.166238
-0.26865637  0.4985858  -9.90063
-0.24221043  0.40080658  -9.603115
-0.20424227  0.26401386  -9.30701
-0.14930286  0.131353  -9.057441
-0.0882796  0.03589604  -8.899678
-0.04713134  -0.025204698  -8.824966
-0.0402151  -0.07096634  -8.804115
-0.05302957  -0.11968005  -8.814609
-0.05108854  -0.17545897  -8.864009
-0.028911486  -0.23005718  -8.974378
-0.0060829422  -0.27722976  -9.139134
7.198718E-4  -0.31825748  -9.34703
-5.159767E-4  -0.35383844  -9.59975
-0.0042410954  -0.38318196  -9.892358
-0.01858176  -0.39026126  -10.185126
-0.0448463  -0.34477592  -10.440646
-0.05687524  -0.23287962  -10.662756
-0.04957177  -0.09138292  -10.832047
-0.04300326  0.03212386  -10.9157
-0.06418233  0.11558346  -10.886298
-0.08271854  0.1761142  -10.789043
-0.07632608  0.23120344  -10.668185
-0.053984195  0.29052728  -10.534612
-0.040950686  0.35801184  -10.380409
-0.020703958  0.42233524  -10.201406
0.016517557  0.44921994  -9.978568
0.049085412  0.40264496  -9.693863
0.053058058  0.29942492  -9.378632
0.017342223  0.1965764  -9.131645
-0.035301786  0.14440197  -8.997632
-0.08439652  0.12712175  -8.939067
-0.104537986  0.108491264  -8.887996
-0.11069115  0.07296433  -8.856141
-0.10680637  0.029729256  -8.871507
-0.09527577  -0.016694175  -8.947093
-0.06840602  -0.06698545  -9.078528
-0.05634579  -0.12237326  -9.266441
-0.07213654  -0.17704432  -9.522327
-0.10655582  -0.22976369  -9.847475
-0.12892339  -0.25730756  -10.200697
-0.1228196  -0.22657984  -10.553935
-0.08715674  -0.12647168  -10.863238
-0.030961165  7.498935E-4  -11.073616
0.029364737  0.102792  -11.128795
0.071941376  0.15940915  -11.0132265
0.07574746  0.20488298  -10.810969
0.046186257  0.2722871  -10.621024
-0.0019412342  0.3719627  -10.498761
-0.04961692  0.4822766  -10.420196
-0.08544066  0.5728791  -10.314845
-0.104790986  0.6160268  -10.147462
-0.11643713  0.5843178  -9.927442
-0.13548498  0.4722422  -9.655158
-0.1526168  0.31569454  -9.357156
-0.13731457  0.16863485  -9.081114
-0.08561519  0.070157  -8.896501
-0.028936284  0.015866442  -8.804774
0.006181923  -0.016726106  -8.781356
0.029965779  -0.049581047  -8.800309
0.05212641  -0.08561909  -8.874171
0.05838688  -0.12242141  -9.008201
0.041221738  -0.15754454  -9.206139
0.024777822  -0.20589827  -9.454388
0.029733418  -0.27351102  -9.728503
0.055126358  -0.3440973  -9.996498
0.06590434  -0.36845264  -10.248676
0.056520224  -0.30515394  -10.496438
0.041271087  -0.16969454  -10.737526
0.06653892  -0.023390114  -10.911327
0.12774904  0.078896135  -10.960954
0.1985913  0.13644603  -10.887611
0.23536158  0.18239033  -10.7602415
0.24296321  0.24710363  -10.63939
0.2359339  0.33113495  -10.522772
0.24036364  0.4167486  -10.355171
0.2510173  0.4725223  -10.119923
0.26205254  0.46321717  -9.813708
0.25691828  0.3804914  -9.4883795
0.22731614  0.2647481  -9.21563
0.17632735  0.17311247  -9.046215
0.117502175  0.13069771  -9.000725
0.07320083  0.108982176  -9.014031
0.053602844  0.075952165  -9.042094
0.06593717  0.016759615  -9.049941
0.09814497  -0.060757842  -9.03497
0.115100645  -0.13916412  -9.0425415
0.10026929  -0.20434292  -9.121833
0.087094225  -0.2521002  -9.303658
0.11178911  -0.2836989  -9.590745
0.16324069  -0.307925  -9.953856
0.19474722  -0.3118634  -10.318581
0.20265569  -0.2694602  -10.635345
0.21049172  -0.166117  -10.871556
0.23315698  -0.033381198  -11.00199
0.2588121  0.08177676  -11.002418
0.28983462  0.15706448  -10.87103
0.3295086  0.2138898  -10.692474
0.35392046  0.271483  -10.520705
0.33500966  0.34702328  -10.385174
0.2739509  0.43103597  -10.25869
0.21207629  0.50180763  -10.115872
0.18897003  0.5175051  -9.936278
0.20233089  0.45572314  -9.726832
0.21888886  0.3342986  -9.4967985
0.20791739  0.20218559  -9.272954
0.1756426  0.10526204  -9.088613
0.13969205  0.0577372  -8.975922
0.121005  0.036380384  -8.919038
0.12811352  0.011524341  -8.899051
0.16209057  -0.03239662  -8.900123
0.2042076  -0.079280294  -8.960812
0.23776406  -0.12088282  -9.099538
0.25994986  -0.15550385  -9.311255
0.2816728  -0.19392993  -9.564477
0.31342933  -0.24102764  -9.822189
0.34927806  -0.28558347  -10.072523
0.3696431  -0.29098675  -10.312659
0.36559924  -0.22064652  -10.551106
0.35620093  -0.086887866  -10.75198
0.36351025  0.05405876  -10.865302
0.39203086  0.15041913  -10.860214
0.43226922  0.19622862  -10.765015
0.48327914  0.22301877  -10.638903
0.52045447  0.26313993  -10.510066
0.5336126  0.3286365  -10.375284
0.53108096  0.4124914  -10.206741
0.53445977  0.47911167  -10.019385
0.5400943  0.48473334  -9.80134
0.524048  0.40840527  -9.552803
0.4808284  0.28964838  -9.307475
0.42180863  0.19216  -9.136242
0.35533738  0.14235616  -9.069913
0.2899592  0.111361586  -9.049963
0.24221869  0.06909447  -9.033778
0.22621854  0.007811418  -9.0154505
0.23674633  -0.049494613  -9.022731
0.249439  -0.09245807  -9.080654
0.24784355  -0.12139208  -9.20634
0.24662244  -0.1430357  -9.399251
0.27244458  -0.16227727  -9.650223
0.3231417  -0.18373908  -9.944718
0.37207726  -0.20819877  -10.248467
0.40429798  -0.20480978  -10.523975
0.42230645  -0.13238351  -10.754109
0.43450162  -9.2511316E-4  -10.906026
0.4433657  0.13958777  -10.944461
0.44853377  0.2336468  -10.83813
0.45333096  0.29288575  -10.642076
0.4384856  0.34574857  -10.440387
0.39947078  0.41540217  -10.275989
0.33015662  0.49898693  -10.160556
0.26130915  0.57141966  -10.064154
0.23162556  0.5893064  -9.950831
0.25935456  0.5217499  -9.773818
0.30544245  0.39129314  -9.539758
0.3220668  0.261014  -9.31068
0.2999259  0.18311982  -9.15304
0.27304244  0.15889208  -9.081409
0.26223448  0.15385069  -9.045425
0.26905435  0.13690118  -9.003863
0.28316066  0.09805862  -8.945205
0.3055493  0.04993503  -8.909242
0.33951023  0.010749531  -8.941147
0.37752628  -0.014330144  -9.062352
0.40667188  -0.0342253  -9.277202
0.4268013  -0.05810691  -9.558621
0.45525384  -0.088234715  -9.871105
0.49617663  -0.10965834  -10.17801
0.52677786  -0.09706807  -10.458875
0.52420187  -0.029317066  -10.69357
0.48435494  0.08653611  -10.858414
0.4359107  0.21516766  -10.929882
0.40556622  0.31853205  -10.893917
0.39684534  0.37778127  -10.749752
0.38490996  0.39986375  -10.536332
0.3564134  0.42017674  -10.316638
0.32432467  0.4742689  -10.141156
0.29963395  0.56064564  -10.015138
0.2814454  0.61726123  -9.886607
0.2777748  0.58580726  -9.708503
0.29034248  0.4735024  -9.48037
0.30868766  0.34103215  -9.2631645
0.31367695  0.25630882  -9.135531
0.29898307  0.22079064  -9.093846
0.2721331  0.20096934  -9.082519
0.24128741  0.15634319  -9.067757
0.22388731  0.0870061  -9.040518
0.2312242  0.024525514  -9.049279
0.2501246  -0.01215136  -9.1104555
0.26232937  -0.034946825  -9.249074
0.26888528  -0.06481541  -9.458439
0.27917084  -0.10099717  -9.725207
0.2972742  -0.13478349  -10.0303755
0.30541745  -0.15568602  -10.322327
0.28866556  -0.15365708  -10.572511
0.25507525  -0.09254703  -10.7622795
0.21951865  0.03147292  -10.90155
0.1993469  0.18683834  -10.955371
0.18262768  0.3126869  -10.898337
0.15838121  0.37949452  -10.738014
0.12068191  0.40522376  -10.5312805
0.070669636  0.41986868  -10.327357
0.004045758  0.44680357  -10.155751
-0.06801824  0.47942042  -10.020726
-0.111564845  0.4921317  -9.895463
-0.09694031  0.4566872  -9.744766
-0.025870001  0.36509869  -9.542995
0.06297172  0.24394666  -9.312866
0.13400441  0.14277418  -9.119087
0.17708516  0.09320251  -9.024531
0.19733775  0.08546587  -9.027868
0.20488684  0.0849446  -9.066255
0.20315577  0.06692413  -9.088692
0.20363986  0.029502412  -9.10508
0.21780533  -0.014429796  -9.147446
0.2520071  -0.05199787  -9.217985
0.29613853  -0.0654499  -9.341506
0.33145487  -0.051911045  -9.5556755
0.3532205  -0.028527522  -9.861309
0.35195467  -0.013579293  -10.199178
0.32415763  0.012248809  -10.513083
0.26188648  0.078707546  -10.777824
0.19021298  0.18026982  -10.955036
0.12242965  0.2629954  -10.994507
0.07638412  0.29851472  -10.887233
0.04871452  0.3114118  -10.703364
0.022843363  0.33359566  -10.523214
-0.010266331  0.37619087  -10.377231
-0.0491569  0.43499932  -10.236694
-0.06355991  0.5029389  -10.071092
-0.047129672  0.5493172  -9.856935
-0.015280732  0.5202508  -9.599494
0.017487442  0.41528857  -9.316884
0.02643686  0.2830918  -9.102779
0.016380543  0.17940898  -9.00135
-0.008996197  0.107549615  -9.017979
-0.017433899  0.05420217  -9.082477
-3.4803525E-6  0.024764374  -9.1695175
0.041086365  0.02350758  -9.263196
0.08353797  0.018771095  -9.343764
0.1207527  -0.008177607  -9.41265
0.16276424  -0.043310855  -9.492317
0.2166685  -0.05093305  -9.634664
0.26570362  -0.04250435  -9.855565
0.2782209  -0.02538692  -10.114238
0.2330559  0.0050876597  -10.383641
0.14875627  0.07902003  -10.622652
0.06722657  0.17169344  -10.7717705
0.029603014  0.2528138  -10.770543
0.028440654  0.3097779  -10.634802
0.012371387  0.35340858  -10.481205
-0.06345292  0.37902787  -10.39545
-0.19226916  0.37597552  -10.378331
-0.3164609  0.35506487  -10.34797
-0.39528084  0.3402884  -10.229499
-0.40920964  0.34124085  -10.00862
-0.36137208  0.33426937  -9.713412
-0.26474035  0.2992939  -9.3946295
-0.15465698  0.2397728  -9.127343
-0.06755516  0.19135772  -8.968415
-0.019277954  0.18011177  -8.944214
0.0021893643  0.19864874  -9.001257
0.025801336  0.2298221  -9.080697
0.06656991  0.25075856  -9.135867
0.12563322  0.2599665  -9.162259
0.18729539  0.25830135  -9.188034
0.24285226  0.2584107  -9.267737
0.2865135  0.2620512  -9.4347725
0.31340823  0.26587412  -9.689319
0.3316746  0.25461194  -9.9709425
0.33353314  0.25688058  -10.210111
0.29111525  0.3014344  -10.412166
0.18465704  0.3937318  -10.616536
0.057488635  0.4836192  -10.770749
-0.037377376  0.5106446  -10.786283
-0.07600919  0.4956788  -10.640459
-0.097247384  0.4825213  -10.450189
-0.14044486  0.5044957  -10.309888
-0.21892673  0.543228  -10.222552
-0.30520687  0.58615994  -10.141176
-0.34929073  0.6190865  -10.028941
-0.31975284  0.63125294  -9.854409
-0.23628937  0.5955777  -9.631807
-0.1522706  0.53583705  -9.4321
-0.114080556  0.46445468  -9.332136
-0.11671534  0.4040765  -9.331472
-0.1180441  0.3547851  -9.347462
-0.0887047  0.33339676  -9.336961
-0.024856433  0.3258022  -9.300133
0.049273763  0.310789  -9.270799
0.10938897  0.27662072  -9.277501
0.14178461  0.23981936  -9.351413
0.15369877  0.22190504  -9.496124
0.16813481  0.22977674  -9.690544
0.19279878  0.25582027  -9.902168
0.23153864  0.28531602  -10.108731
0.25702628  0.32065853  -10.268838
0.23883891  0.36185166  -10.3968725
0.15643208  0.41314396  -10.479415
0.039666373  0.4562173  -10.5285
-0.07210144  0.48112568  -10.514614
-0.16325004  0.4811295  -10.46345
-0.24822249  0.4565576  -10.40651
-0.3380619  0.41130385  -10.359006
-0.43251708  0.34904143  -10.309485
-0.5114937  0.298816  -10.225351
-0.5484974  0.2542893  -10.112142
-0.5003831  0.21822631  -9.925498
-0.37089586  0.1749887  -9.64426
-0.2211141  0.13543385  -9.336724
-0.11405951  0.12043356  -9.115794
-0.06754122  0.13110548  -9.061164
-0.04521815  0.15642019  -9.095326
-0.021651877  0.17339166  -9.141505
0.012456971  0.17482226  -9.173326
0.04765722  0.17940432  -9.221467
0.07356174  0.19587697  -9.308618
0.094138004  0.22016312  -9.419402
0.12609695  0.24129468  -9.540115
0.17201877  0.25597593  -9.679043
0.21466959  0.28415978  -9.8384285
0.21396352  0.30452517  -10.015575
0.14805938  0.29183856  -10.197898
0.028118223  0.24680029  -10.362056
-0.1054767  0.2203601  -10.483958
-0.21840967  0.24731565  -10.538821
-0.29954854  0.30537215  -10.533887
-0.36112556  0.35667816  -10.508342
-0.4152329  0.3829312  -10.488437
-0.46954116  0.38866293  -10.470302
-0.51834476  0.39550796  -10.41027
-0.56420064  0.41322604  -10.283132
-0.5903308  0.42127404  -10.117551
-0.57211965  0.40013123  -9.897246
-0.49472973  0.33975422  -9.652299
-0.40017295  0.27494156  -9.416687
-0.33262673  0.22919743  -9.264052
-0.30198744  0.20366009  -9.191505
-0.27019894  0.18987651  -9.153729
-0.21306467  0.18599027  -9.121945
-0.13932227  0.20453858  -9.101391
-0.08357478  0.22734499  -9.123138
-0.058263183  0.23688595  -9.204286
-0.052139077  0.22831309  -9.352728
-0.042615462  0.2260408  -9.553322
-0.020931022  0.24639334  -9.796922
-0.011116649  0.29587492  -10.044662
-0.041083455  0.3541123  -10.271796
-0.14145117  0.39612174  -10.467349
-0.28026685  0.3979763  -10.627243
-0.41373488  0.37631372  -10.702316
-0.5046747  0.34713507  -10.665444
-0.5655702  0.30877087  -10.557265
-0.6178444  0.2523309  -10.462037
-0.6747837  0.18250209  -10.412445
-0.728504  0.10752752  -10.367336
-0.7608037  0.030760044  -10.282878
-0.73794866  -0.019380577  -10.128011
-0.65133935  -0.0041791922  -9.911849
-0.5208183  0.062083255  -9.666741
-0.38989213  0.13313822  -9.432059
-0.28687063  0.165673  -9.254605
-0.22373651  0.16814947  -9.152474
-0.18588619  0.15633279  -9.096505
-0.16014022  0.14437874  -9.06177
-0.13858096  0.14679222  -9.027459
-0.119461566  0.15528063  -9.01327
-0.09778172  0.15529215  -9.028993
-0.06824996  0.15325294  -9.082438
-0.036783706  0.15848492  -9.194823
-0.016498497  0.18254793  -9.373888
-0.005556938  0.22307575  -9.61964
0.009805  0.26897013  -9.892264
0.032480773  0.31568438  -10.146745
0.04147981  0.34553978  -10.343156
-0.009429893  0.3470404  -10.485111
-0.12322423  0.3066601  -10.601514
-0.26020238  0.24432993  -10.6781645
-0.36538637  0.20480882  -10.683221
-0.42675528  0.2122875  -10.585614
-0.46635887  0.23670642  -10.443261
-0.51278824  0.24193232  -10.294911
-0.5466781  0.2108287  -10.16925
-0.5402592  0.17316307  -10.034029
-0.45832434  0.15144493  -9.864452
-0.34120312  0.16430919  -9.662064
-0.23421216  0.18719213  -9.478377
-0.17052509  0.20220096  -9.348156
-0.13505661  0.20903641  -9.258586
-0.11087948  0.21822691  -9.177524
-0.08594501  0.2385302  -9.101322
-0.059146654  0.2644058  -9.058469
-0.034621075  0.28886068  -9.066648
-0.02035111  0.3040787  -9.135703
-0.01868295  0.31450066  -9.260994
-0.020819806  0.331023  -9.443891
-0.014234115  0.3553408  -9.659419
0.0016048461  0.38114336  -9.878426
0.024728157  0.4035258  -10.082948
0.027903521  0.4256387  -10.264694
-0.014083949  0.43142757  -10.438744
-0.10987833  0.4010028  -10.572422
-0.23686647  0.340528  -10.671669
-0.35874125  0.2846699  -10.714867
-0.46322775  0.24383993  -10.722568
-0.5370442  0.20452674  -10.699864
-0.56924385  0.14217572  -10.646579
-0.5563044  0.046340022  -10.533647
-0.5311459  -0.060211703  -10.362702
-0.519556  -0.13842005  -10.146277
-0.522717  -0.14927852  -9.9105425
-0.49729693  -0.09231617  -9.656281
-0.42637256  0.008451329  -9.374065
-0.32395938  0.11547855  -9.116897
-0.23804946  0.18875039  -8.939865
-0.20412095  0.21437883  -8.887834
-0.2185059  0.21997018  -8.909991
-0.24337846  0.23204313  -8.940328
-0.2513753  0.2619513  -8.955701
-0.23932135  0.30042815  -8.982406
-0.23225982  0.35414085  -9.0591955
-0.24172367  0.4154811  -9.210635
-0.26898715  0.4672673  -9.4446945
-0.29064938  0.48447213  -9.764618
-0.32403243  0.46433696  -10.103028
-0.37155256  0.38714138  -10.406203
-0.4470917  0.25192156  -10.6534195
-0.51609486  0.096930675  -10.843913
-0.564668  -0.01580332  -10.958056
-0.6054762  -0.0563241  -10.983212
-0.65443647  -0.06800107  -10.946584
-0.7139023  -0.088763006  -10.868051
-0.7764187  -0.12893622  -10.745191
-0.8390177  -0.17032723  -10.584828
-0.9016127  -0.20142226  -10.3913965
-0.9339133  -0.22554886  -10.172526
-0.90918654  -0.23791663  -9.906303
-0.82760257  -0.23317145  -9.643787
-0.71589017  -0.21776748  -9.4123125
-0.60228205  -0.204679  -9.258366
-0.50214785  -0.19382109  -9.154771
-0.4396861  -0.16865116  -9.074214
-0.41593456  -0.11543969  -9.007575
-0.40468255  -0.03148714  -8.970923
-0.3811891  0.06317995  -8.992139
-0.3573397  0.13704686  -9.095451
-0.36045632  0.16744809  -9.306875
-0.37555668  0.17165875  -9.622616
-0.369301  0.17959999  -9.973798
-0.36689207  0.1903593  -10.260774
-0.41331318  0.14640576  -10.494835
-0.48688105  0.03318794  -10.703841
-0.5382666  -0.10821307  -10.866311
-0.55780107  -0.21355017  -10.937331
-0.5769152  -0.28559732  -10.912158
-0.5969117  -0.36067125  -10.857468
-0.5842802  -0.46671328  -10.789073
-0.5301886  -0.59164107  -10.69099
-0.45346943  -0.698106  -10.530976
-0.39405265  -0.74724436  -10.26297
-0.3458813  -0.7322523  -9.935054
-0.30326438  -0.6393523  -9.604817
-0.24485241  -0.4778314  -9.306578
-0.19829464  -0.29629263  -9.053408
-0.17724848  -0.16076933  -8.876225
-0.17642112  -0.098846875  -8.794631
-0.18017125  -0.07128161  -8.788787
-0.1747327  -0.040750265  -8.8202505
-0.16052946  0.0067051784  -8.882247
-0.14600497  0.060792953  -8.9708395
-0.13859275  0.10514724  -9.106969
-0.14509831  0.13770755  -9.3167925
-0.15000875  0.17207645  -9.580342
-0.12534998  0.19195104  -9.8406
-0.069504686  0.16846223  -10.061173
-0.026413703  0.075555936  -10.246587
-0.0049458896  -0.062383827  -10.423375
0.0017620935  -0.19608127  -10.578224
0.013507284  -0.29673055  -10.699268
-0.0028690163  -0.37361965  -10.78777
-0.056098673  -0.44671473  -10.844906
-0.116640925  -0.5162623  -10.855802
-0.14749216  -0.5612462  -10.767268
-0.15510434  -0.5788705  -10.549108
-0.17173566  -0.58802503  -10.239421
-0.18381822  -0.59215593  -9.937008
-0.14914264  -0.550555  -9.66544
-0.079846345  -0.45551124  -9.409724
-0.01176487  -0.34717488  -9.188404
0.049386874  -0.28069127  -9.040031
0.1167262  -0.24983792  -8.988334
0.16805352  -0.21893358  -8.977412
0.16166864  -0.16713737  -8.98685
0.11894417  -0.10286501  -9.005516
0.09063885  -0.04367167  -9.068393
0.08817024  -0.002357249  -9.221615
0.09368265  0.023849495  -9.481869
0.087091945  0.03724564  -9.795891
0.06812671  0.023180718  -10.0977335
0.020626508  -0.04486294  -10.367475
-0.04132604  -0.1410132  -10.574916
-0.09849615  -0.22628473  -10.689054
-0.1227776  -0.28008294  -10.682843
-0.12736304  -0.33879983  -10.620978
-0.12163005  -0.4319187  -10.579934
-0.09965449  -0.5489561  -10.586627
-0.05622473  -0.65212226  -10.572554
-0.0019539488  -0.7141542  -10.459044
0.04065245  -0.7362483  -10.234834
0.051728893  -0.71358067  -9.950873
0.022697395  -0.6404917  -9.667045
-0.016863681  -0.5114081  -9.415603
-0.05967475  -0.36753678  -9.219723
-0.09064779  -0.2514011  -9.095829
-0.12559071  -0.17748596  -9.024367
-0.1520923  -0.12257645  -8.974876
-0.16805415  -0.065094285  -8.935804
-0.18186794  -0.0010203788  -8.915053
-0.19829212  0.05319385  -8.944968
-0.2106554  0.08481086  -9.057982
-0.20797293  0.09692997  -9.276198
-0.1934843  0.10458348  -9.568084
-0.19250911  0.11245161  -9.856323
-0.18179186  0.072928965  -10.11719
-0.12545596  -0.04079641  -10.369552
-0.03554268  -0.19135116  -10.608044
0.052203286  -0.29911265  -10.764336
0.10080529  -0.34114385  -10.786807
0.12817001  -0.3667879  -10.731327
0.13349588  -0.41816708  -10.67015
0.11755642  -0.49234048  -10.621073
0.09311  -0.5631008  -10.5414
0.07086865  -0.6162214  -10.389833
0.052053098  -0.6438818  -10.168954
0.039652664  -0.6360684  -9.90891
0.06346082  -0.56821173  -9.621175
0.1192238  -0.4706801  -9.354846
0.19598894  -0.38800502  -9.172635
0.26474798  -0.35009524  -9.108803
0.3351371  -0.3246434  -9.11189
0.40356675  -0.28170675  -9.117889
0.443741  -0.21985263  -9.100352
0.44076225  -0.1618181  -9.0914
0.4080449  -0.12345341  -9.131249
0.37551352  -0.10708583  -9.256318
0.3483286  -0.09746391  -9.474169
0.3279157  -0.07565399  -9.761306
0.30100155  -0.05454822  -10.062295
0.27681327  -0.05800216  -10.346813
0.23985212  -0.11924232  -10.59003
0.20064215  -0.21574672  -10.776202
0.1564212  -0.31007084  -10.852001
0.12150767  -0.37064433  -10.80115
0.10279069  -0.41775575  -10.690465
0.119099475  -0.47687706  -10.587132
0.17375137  -0.55175567  -10.505101
0.24625254  -0.62406904  -10.392351
0.30555353  -0.6744077  -10.218326
0.3482635  -0.6850803  -10.004328
0.35154414  -0.61935455  -9.761226
0.29534876  -0.47649804  -9.49546
0.19878043  -0.31163356  -9.251235
0.09906429  -0.1996658  -9.09759
0.039365422  -0.15541792  -9.074936
0.013988391  -0.12905139  -9.113639
0.012621547  -0.07851758  -9.149526
0.008853175  -0.0045003714  -9.155241
-0.010579579  0.06487601  -9.163836
-0.029920131  0.113968395  -9.206239
-0.027580628  0.14343944  -9.307083
-0.010788697  0.16753995  -9.472234
-0.0047703073  0.19815755  -9.692025
-0.022383666  0.22420244  -9.935806
-0.035432763  0.21385342  -10.171498
-0.01637897  0.14192124  -10.373845
0.017132249  0.02723453  -10.516358
0.030387  -0.08007785  -10.582291
0.030646764  -0.1448312  -10.56375
0.049260605  -0.17635357  -10.496167
0.08647945  -0.21082765  -10.4229965
0.11430352  -0.27944592  -10.377391
0.13124758  -0.38179016  -10.3575535
0.14813457  -0.49215737  -10.308984
0.17027022  -0.5664781  -10.2087755
0.18031722  -0.57208896  -10.019687
0.19068263  -0.49014887  -9.759121
0.20440356  -0.3613262  -9.463759
0.23432438  -0.24872047  -9.230523
0.26835987  -0.198987  -9.127284
0.3014426  -0.19043855  -9.112008
0.32419565  -0.17791128  -9.124634
0.3264772  -0.14291768  -9.130143
0.30951053  -0.10083109  -9.170209
0.29087856  -0.072948694  -9.253337
0.28389233  -0.06470662  -9.376138
0.29566184  -0.06164956  -9.525033
0.30880472  -0.042466145  -9.697133
0.3111302  6.339321E-4  -9.887569
0.29743725  0.04460519  -10.063374
0.27584806  0.03772788  -10.227794
0.2535574  -0.046107363  -10.401115
0.22391556  -0.17057873  -10.542583
0.1852424  -0.2746524  -10.603103
0.156245  -0.33092126  -10.54247
0.1534996  -0.3708527  -10.439648
0.17620663  -0.42299214  -10.351631
0.2134103  -0.4980755  -10.296993
0.25874558  -0.58784693  -10.247745
0.30075136  -0.65759724  -10.167884
0.31028384  -0.66143614  -10.030974
0.27633247  -0.5780912  -9.837058
0.22169363  -0.44630393  -9.6264305
0.18087156  -0.32400844  -9.446435
0.15334935  -0.24686128  -9.340458
0.117569685  -0.2052824  -9.302924
0.0760572  -0.17109  -9.298626
0.048941422  -0.12425065  -9.296165
0.03450321  -0.064410634  -9.270684
0.010942099  -0.0036310942  -9.2471895
-0.022478716  0.05059484  -9.235971
-0.046004917  0.09421904  -9.268718
-0.048196882  0.122811735  -9.368299
-0.044391423  0.13981432  -9.555203
-0.054300305  0.15625645  -9.807159
-0.0742876  0.18044184  -10.05539
-0.09126216  0.17874753  -10.249472
-0.08698535  0.10835004  -10.41438
-0.080810085  -0.0128749125  -10.5580435
-0.07678337  -0.118894  -10.6322975
-0.07955117  -0.1616904  -10.588683
-0.080405176  -0.17790055  -10.470757
-0.0891638  -0.22048998  -10.373974
-0.10129714  -0.31143025  -10.322099
-0.11039763  -0.42313424  -10.277745
-0.1116716  -0.50502443  -10.205707
-0.10908338  -0.50350577  -10.071696
-0.108395584  -0.40938863  -9.853155
-0.091403574  -0.28210503  -9.622504
-0.045461804  -0.18989027  -9.447478
0.011877701  -0.15200889  -9.380057
0.04443668  -0.13181688  -9.350332
0.04387786  -0.098721206  -9.322128
0.03438262  -0.044846788  -9.277524
0.031311575  0.014949847  -9.2330475
0.03434212  0.062563986  -9.2196665
0.03743191  0.08841405  -9.260283
0.041986525  0.10198661  -9.357562
0.045008186  0.117759906  -9.502668
0.044260163  0.1433964  -9.682122
0.044751883  0.17545201  -9.885882
0.058337014  0.21373272  -10.092377
0.06980278  0.23340642  -10.28309
0.06111498  0.21390682  -10.446362
0.014917988  0.14622523  -10.56257
-0.03269008  0.059930474  -10.607083
-0.06203639  -0.01335059  -10.5684
-0.07116158  -0.06213918  -10.463141
-0.07175272  -0.10460023  -10.338093
-0.046456505  -0.1612115  -10.217525
0.019880986  -0.24186122  -10.121608
0.109030746  -0.3333511  -10.065127
0.17788519  -0.37905213  -10.036988
0.18796265  -0.32549873  -9.952818
0.15310144  -0.18917163  -9.77418
0.101296104  -0.05078956  -9.550533
0.062278043  0.023652194  -9.398744
0.042389076  0.05749664  -9.337349
0.0402223  0.09430773  -9.304566
0.0355057  0.15616989  -9.253942
0.014352721  0.22234924  -9.199704
-0.008842501  0.262574  -9.190962
-0.008334377  0.26586697  -9.248979
0.0151008265  0.24969476  -9.367984
0.019815868  0.2458437  -9.511982
-0.017856399  0.272411  -9.665889
-0.06508956  0.32590356  -9.818123
-0.07602195  0.37986395  -9.964916
-0.05394644  0.393963  -10.099492
-0.033734225  0.33332166  -10.236246
-0.023461247  0.21456003  -10.365831
-0.003401974  0.08571371  -10.453396
0.028273867  -0.009415734  -10.468579
0.049065784  -0.07618273  -10.431777
0.0499808  -0.14021343  -10.378065
0.03806171  -0.2201659  -10.328261
0.024275059  -0.30932075  -10.264714
0.0054253708  -0.39478126  -10.1692
-0.005658491  -0.43970194  -10.0226755
-0.0023752537  -0.4237572  -9.82851
0.03213467  -0.35064638  -9.623993
0.074203245  -0.26629353  -9.467889
0.11143601  -0.21307272  -9.4049835
0.13673413  -0.20170335  -9.4208975
0.1609724  -0.20526232  -9.454747
0.175632  -0.19518615  -9.466483
0.16793747  -0.15381654  -9.43364
0.13748719  -0.09400437  -9.362853
0.100188114  -0.045153577  -9.291677
0.067804515  -0.027878642  -9.2760725
0.048099864  -0.04093179  -9.369582
0.041988116  -0.054121222  -9.567547
0.042111527  -0.04447928  -9.813455
0.024953313  -0.03480288  -10.041172
-0.0028666633  -0.057584736  -10.226235
-0.026365079  -0.14731006  -10.392104
-0.03715067  -0.2737812  -10.530797
-0.06036167  -0.3887159  -10.600124
-0.106981516  -0.45092717  -10.566128
-0.1461126  -0.46917439  -10.458976
-0.1283481  -0.48325214  -10.339832
-0.051236186  -0.5340475  -10.253762
0.03117462  -0.63103104  -10.206063
0.058405668  -0.7400724  -10.171174
0.029406494  -0.8030742  -10.110802
-0.026025802  -0.7759177  -9.991904
-0.097050875  -0.6759724  -9.819171
-0.17125212  -0.5494333  -9.652964
-0.23719831  -0.4676915  -9.556107
-0.26663515  -0.42093632  -9.531062
-0.27317622  -0.40174043  -9.521804
-0.27319163  -0.36513516  -9.488798
-0.27676162  -0.33291802  -9.446744
-0.28463224  -0.29443324  -9.415657
-0.28647682  -0.26430455  -9.415051
-0.28221488  -0.2363981  -9.446427
-0.27152407  -0.21167378  -9.506748
-0.25352216  -0.19422114  -9.593484
-0.23193268  -0.18007942  -9.69185
-0.21318622  -0.17976208  -9.8042
-0.22590713  -0.17966561  -9.916175
-0.2679114  -0.17333089  -10.025113
-0.3113265  -0.14023009  -10.129536
-0.34101114  -0.12885416  -10.229371
-0.3453556  -0.16395837  -10.316589
-0.32644978  -0.2700833  -10.387246
-0.2718447  -0.39646825  -10.413372
-0.1989286  -0.51686144  -10.369296
-0.1384012  -0.6218608  -10.246888
-0.09672999  -0.69094914  -10.083838
-0.073429525  -0.71107244  -9.9187765
-0.03860496  -0.67646116  -9.778548
0.009377416  -0.6223324  -9.674897
0.05448923  -0.5810563  -9.635712
0.073744595  -0.57496196  -9.675576
0.06977471  -0.5941414  -9.760108
0.04718079  -0.6222274  -9.832263
-0.0019648075  -0.6223238  -9.828734
-0.06956238  -0.60948306  -9.784087
-0.107821345  -0.60354066  -9.7343
-0.09200124  -0.63243574  -9.724101
-0.0489236  -0.67824525  -9.736843
-0.0064320923  -0.71526664  -9.786482
0.019705703  -0.75347257  -9.8576765
0.056767255  -0.77139854  -9.944447
0.08842797  -0.7844636  -10.017192
0.10545987  -0.77371675  -10.090955
0.1033063  -0.7750929  -10.152125
0.101943545  -0.78089666  -10.184541
0.1058158  -0.7982633  -10.184321
0.10350434  -0.81837493  -10.158791
0.082243085  -0.84377027  -10.114558
0.06759901  -0.87805444  -10.062043
0.08133269  -0.9097602  -10.017709
0.0949615  -0.9334833  -9.990788
0.104214735  -0.93961126  -9.969565
0.11025271  -0.94243264  -9.956899
0.13525002  -0.9551082  -9.930053
0.15364516  -0.9976952  -9.87682
0.16150485  -1.0227852  -9.799938
0.15950836  -1.0049038  -9.734443
0.15504982  -0.9092443  -9.674118
0.12202755  -0.79021025  -9.6174
0.06084445  -0.6923159  -9.591201
7.780455E-5  -0.6372425  -9.626144
-0.035658848  -0.60842866  -9.708584
-0.044936653  -0.58187896  -9.796556
-0.05428855  -0.54127926  -9.837573
-0.07187825  -0.48708034  -9.820686
-0.08255738  -0.42381442  -9.769791
-0.06736375  -0.36536923  -9.709243
-0.03437752  -0.32533076  -9.674655
-0.0024730489  -0.29792702  -9.656765
0.023202116  -0.2899026  -9.693374
0.055811096  -0.27175382  -9.751853
0.08233576  -0.23301701  -9.809314
0.08561776  -0.16782866  -9.837571
0.06545897  -0.10639543  -9.858487
0.043498028  -0.070631556  -9.872861
0.02837269  -0.049415093  -9.889049
0.004440066  -0.034018524  -9.875698
-0.029048277  -0.024500981  -9.849445
-0.04171733  -0.020179445  -9.807311
-0.029564321  -0.014758102  -9.770294
-0.009166405  0.0049953084  -9.74579
0.0071733505  0.020980334  -9.737002
0.021467837  0.032009985  -9.762212
0.05398946  0.0351691  -9.81902
0.082650416  0.04263258  -9.887674
0.07477492  0.049339693  -9.935711
0.05686522  0.05558507  -9.952175
0.03418767  0.06584365  -9.946092
0.038885035  0.08082699  -9.92518
0.04333411  0.09775724  -9.910968
0.04064025  0.11139541  -9.906552
0.019158142  0.12575  -9.913163
-0.013730695  0.15605411  -9.89218
-0.04412739  0.18701495  -9.860046
-0.05031058  0.20886113  -9.833676
-0.034964826  0.21539849  -9.825747
-0.009224758  0.21426332  -9.818686
0.01697281  0.20510973  -9.805715
0.040041376  0.18648416  -9.796132
0.057993203  0.17167091  -9.798244
0.06921605  0.16801353  -9.816059
0.07680245  0.17085882  -9.838489
0.074506514  0.17365599  -9.868489
0.04939929  0.18043822  -9.897029
-0.0023433177  0.19363248  -9.932538
-0.049469385  0.21360302  -9.9624405
-0.07454794  0.2323793  -9.981697
-0.08966178  0.24311228  -9.997505
-0.11003393  0.24796258  -10.000779
-0.12757112  0.25241926  -9.982575
-0.13280644  0.26046193  -9.944614
-0.12940048  0.26591763  -9.898454
-0.13549294  0.2559075  -9.877048
-0.14320116  0.23753786  -9.883771
-0.16545679  0.21624076  -9.901896
-0.19099033  0.2047983  -9.913342
-0.21783848  0.19974412  -9.9078865
-0.2362357  0.19694336  -9.9042425
-0.24661236  0.18671846  -9.904416
-0.26420143  0.17197414  -9.907759
-0.29463276  0.15536998  -9.915285
-0.32929942  0.145483  -9.929264
-0.35540485  0.13627833  -9.954238
-0.36412248  0.12610488  -9.982538
-0.36657643  0.114524364  -10.001934
-0.3710966  0.10452817  -10.004261
-0.3811833  0.094194144  -10.007375
-0.38480678  0.08352999  -10.010066
-0.37823597  0.06651657  -10.028937
-0.37448105  0.048456773  -10.044089
-0.39480615  0.033879645  -10.057086
-0.43871626  0.025655754  -10.056792
-0.4817818  0.02748581  -10.047059
-0.5012736  0.039515924  -10.027023
-0.49306524  0.06138124  -9.985541
-0.46221828  0.07643571  -9.931455
-0.41153017  0.07653582  -9.880911
-0.34555078  0.06767935  -9.838544
-0.2688144  0.06232637  -9.800602
-0.18400519  0.060080286  -9.762853
-0.089021415  0.058153987  -9.732326
-2.3615919E-4  0.058459397  -9.698409
0.060457647  0.06975303  -9.656213
0.09673508  0.09376713  -9.61609
0.1276681  0.121786125  -9.604615
0.16027144  0.1447025  -9.63918
0.17677484  0.14953108  -9.70407
0.17447406  0.1389813  -9.777714
0.16788383  0.124694705  -9.831223
0.16739218  0.120577216  -9.85263
0.17562883  0.1262884  -9.848884
0.18524675  0.13213517  -9.837498
0.19295923  0.134541  -9.82977
0.20184503  0.13864918  -9.817791
0.21410143  0.1436113  -9.799758
0.23511226  0.14294378  -9.788067
0.26075542  0.13163058  -9.794277
0.2930856  0.11059614  -9.807893
0.32773542  0.08699908  -9.8182335
0.3596015  0.0660277  -9.806294
0.38332343  0.053435218  -9.774148
0.40116337  0.044864103  -9.722543
0.42288172  0.04394832  -9.65911
0.448035  0.049093705  -9.605303
0.4733359  0.053842764  -9.579358
0.49881998  0.049702138  -9.591477
0.53160834  0.03430331  -9.63028
0.57640743  0.02646848  -9.681302
0.6200624  0.03084662  -9.733499
0.6464312  0.043315213  -9.779434
0.64506274  0.05692554  -9.819762
0.6190495  0.07628736  -9.856326
0.5755759  0.105848216  -9.88631
0.52589875  0.1346928  -9.909042
0.47665584  0.14744426  -9.930539
0.42821375  0.1450312  -9.947391
0.3780116  0.13743697  -9.960092
0.3296384  0.13179041  -9.966021
0.2906778  0.12546402  -9.9703455
0.26699224  0.11666626  -9.969311
0.25499144  0.1111413  -9.960143
0.25018695  0.11116123  -9.945087
0.2526383  0.12925749  -9.926491
0.26172426  0.16462763  -9.901615
0.27647445  0.21271925  -9.879788
0.29208675  0.25269336  -9.871036
0.31081963  0.28185746  -9.888062
0.33302438  0.3049239  -9.921559
0.35615325  0.3295051  -9.96362
0.37207222  0.35053492  -9.998677
0.37587464  0.36743414  -10.011192
0.3656268  0.3836093  -9.978237
0.34311914  0.40848628  -9.896453
0.30964553  0.44099835  -9.796435
0.2699027  0.47041026  -9.718764
0.23102832  0.48776343  -9.698564
0.19988345  0.48876056  -9.737831
0.18004961  0.4873527  -9.823993
0.17207144  0.48638436  -9.928584
0.17377764  0.4902371  -10.017619
0.17875616  0.49890265  -10.066026
0.18011121  0.5150247  -10.071267
0.17292584  0.54198664  -10.042184
0.15352674  0.568538  -9.986504
0.124679066  0.5854893  -9.924471
0.09341744  0.5897335  -9.878871
0.0710836  0.58476  -9.863146
0.061008167  0.5778677  -9.865043
0.060967106  0.5658975  -9.87217
0.06297943  0.54852176  -9.882699
0.060351267  0.5301235  -9.8932905
0.0522964  0.51184136  -9.902354
0.040381376  0.49011075  -9.907321
0.027144527  0.45890084  -9.912778
0.010054863  0.42099404  -9.917847
-0.009641352  0.3875109  -9.917369
-0.027770407  0.3608509  -9.906376
-0.037890505  0.33916327  -9.887793
-0.038436558  0.3135155  -9.8716955
-0.032734193  0.286093  -9.866295
-0.026561737  0.25858316  -9.86301
-0.025760978  0.23430806  -9.85432
-0.035452977  0.20857637  -9.833096
-0.05553022  0.17934279  -9.8089485
-0.08197034  0.14867294  -9.7826395
-0.1054071  0.12548727  -9.761323
-0.11706444  0.11525124  -9.752805
-0.11145896  0.117643155  -9.771321
-0.086355805  0.122586496  -9.8211775
-0.05062377  0.12705077  -9.883954
-0.015134136  0.1328622  -9.933164
0.009788358  0.14246053  -9.950351
0.021360276  0.15562485  -9.935295
0.023331406  0.16513358  -9.900155
0.01870762  0.17035061  -9.855629
0.010232396  0.16788435  -9.815057
-2.5185887E-4  0.16052313  -9.785187
-0.009282117  0.14992873  -9.771671
-0.009027143  0.13686885  -9.775345
0.004084231  0.12201539  -9.795295
0.02501826  0.106018476  -9.818448
0.045069247  0.09321933  -9.836082
0.056857478  0.082000464  -9.84412
0.06252608  0.06907002  -9.85291
0.061731573  0.05209419  -9.865674
0.057983924  0.032692585  -9.879696
0.055308208  0.012844805  -9.890523
0.061918244  -0.008242705  -9.901703
0.07234926  -0.027489314  -9.915517
0.073289044  -0.037100244  -9.926278
0.056677163  -0.03343743  -9.927211
0.027579501  -0.020428048  -9.912063
-0.0022436369  -0.0046598134  -9.883063
-0.026782678  0.012935993  -9.845153
-0.039916996  0.03233138  -9.816188
-0.043832377  0.052653182  -9.803721
-0.041447725  0.071194135  -9.80687
-0.038149897  0.09208035  -9.816879
-0.031881347  0.112077035  -9.829053
-0.022610871  0.12981097  -9.8388405
-0.012939221  0.1404779  -9.841027
-0.00929608  0.14533316  -9.837191
-0.014136205  0.14324014  -9.833083
-0.024990618  0.1353817  -9.833055
-0.037110772  0.12473065  -9.836062
-0.045379218  0.113059126  -9.840697
-0.048410833  0.105606355  -9.847805
-0.046494946  0.10242939  -9.85786
-0.04083473  0.10485426  -9.868848
-0.033553775  0.112178184  -9.876082
-0.02649448  0.120882146  -9.875531
-0.021827988  0.1304092  -9.868014
-0.021165602  0.13921957  -9.858223
-0.026563318  0.15228856  -9.846611
-0.040355712  0.17262197  -9.829899
-0.06099366  0.19831367  -9.803853
-0.08036085  0.22132456  -9.776232
-0.09172026  0.23223104  -9.759093
-0.09478712  0.23139925  -9.757796
-0.09834209  0.2243324  -9.7649355
-0.10589575  0.21829943  -9.770908
-0.11650023  0.21590848  -9.772782
-0.12755725  0.22022372  -9.76892
-0.1431738  0.23507363  -9.755912
-0.1567346  0.258653  -9.736758
-0.15574704  0.2799566  -9.722613
-0.13239314  0.28813422  -9.72134
-0.096623324  0.27719483  -9.74039
-0.06674532  0.25311294  -9.779412
-0.053946506  0.22811115  -9.827365
-0.057449427  0.2128572  -9.858781
-0.06703978  0.2105773  -9.862537
-0.07498432  0.22005801  -9.847892
-0.077318706  0.23957767  -9.831557
-0.071341135  0.2713903  -9.820952
-0.050176073  0.31282988  -9.8196745
-0.01242428  0.35386124  -9.828763
0.0322156  0.37951565  -9.843595
0.06665903  0.3825685  -9.856116
0.08036423  0.3694836  -9.86445
0.07620838  0.35268474  -9.871272
0.06300262  0.34059235  -9.875186
0.04956156  0.33420214  -9.868934
0.040843558  0.33726326  -9.853007
0.044543143  0.34970066  -9.835577
0.065806866  0.36694312  -9.825017
0.10298464  0.38502994  -9.823201
0.14773743  0.39629695  -9.824258
0.19340098  0.39814463  -9.828099
0.23722927  0.3837477  -9.836366
0.27753386  0.35421738  -9.851067
0.30724832  0.31332374  -9.870534
0.31977093  0.2691053  -9.89141
0.31385857  0.22898875  -9.90165
0.29689834  0.1974567  -9.902888
0.27754566  0.17355506  -9.894583
0.26217926  0.15651993  -9.886955
0.24994652  0.14607483  -9.874936
0.24208657  0.13905106  -9.867053
0.2356187  0.12875018  -9.870548
0.22743213  0.110939614  -9.885705
0.21128772  0.09006449  -9.898895
0.186535  0.07193333  -9.903245
0.15715715  0.05817006  -9.901363
0.12956773  0.04490557  -9.898087
0.10833012  0.027316576  -9.894969
0.09112829  0.0048451386  -9.890986
0.0705251  -0.02691356  -9.884106
0.04408658  -0.07039097  -9.879337
0.008963799  -0.13236278  -9.87914
-0.039602954  -0.20759231  -9.883429
-0.10860178  -0.29083216  -9.885806
-0.1941104  -0.36881113  -9.888912
-0.2779504  -0.43018612  -9.896798
-0.34285393  -0.46675453  -9.90891
-0.38104403  -0.48336172  -9.918027
-0.399438  -0.49307108  -9.916591
-0.40724316  -0.50486255  -9.90649
-0.41152522  -0.52244145  -9.893695
-0.41729507  -0.5487418  -9.884733
-0.4326333  -0.5860556  -9.879235
-0.4613048  -0.6311257  -9.877362
-0.50196916  -0.67904824  -9.878441
-0.54585  -0.7203179  -9.884858
-0.5861717  -0.7517566  -9.895713
-0.61611325  -0.7694399  -9.908435
-0.63308746  -0.7774077  -9.916843
-0.6322296  -0.77543813  -9.921174
-0.6130712  -0.7623351  -9.921412
-0.5787243  -0.7387604  -9.92223
-0.5390776  -0.70800185  -9.914672
-0.5014444  -0.67878944  -9.898873
-0.46838441  -0.6535857  -9.879888
-0.43516502  -0.6337117  -9.87121
-0.40157035  -0.6178671  -9.870002
-0.3635411  -0.6028603  -9.869162
-0.32156333  -0.5860473  -9.864796
-0.27183926  -0.5678142  -9.866179
-0.2174487  -0.55111766  -9.872532
-0.16007072  -0.53681356  -9.87763
-0.104084216  -0.52145296  -9.873046
-0.050865006  -0.5059201  -9.863625
-0.0022450543  -0.49402466  -9.856686
0.044033904  -0.48625222  -9.8572235
0.086412586  -0.47945192  -9.860988
0.12822202  -0.46602407  -9.865928
0.175499  -0.44254732  -9.872478
0.23590879  -0.40882194  -9.884074
0.3098384  -0.3687226  -9.899386
0.3849227  -0.32481882  -9.919356
0.45188752  -0.278342  -9.942946
0.50291234  -0.22486056  -9.9642315
0.5378907  -0.16225141  -9.974698
0.55465347  -0.08902628  -9.970553
0.55192804  -0.00936588  -9.958739
0.5355902  0.07274642  -9.942885
0.5124175  0.15256287  -9.920767
0.48821914  0.22735381  -9.889096
0.4666904  0.29566357  -9.857577
0.4517208  0.3574903  -9.836114
0.44419965  0.41322517  -9.829474
0.43837127  0.46368816  -9.8327675
0.42903304  0.5101682  -9.849364
0.41400552  0.55231076  -9.879021
0.39225033  0.5892537  -9.913885
0.36435017  0.618362  -9.938606
0.3317859  0.6375837  -9.94668
0.2965835  0.6495186  -9.938153
0.256188  0.65759176  -9.916527
0.20994163  0.66503793  -9.8900175
0.16549493  0.6768351  -9.869971
0.12769358  0.6960327  -9.859486
0.10127977  0.7203681  -9.853442
0.08048443  0.74501014  -9.850036
0.062185973  0.76764387  -9.855491
0.039726935  0.7911375  -9.866624
0.012102686  0.81393033  -9.876277
-0.021306759  0.8339834  -9.875588
-0.0585306  0.8519748  -9.866352
-0.09430527  0.8685126  -9.853601
-0.122082435  0.8839357  -9.845527
-0.13796015  0.89276844  -9.846169
-0.14966905  0.8932627  -9.852395
-0.1648541  0.88466644  -9.856221
-0.18860692  0.87035424  -9.850024
-0.21572487  0.8489  -9.8263855
-0.24115022  0.82321995  -9.788673
-0.25962463  0.7893093  -9.750804
-0.27119792  0.74844855  -9.728172
-0.27367544  0.69754976  -9.725818
-0.2631599  0.63757616  -9.736439
-0.24152334  0.57230526  -9.759584
-0.21407847  0.5107793  -9.795669
-0.18751597  0.45764837  -9.841439
-0.1644264  0.41175988  -9.880916
-0.14824243  0.3669021  -9.902312
-0.14184202  0.3227651  -9.9020405
-0.14284594  0.27965423  -9.887971
-0.14657418  0.23757239  -9.863767
-0.15231033  0.19807005  -9.833787
-0.15885185  0.16258344  -9.805045
-0.16434813  0.13470475  -9.78819
-0.16365571  0.11533507  -9.788556
-0.15606463  0.10651526  -9.804756
-0.14112224  0.106440805  -9.828696
-0.12087878  0.11076487  -9.849683
-0.10480898  0.112126134  -9.858373
-0.09845555  0.10601991  -9.855625
-0.10312281  0.09403431  -9.849778
-0.11025623  0.07838017  -9.844129
-0.11761037  0.05952801  -9.834243
-0.12529127  0.038956314  -9.8227625
-0.13107525  0.021008067  -9.815231
-0.12913005  0.0092694545  -9.819489
-0.1198119  0.0020715196  -9.832156
-0.11127255  -0.0019517587  -9.845108
-0.10950976  -0.00336889  -9.848596
-0.11257524  -4.6821055E-4  -9.841221
-0.11430823  0.0045529106  -9.827996
-0.117996864  0.0114251645  -9.811204
-0.12465411  0.017363247  -9.79416
-0.13212271  0.023755172  -9.783332
-0.13472076  0.029350972  -9.78299
-0.13189226  0.032228757  -9.790232
-0.12678343  0.03140558  -9.803161
-0.120454095  0.026419705  -9.821514
-0.118623726  0.02308903  -9.846909
-0.1242776  0.020522827  -9.870481
-0.13835837  0.02132985  -9.888579
-0.1576602  0.030202666  -9.903319
-0.17828602  0.051264983  -9.924538
-0.19412732  0.087171845  -9.968642
-0.20592536  0.13887577  -10.029957
-0.22312452  0.21177362  -10.09555
-0.25206816  0.2969823  -10.136294
-0.282683  0.3743504  -10.153989
-0.30059412  0.4283816  -10.156411
-0.30403513  0.46620092  -10.161895
-0.29831508  0.50021094  -10.172036
-0.28517488  0.5325715  -10.181776
-0.27129295  0.56106037  -10.1752205
-0.26446065  0.59575623  -10.144774
-0.2600949  0.6391868  -10.098344
-0.24530804  0.6912945  -10.048805
-0.21464805  0.7391266  -10.001874
-0.18328805  0.77782315  -9.939982
-0.15483016  0.81569093  -9.867944
-0.11041971  0.8610408  -9.807864
-0.04717934  0.9051377  -9.780164
0.018247679  0.9221676  -9.759589
0.08561904  0.9083795  -9.751632
0.17224343  0.8865729  -9.77353
0.27617845  0.86152405  -9.83328
0.36241582  0.8239827  -9.88293
0.41391334  0.77462345  -9.900355
0.4543319  0.72204995  -9.908305
0.4919561  0.66914916  -9.921752
0.51423305  0.6121799  -9.922809
0.520114  0.55601096  -9.912772
0.52532554  0.50869215  -9.905922
0.54119676  0.46748114  -9.9113245
0.5485461  0.4313651  -9.908418
0.53445405  0.4271023  -9.908603
0.52018625  0.38765225  -9.887496
0.51324004  0.34986305  -9.874898
0.5182345  0.27518147  -9.837106
0.5081441  0.22672157  -9.79486
0.4896573  0.16250469  -9.726493
0.46914184  0.08207792  -9.6520405
0.4591868  -0.016312487  -9.5779085
0.46191087  -0.12138053  -9.519722
0.46599624  -0.21789974  -9.47907
0.46583533  -0.29999688  -9.465417
0.45626044  -0.37369063  -9.4616585
0.4409121  -0.43802905  -9.455386
0.4157596  -0.500862  -9.447325
0.3911754  -0.56596375  -9.457803
0.3771992  -0.6478867  -9.502208
0.36984277  -0.7335543  -9.568675
0.35420132  -0.8137272  -9.634198
0.32137606  -0.8722296  -9.685368
0.2860309  -0.90843076  -9.7431345
0.24834152  -0.93943316  -9.815377
0.19236648  -0.98200434  -9.886753
0.11886894  -1.0307683  -9.943501
0.04510552  -1.0598105  -10.002828
-0.035890233  -1.0638644  -10.045193
-0.14539021  -1.058433  -10.039683
-0.27282786  -1.0407363  -9.979066
-0.37789997  -1.0003796  -9.922006
-0.44172433  -0.94411296  -9.900497
-0.488423  -0.8882966  -9.897392
-0.5294133  -0.8331259  -9.891421
-0.5567334  -0.7731541  -9.89135
-0.56630284  -0.70946676  -9.897415
-0.56956524  -0.65194106  -9.904172
-0.5749194  -0.6000797  -9.903829
-0.57517844  -0.55268055  -9.905002
-0.5561399  -0.5338382  -9.882918
-0.5320421  -0.47014034  -9.862365
-0.5072553  -0.4056846  -9.819774
-0.48993602  -0.31933752  -9.801526
-0.45391127  -0.28453383  -9.794644
-0.4227488  -0.2508843  -9.802165
-0.3993447  -0.2120414  -9.801637
-0.37429  -0.16390558  -9.799012
-0.3310998  -0.12390792  -9.8151045
-0.27654395  -0.096605115  -9.853896
-0.24598414  -0.08364522  -9.88482
-0.24144715  -0.07347346  -9.901653
-0.24412774  -0.06109112  -9.907773
-0.23601498  -0.029658085  -9.911824
-0.2221997  0.01709559  -9.903632
-0.21924895  0.06450466  -9.886112
-0.22497123  0.09117347  -9.875019
-0.23142326  0.09727287  -9.883195
-0.22990161  0.09139701  -9.906146
-0.22507584  0.079875715  -9.927604
-0.21867424  0.06723121  -9.937215
-0.20907117  0.060624003  -9.934604
-0.19959219  0.061461493  -9.9162
-0.18857537  0.070895776  -9.889346
-0.1756732  0.08600692  -9.861131
-0.15308385  0.103532754  -9.845613
-0.12490174  0.114113234  -9.84923
-0.10167486  0.11172841  -9.8579855
-0.099362254  0.10335662  -9.845696
-0.09959066  0.09639002  -9.827708
-0.093758084  0.088523306  -9.820952
-0.07345844  0.077105306  -9.8434105
-0.06083097  0.061266314  -9.866149
-0.0560306  0.050931145  -9.874158
-0.057173323  0.04606725  -9.861968
-0.057592124  0.04757212  -9.838875
-0.054231167  0.046673942  -9.825427
-0.045886237  0.035799358  -9.837189
-0.033773523  0.012992536  -9.8686495
-0.023091264  -0.0063810274  -9.898715
-0.020238733  -0.01167661  -9.912151
-0.008500607  -0.010030933  -9.924311
0.015207221  -0.012903445  -9.9480295
0.031394277  -0.02943249  -9.968673
0.023034908  -0.03885634  -9.968545
-0.0012436764  -0.03468527  -9.94178
-0.00551465  -0.012078769  -9.91953
0.014725951  0.011031837  -9.91137
0.035284303  0.023849905  -9.915023
0.04137526  0.025086762  -9.911224
0.04508892  0.022635574  -9.908271
0.06610481  0.030472629  -9.906256
0.09736669  0.04724062  -9.901713
0.12110728  0.06547657  -9.884633
0.13117145  0.077259116  -9.861588
0.13494985  0.084724985  -9.84274
0.1399677  0.09330771  -9.828828
0.14537872  0.101263165  -9.814658
0.1506654  0.10720018  -9.800888
0.15280761  0.108011164  -9.789021
0.15668906  0.107081644  -9.7846365
0.16146155  0.10390974  -9.785367
0.16419683  0.100965776  -9.782844
0.1653923  0.10137409  -9.779373
0.17547564  0.101761766  -9.7937975
0.18022549  0.10387153  -9.809092
0.17993529  0.1074994  -9.816754
0.17033477  0.11353294  -9.805039
0.16333552  0.118633814  -9.796719
0.15173472  0.11976675  -9.794454
0.13526078  0.11971552  -9.797008
0.12035642  0.11600871  -9.80614
0.106641114  0.1074568  -9.818818
0.08782768  0.09644144  -9.823714
