0.17231582  0.50094604  -9.603418
0.10428555  0.54905015  -9.505464
0.043247025  0.5412381  -9.412815
0.028408065  0.53422976  -9.35711
0.08766991  0.47923973  -9.475176
0.1909653  0.43417338  -9.686058
0.23547922  0.4072696  -9.848683
0.26628867  0.40542284  -9.92822
0.2866176  0.44728303  -9.990613
0.2825898  0.5014081  -10.015925
0.25741434  0.5507369  -10.00071
0.23619688  0.56809044  -9.959737
0.2311213  0.5662174  -9.917851
0.2341934  0.5600982  -9.874948
0.24222241  0.55666363  -9.833596
0.2503732  0.5564985  -9.8005495
0.260234  0.5515261  -9.777883
0.27075598  0.53924185  -9.760936
0.28409478  0.5190521  -9.756749
0.29448476  0.5020526  -9.761529
0.30079094  0.48877665  -9.772965
0.3075259  0.4738139  -9.785207
0.32135394  0.44962797  -9.802234
0.33990994  0.42000833  -9.815143
0.3561349  0.39389494  -9.816746
0.37178445  0.37403393  -9.808331
0.3883282  0.3587149  -9.797189
0.40582934  0.3473835  -9.791158
0.41698852  0.3393673  -9.782912
0.42067742  0.3354926  -9.77114
0.4193375  0.33464622  -9.755977
0.41513062  0.3359945  -9.741717
0.411108  0.33860192  -9.73356
0.40683833  0.3429486  -9.730477
0.40347263  0.3471501  -9.730153
0.40043077  0.3504392  -9.729932
0.40069032  0.3514371  -9.732189
0.40591112  0.3484983  -9.740629
0.4183487  0.3445541  -9.757503
0.42573652  0.3408648  -9.768345
0.42677274  0.34084442  -9.760063
0.4199674  0.34265438  -9.735828
0.4135596  0.34400567  -9.709265
0.40353847  0.3426232  -9.687777
0.39202228  0.3332299  -9.666593
0.383899  0.31963274  -9.654316
0.38216606  0.30576518  -9.658825
0.38330254  0.2990425  -9.678758
0.38326636  0.2999164  -9.703576
0.38220415  0.30155239  -9.727501
0.3792328  0.30163422  -9.747614
0.37376824  0.29994157  -9.761329
0.36474088  0.30090106  -9.7678795
0.35413933  0.30334917  -9.771241
0.34304413  0.3061081  -9.770109
0.33174172  0.30868837  -9.763406
0.31731695  0.312914  -9.749202
0.29905367  0.3216452  -9.73191
0.2771844  0.33432737  -9.713015
0.25434202  0.3474752  -9.6952715
0.23424502  0.35920393  -9.685557
0.21322452  0.37015554  -9.684926
0.1918313  0.3802522  -9.694272
0.16623771  0.38869628  -9.703177
0.14216249  0.3967456  -9.712803
0.12054949  0.4042902  -9.726033
0.10382832  0.40525553  -9.74107
0.09153849  0.3978734  -9.75804
0.08071745  0.38797748  -9.769942
0.069625266  0.3808806  -9.778979
0.058237776  0.37712023  -9.784879
0.048132334  0.3729161  -9.788991
0.039087933  0.36611137  -9.790123
0.029374259  0.35922113  -9.785909
0.01628336  0.3534348  -9.777284
3.3711828E-4  0.3490405  -9.766968
-0.016040795  0.34374836  -9.759999
-0.029670244  0.3370322  -9.757123
-0.040665824  0.33063507  -9.76036
-0.051361877  0.3236476  -9.769115
-0.0672388  0.3073738  -9.771782
-0.091135524  0.27968973  -9.750335
-0.12014856  0.24651353  -9.700088
-0.14397416  0.21914168  -9.651561
-0.1611172  0.19796163  -9.62896
-0.17883462  0.18213744  -9.6262865
-0.20295946  0.16701572  -9.617166
-0.22881484  0.15298285  -9.602117
-0.2518679  0.13500153  -9.594749
-0.2774224  0.116974495  -9.59509
-0.31034577  0.09998816  -9.591987
-0.346795  0.08230182  -9.589629
-0.38020203  0.06301615  -9.597565
-0.41382003  0.042032406  -9.615461
-0.45525002  0.020330826  -9.63127
-0.5076696  -0.0024382796  -9.646157
-0.56851083  -0.029934755  -9.660499
-0.6308537  -0.061302286  -9.675128
-0.68999153  -0.094786465  -9.689615
-0.7392265  -0.12704094  -9.722076
-0.7768429  -0.1627204  -9.784776
-0.8073215  -0.19480483  -9.867662
-0.84318876  -0.20858228  -9.952643
-0.8827207  -0.19919996  -10.013902
-0.9092521  -0.1777631  -10.053066
-0.89620996  -0.1558263  -10.080761
-0.8381741  -0.130349  -10.129419
-0.7526142  -0.098766215  -10.202732
-0.6673382  -0.066015445  -10.275997
-0.600421  -0.038777255  -10.315376
-0.5518996  -0.014594685  -10.3117075
-0.512811  0.00900766  -10.28465
-0.47756732  0.03334187  -10.254208
-0.44672453  0.05248398  -10.231445
-0.42329645  0.06595541  -10.203706
-0.40767947  0.0803343  -10.159291
-0.39011642  0.100985944  -10.103983
-0.3659135  0.12442672  -10.053025
-0.3385953  0.1429069  -10.013393
-0.3238735  0.14934106  -9.958749
-0.32406136  0.14517912  -9.879902
-0.33588925  0.13362916  -9.78611
-0.35094976  0.12276372  -9.710567
-0.3643345  0.11639467  -9.6677
-0.3680133  0.11520917  -9.659772
-0.36203673  0.11635529  -9.679536
-0.3623053  0.12275446  -9.710491
-0.37362143  0.13309605  -9.766575
-0.38650572  0.14610797  -9.85776
-0.390318  0.17373562  -9.983308
-0.3829235  0.22022815  -10.090816
-0.33723855  0.2703935  -10.174813
-0.22124209  0.30280858  -10.291022
-0.05040316  0.32171  -10.4422655
0.11558051  0.33743358  -10.549169
0.23322988  0.34147093  -10.517584
0.3097726  0.33339342  -10.368293
0.37661323  0.32017863  -10.188388
0.45878088  0.30872744  -10.040574
0.54989415  0.29672104  -9.941119
0.6213098  0.2776992  -9.867007
0.6375075  0.25670862  -9.781231
0.5942914  0.22615355  -9.6571665
0.514852  0.19399105  -9.509983
0.42934904  0.16867025  -9.372387
0.35595283  0.15627106  -9.267516
0.29062894  0.14187783  -9.190047
0.22627038  0.11560434  -9.132877
0.16122426  0.077280626  -9.088712
0.10406458  0.04094963  -9.061355
0.060314525  0.012623742  -9.066021
0.03442884  -0.0055341697  -9.124279
0.011702596  -0.008614768  -9.233883
-0.017435579  0.0024817062  -9.375828
-0.052491013  0.0075636054  -9.524969
-0.07210434  -0.020744836  -9.672775
-0.055818036  -0.05856837  -9.809707
0.0136445435  -0.073004305  -9.963732
0.13114713  -0.05193962  -10.153272
0.26483917  -0.016609617  -10.3505745
0.37158236  0.028636798  -10.4929285
0.44079778  0.09101813  -10.547112
0.50182635  0.15853852  -10.547206
0.5771544  0.21599329  -10.497616
0.6607296  0.2558954  -10.394143
0.7400541  0.26104352  -10.2377
0.80845183  0.23223667  -10.078864
0.8375228  0.19304466  -9.915756
0.79331046  0.17545617  -9.699721
0.69108623  0.17048247  -9.439655
0.59023386  0.1700763  -9.218736
0.53543144  0.18012421  -9.119469
0.5145712  0.20705919  -9.120521
0.49434578  0.23160802  -9.15242
0.4521658  0.24003153  -9.170722
0.38859937  0.23582053  -9.170009
0.31377468  0.23422034  -9.171894
0.24515574  0.23362197  -9.217757
0.18683963  0.24122584  -9.329764
0.14038326  0.24985003  -9.49166
0.102683656  0.25503883  -9.677056
0.06484032  0.24658464  -9.862021
0.05942509  0.23394392  -10.030741
0.119099915  0.22641926  -10.203063
0.2541428  0.23660827  -10.395249
0.41068986  0.25692138  -10.572237
0.536645  0.2725294  -10.664831
0.6205101  0.267543  -10.640683
0.68739915  0.24590842  -10.552829
0.7572274  0.22482856  -10.451703
0.8252242  0.2306511  -10.351177
0.8704362  0.27889612  -10.242362
0.87353253  0.33718538  -10.118648
0.82724386  0.37101004  -9.955222
0.74039245  0.37364915  -9.74047
0.63656074  0.36614552  -9.490468
0.5411499  0.35364398  -9.253608
0.46225724  0.3200222  -9.071319
0.39219356  0.26623505  -8.949388
0.3215976  0.19740868  -8.874776
0.2505845  0.12667389  -8.835347
0.18373017  0.073986635  -8.83855
0.13139336  0.049479786  -8.911923
0.09745937  0.044512164  -9.060562
0.07501838  0.044186976  -9.248927
0.04385825  0.04161626  -9.4417715
0.008246153  0.02787445  -9.615777
-1.3386831E-5  0.008980314  -9.790909
0.05752666  -0.006164402  -9.997504
0.17632818  0.0015247846  -10.235997
0.31427053  0.026458524  -10.459088
0.42667755  0.054564625  -10.602014
0.50567466  0.07937339  -10.646716
0.56175494  0.10229153  -10.607738
0.61439884  0.12358985  -10.505625
0.6631889  0.1334434  -10.36139
0.7066242  0.12973075  -10.180774
0.7519341  0.119954646  -9.98352
0.77768964  0.111745894  -9.799092
0.75232035  0.10460749  -9.613667
0.6632146  0.09035838  -9.412601
0.5515512  0.06837687  -9.220541
0.45930448  0.050828766  -9.089808
0.38430023  0.046666324  -9.026581
0.31238547  0.053788055  -8.991952
0.23980893  0.054511283  -8.97646
0.17658575  0.048153352  -9.000626
0.12403693  0.043947577  -9.071114
0.07678891  0.050212394  -9.189771
0.032862086  0.06229799  -9.358035
-0.0042874245  0.07073852  -9.567486
-0.04690932  0.07315446  -9.810039
-0.08587893  0.08838835  -10.02829
-0.0804191  0.08536363  -10.204988
0.02227431  0.073220424  -10.380424
0.19570164  0.058761578  -10.576163
0.36421478  0.07426729  -10.7422285
0.47067952  0.1098915  -10.778823
0.5266698  0.14096086  -10.684196
0.56467336  0.16400324  -10.5342045
0.603879  0.17753978  -10.385908
0.6505386  0.19415434  -10.24064
0.68621683  0.22614098  -10.078855
0.6795201  0.26148573  -9.878953
0.603359  0.28342417  -9.6349
0.47027662  0.27633902  -9.359248
0.32434428  0.25103867  -9.095314
0.21147364  0.21694587  -8.909972
0.14598106  0.17395891  -8.827919
0.11546209  0.12532715  -8.841432
0.093140565  0.07104241  -8.912517
0.06317391  0.027487343  -9.005055
0.021370532  -1.5779275E-4  -9.105557
-0.025736662  -0.011817959  -9.225578
-0.07141789  -0.020386368  -9.384575
-0.11245954  -0.03212959  -9.580508
-0.15748912  -0.059012353  -9.7729845
-0.19000636  -0.075630315  -9.920154
-0.17897713  -0.055998966  -10.029268
-0.09125649  0.014536551  -10.174659
0.0538229  0.099121846  -10.375441
0.2116478  0.17036796  -10.5725
0.346992  0.21492775  -10.679169
0.448006  0.24573652  -10.682004
0.5234205  0.26171854  -10.613418
0.57734686  0.26088682  -10.497682
0.6123431  0.23562266  -10.339656
0.6499937  0.18943866  -10.138821
0.69639784  0.12068546  -9.95274
0.71927685  0.08641863  -9.798283
0.65972584  0.088091396  -9.62338
0.5284481  0.12240526  -9.394878
0.39279208  0.13877662  -9.1683445
0.30972958  0.12928838  -9.049855
0.25910017  0.10961678  -9.024227
0.20358653  0.09380118  -9.0132065
0.13483988  0.092056595  -9.001126
0.078371055  0.102864884  -9.056939
0.046504617  0.11340464  -9.222698
0.019426256  0.1314071  -9.451803
-0.0083099175  0.16338098  -9.707813
-0.04958713  0.20049815  -9.974404
-0.08558285  0.21583311  -10.223205
-0.09216013  0.19964284  -10.406055
-0.02443423  0.1701845  -10.541177
0.10351022  0.14634241  -10.643384
0.24090302  0.130919  -10.689578
0.3433284  0.12438673  -10.6319685
0.42246285  0.1261686  -10.516435
0.4978797  0.13734673  -10.388063
0.5725897  0.15817384  -10.265314
0.6378741  0.18562885  -10.126737
0.69072014  0.22853787  -9.96934
0.7171469  0.26515293  -9.81818
0.6990259  0.27327436  -9.691103
0.6173261  0.23061813  -9.540098
0.49131227  0.15977626  -9.33339
0.35486415  0.08692957  -9.098843
0.23586279  0.031312346  -8.923312
0.14947727  -0.01994702  -8.844426
0.091042824  -0.06963856  -8.84259
0.05068827  -0.114665  -8.883934
0.016919294  -0.14095399  -8.954786
-0.016810259  -0.14661935  -9.047307
-0.051942702  -0.14193657  -9.162968
-0.083004124  -0.14071505  -9.326457
-0.108089566  -0.15614983  -9.548534
-0.11347771  -0.17710042  -9.786433
-0.09406183  -0.17279702  -9.989204
-0.034335446  -0.1227575  -10.161269
0.066993095  -0.047438223  -10.354816
0.19752748  0.0010353414  -10.560727
0.32718277  0.0056897886  -10.701511
0.42942178  -0.016532814  -10.707156
0.5062128  -0.030136952  -10.612213
0.58059055  -0.032658517  -10.502267
0.6508987  -0.045566157  -10.376245
0.7188585  -0.0662434  -10.190772
0.76412207  -0.07062698  -9.960046
0.77159125  -0.043556616  -9.755711
0.7089281  -0.005783642  -9.588578
0.5957719  0.020352272  -9.436088
0.4789474  0.036558375  -9.302705
0.4005562  0.044124663  -9.231179
0.34590137  0.045978576  -9.200622
0.29258916  0.04166262  -9.190911
0.22892803  0.033064786  -9.181079
0.16017051  0.031045457  -9.177466
0.09571635  0.042039573  -9.200423
0.04321782  0.063290596  -9.278376
0.010351547  0.075126536  -9.424076
-0.0020811947  0.07256354  -9.622775
-0.024070276  0.06906263  -9.844356
-0.05818529  0.08809865  -10.025832
-0.0655362  0.102715015  -10.1618185
0.00922111  0.11814473  -10.304776
0.16044153  0.1169284  -10.472706
0.3204546  0.12399545  -10.605027
0.4390297  0.13011831  -10.621727
0.5209225  0.14397551  -10.56346
0.5924255  0.16279125  -10.493062
0.6561907  0.18394835  -10.399277
0.70211744  0.21236636  -10.243928
0.71060926  0.24385132  -10.050227
0.6853144  0.25744402  -9.869548
0.61936235  0.23387797  -9.700336
0.52411896  0.18674387  -9.502812
0.41402647  0.15634109  -9.295154
0.31391168  0.15139829  -9.131481
0.23063065  0.14834513  -9.02979
0.15347674  0.11996108  -8.954793
0.0711141  0.07024645  -8.888402
-0.012781507  0.02230501  -8.845379
-0.07363262  -0.0188372  -8.861739
-0.10380935  -0.05749896  -8.9473915
-0.10705298  -0.09396703  -9.093313
-0.11147329  -0.114809334  -9.273854
-0.13155626  -0.13552958  -9.484281
-0.16526936  -0.16421004  -9.702298
-0.18617494  -0.17947638  -9.906655
-0.15718259  -0.14737983  -10.095885
-0.062344518  -0.08348564  -10.303845
0.07798249  -0.028020257  -10.537964
0.21767668  0.0029520001  -10.731833
0.32449487  0.02638174  -10.821239
0.39587536  0.051472306  -10.7874975
0.44155774  0.07508459  -10.661277
0.47287133  0.09154728  -10.479371
0.5174195  0.094050966  -10.26619
0.57655895  0.07514412  -10.073531
0.6138018  0.06344485  -9.893694
0.57388836  0.05879566  -9.687495
0.46037304  0.07545214  -9.443665
0.3361641  0.09100763  -9.217475
0.2510914  0.1130974  -9.076667
0.20173876  0.1300815  -9.007701
0.15632482  0.13744657  -8.975271
0.100168765  0.12883987  -8.970403
0.039404277  0.11423963  -9.000137
-0.0112043945  0.10230147  -9.081788
-0.04860719  0.09771532  -9.225697
-0.07694989  0.09716611  -9.4296255
-0.104041696  0.08974227  -9.666614
-0.13880338  0.078449726  -9.899547
-0.19104277  0.08014026  -10.097165
-0.2169425  0.09650529  -10.254952
-0.16077258  0.12303287  -10.416934
-0.005695587  0.13879758  -10.606858
0.17439811  0.13922061  -10.75916
0.2966  0.1288502  -10.78677
0.35736632  0.12088751  -10.679614
0.393286  0.13206099  -10.526906
0.44335523  0.1516103  -10.3871
0.503519  0.18268813  -10.24602
0.55740815  0.22506516  -10.088227
0.57940245  0.2590781  -9.9181595
0.5508856  0.25040355  -9.742475
0.46657002  0.20500924  -9.531138
0.34721494  0.163693  -9.27852
0.23257609  0.13675682  -9.043239
0.14985359  0.09755642  -8.889608
0.096637964  0.03741035  -8.827175
0.05793722  -0.027637014  -8.820694
0.025745638  -0.07551342  -8.859067
-6.901628E-4  -0.100656055  -8.956136
-0.030264156  -0.10761312  -9.113697
-0.075134985  -0.10851112  -9.309058
-0.13338451  -0.11434916  -9.512462
-0.19963814  -0.13437377  -9.718135
-0.26004437  -0.1840175  -9.923462
-0.29703233  -0.24659717  -10.1057825
-0.27929306  -0.27645  -10.248813
-0.194641  -0.24157204  -10.37476
-0.060565177  -0.16318537  -10.514287
0.08026118  -0.08915359  -10.635484
0.20136608  -0.046736673  -10.675373
0.29573807  -0.038011357  -10.610874
0.37254107  -0.052284967  -10.479077
0.43355724  -0.06774309  -10.311904
0.48624733  -0.07860121  -10.124489
0.544266  -0.095303975  -9.934054
0.575785  -0.108248495  -9.760692
0.5361984  -0.110590935  -9.576486
0.41271344  -0.09094938  -9.353528
0.27078253  -0.05589966  -9.141547
0.17209828  -0.0018638466  -9.020995
0.1177992  0.061413523  -9.014951
0.07036299  0.10828853  -9.045199
0.009781659  0.12540603  -9.059562
-0.05245064  0.1226264  -9.071548
-0.09590772  0.11231679  -9.130153
-0.11330426  0.09412381  -9.263211
-0.11900254  0.06408424  -9.454764
-0.1314275  0.03184156  -9.672872
-0.17342246  0.013086057  -9.876321
-0.21313961  0.0134905875  -10.042493
-0.20435071  0.026833704  -10.195798
-0.11254877  0.049592454  -10.386929
0.019155417  0.06944207  -10.598939
0.12972672  0.08293801  -10.733809
0.19664705  0.083255656  -10.716708
0.24674065  0.079539455  -10.593553
0.3158188  0.074763216  -10.460129
0.4050695  0.07233148  -10.350152
0.49768972  0.0899579  -10.231923
0.5723794  0.1529193  -10.080788
0.61130565  0.2366348  -9.9236555
0.59073144  0.28124046  -9.782979
0.50491005  0.2488678  -9.628445
0.3756269  0.1695785  -9.422742
0.24502514  0.09066591  -9.20189
0.13418807  0.027227065  -9.034704
0.049602393  -0.02124367  -8.952083
-0.015037377  -0.056446638  -8.930047
-0.0602808  -0.08180874  -8.948719
-0.09443143  -0.0984331  -9.006131
-0.12597817  -0.10566283  -9.108047
-0.1574864  -0.113225974  -9.252602
-0.1829818  -0.13116857  -9.442409
-0.2071181  -0.16934049  -9.658523
-0.23019625  -0.220361  -9.860928
-0.22832608  -0.25830355  -10.023389
-0.16855735  -0.2512081  -10.170035
-0.042682867  -0.18784897  -10.345923
0.10956458  -0.0978509  -10.538568
0.24228247  -0.017074712  -10.668327
0.32984194  0.036806967  -10.677402
0.3776789  0.06444927  -10.574319
0.40535793  0.076488025  -10.411771
0.43358424  0.08021698  -10.233174
0.48681733  0.069519676  -10.071462
0.53720754  0.045748282  -9.94255
0.5438486  0.016856348  -9.808483
0.4702485  -0.009066841  -9.610539
0.35228097  -0.020831928  -9.358723
0.2445144  -0.017851265  -9.146886
0.17142498  1.4140939E-4  -9.050887
0.116130926  0.017774029  -9.041862
0.050047074  0.0290998  -9.038503
-0.027855009  0.040234137  -9.011427
-0.097757615  0.04140257  -9.000216
-0.13801062  0.023969656  -9.0656395
-0.15038858  -0.0017626174  -9.2263155
-0.15161818  -0.018455453  -9.445537
-0.16462386  -0.021087408  -9.671672
-0.20898849  -0.024091428  -9.879439
-0.25544956  -0.01506238  -10.060067
-0.24387293  0.0032055734  -10.246745
-0.1415708  0.036769506  -10.458355
0.014799121  0.052043196  -10.648732
0.15326233  0.06158782  -10.748433
0.24996883  0.06620597  -10.721253
0.31838205  0.08370591  -10.626352
0.38222077  0.10715634  -10.507825
0.43753812  0.13763003  -10.36345
0.48439217  0.1813782  -10.179413
0.5198736  0.2418033  -9.989786
0.5298159  0.2863764  -9.833154
0.4889283  0.27271876  -9.697326
0.386703  0.1944458  -9.52163
0.25494644  0.09443895  -9.298193
0.13299902  0.0147335315  -9.0942545
0.0443875  -0.03962661  -8.977578
-0.0133138085  -0.07786436  -8.956646
-0.054701414  -0.09964978  -8.991282
-0.09052708  -0.10856243  -9.042423
-0.122648954  -0.11021877  -9.102618
-0.14676267  -0.11635119  -9.190212
-0.16410036  -0.1226334  -9.32475
-0.17901607  -0.12924732  -9.503816
-0.20323439  -0.13613318  -9.712913
-0.23725389  -0.1604691  -9.914281
-0.2531601  -0.1812688  -10.07816
-0.21550085  -0.17343242  -10.208086
-0.10567281  -0.11874773  -10.350503
0.041185845  -0.05337596  -10.51897
0.17669725  0.004180836  -10.644231
0.2717895  0.045361985  -10.658786
0.33479857  0.06976375  -10.558961
0.38462687  0.07263366  -10.400407
0.4360144  0.0656812  -10.229675
0.5051879  0.06749777  -10.069175
0.5746756  0.05821098  -9.934042
0.5943589  0.038445313  -9.784821
0.52734846  0.0047480594  -9.574975
0.39801195  -0.0015756749  -9.324743
0.2738141  0.010723162  -9.120951
0.19057333  0.035101566  -9.039201
0.14061958  0.045452785  -9.043048
0.087148465  0.050685927  -9.062545
0.018781519  0.054713648  -9.062332
-0.050254446  0.060434368  -9.080628
-0.097900905  0.06720816  -9.166915
-0.12637393  0.066843696  -9.322781
-0.15367383  0.059877615  -9.507617
-0.18725164  0.0406542  -9.687451
-0.22394721  0.022840494  -9.867629
-0.26376128  0.016673727  -10.053832
-0.27737918  0.024595143  -10.229047
-0.23516804  0.035301175  -10.391497
-0.1216385  0.041354995  -10.533792
0.019155676  0.041188985  -10.632365
0.13388076  0.04628941  -10.6426325
0.20770614  0.056250494  -10.559894
0.26562002  0.06491307  -10.433225
0.33478928  0.070340835  -10.3093195
0.4220427  0.077152096  -10.196372
0.5095416  0.10576564  -10.090817
0.55615216  0.13439511  -9.986186
0.53317505  0.13450216  -9.868891
0.4348383  0.08490449  -9.709238
0.30393633  0.01591686  -9.500688
0.18138309  -0.04433952  -9.301712
0.08500745  -0.0875267  -9.155798
0.0035157197  -0.11981317  -9.0653715
-0.07249665  -0.14295198  -9.002347
-0.13559638  -0.16285022  -8.966844
-0.17538834  -0.18001084  -8.982596
-0.19671042  -0.18953858  -9.063781
-0.21482159  -0.18839818  -9.20252
-0.24270557  -0.18144655  -9.371648
-0.2778856  -0.18306172  -9.553777
-0.3112902  -0.19723468  -9.743669
-0.34107313  -0.22945069  -9.933831
-0.344079  -0.25820532  -10.0978775
-0.29996994  -0.25905922  -10.228317
-0.1894932  -0.2194168  -10.357627
-0.037902158  -0.162681  -10.498757
0.110419  -0.11903837  -10.594243
0.22817121  -0.09374849  -10.587151
0.31512335  -0.07557697  -10.477661
0.39226952  -0.0562461  -10.337956
0.468807  -0.038963  -10.208317
0.55037856  -0.034663823  -10.093025
0.60271674  -0.038847998  -9.973157
0.5926705  -0.03882676  -9.81216
0.50941557  -0.027991705  -9.618133
0.40607953  -0.010707744  -9.442591
0.3332287  0.006024036  -9.349331
0.29798535  0.02442423  -9.340169
0.27221525  0.04133065  -9.358466
0.23219235  0.054018486  -9.355586
0.17996621  0.06457811  -9.328488
0.13756466  0.065356515  -9.314705
0.12049206  0.048710167  -9.349818
0.12313858  0.019954896  -9.427182
0.122012235  -9.874706E-4  -9.52354
0.106023274  -5.751049E-4  -9.635808
0.08559059  0.01297217  -9.776233
0.075595714  0.033138506  -9.949578
0.059283912  0.05782728  -10.128236
0.06672003  0.0731952  -10.257943
0.13658658  0.08835226  -10.362171
0.30117914  0.0983845  -10.461022
0.49029264  0.11430681  -10.54224
0.63536686  0.13299972  -10.543114
0.7227518  0.15531002  -10.456444
0.799202  0.17606437  -10.347174
0.8958847  0.1882871  -10.247981
1.0175997  0.20134671  -10.161653
1.1180967  0.21729852  -10.083036
1.1709709  0.21542752  -10.016824
1.155109  0.18199424  -9.93182
1.0938649  0.13338447  -9.804135
1.0217336  0.09374068  -9.662606
0.9704581  0.075800456  -9.564897
0.95177984  0.07480936  -9.539411
0.9515495  0.08346403  -9.545006
0.95458764  0.09519578  -9.537101
0.9592356  0.10955278  -9.512123
0.9719176  0.1227206  -9.501428
0.9931963  0.13230257  -9.529022
1.0166032  0.13594161  -9.587939
1.0321693  0.14101762  -9.659442
1.0425587  0.14048536  -9.731963
1.050437  0.13441537  -9.802934
1.0615615  0.12842046  -9.865339
1.0811015  0.12552892  -9.923598
1.1166457  0.11902404  -9.9810705
1.1584142  0.10825872  -10.0236435
1.1932586  0.10902219  -10.032725
1.2126644  0.12650351  -10.009971
1.2318381  0.14689079  -9.969941
1.2623631  0.15380247  -9.920514
1.3030018  0.14831918  -9.861316
1.3460498  0.14174081  -9.791807
1.410936  0.13682473  -9.729508
1.461751  0.14369471  -9.709634
1.4466244  0.15103835  -9.687959
1.3227872  0.15767671  -9.618638
1.1623377  0.15236098  -9.5065
1.0443025  0.1390508  -9.437917
0.98707277  0.12243664  -9.452713
0.94012856  0.11154085  -9.487442
0.87308544  0.11021322  -9.49084
0.7851581  0.124522835  -9.458282
0.69738007  0.13650848  -9.436569
0.6219831  0.13172287  -9.442685
0.5654725  0.11215276  -9.460285
0.5315022  0.103633106  -9.483028
0.49812302  0.10498226  -9.4976425
0.46380273  0.08059437  -9.502624
0.42360303  0.03131782  -9.495511
0.39324006  -0.004307416  -9.495925
0.3654444  -0.002275607  -9.517386
0.3329501  0.009162361  -9.528942
0.29528722  0.0073041148  -9.534603
0.26583254  -0.0020317577  -9.589246
0.25956628  -0.020679234  -9.70773
0.25333896  -0.030541256  -9.826386
0.23763387  -0.036464963  -9.878708
0.20455621  -0.030207932  -9.864551
0.1689425  -0.026639389  -9.82438
0.13399498  -0.025817327  -9.78484
0.103186496  -0.0170071  -9.773108
0.08294264  0.0020851018  -9.791744
0.061831623  0.023178399  -9.816319
0.04410774  0.026756568  -9.822055
0.042255234  0.019074926  -9.8275
0.070248984  0.0030166397  -9.847275
0.08009698  -3.813021E-4  -9.873065
0.06618182  -0.0054538064  -9.874535
0.020915061  -0.011047367  -9.861645
-0.027277315  -0.026556192  -9.847566
-0.07419988  -0.04209425  -9.8524475
-0.11284027  -0.04651421  -9.858273
-0.13908781  -0.03990062  -9.856927
-0.15651423  -0.031001246  -9.847711
-0.1647531  -0.025058875  -9.840697
-0.1496885  -0.01791257  -9.852954
-0.13063198  -0.008279934  -9.885689
-0.124804564  -0.006261906  -9.911359
-0.1308821  -0.013800387  -9.90742
-0.1407597  -0.021773167  -9.881961
-0.14354025  -0.028871156  -9.887839
-0.15509762  -0.049962427  -9.908442
-0.1622696  -0.0776052  -9.940051
-0.17138375  -0.074149005  -9.975629
-0.1771216  -0.04229064  -10.0187
-0.19034646  -0.017725281  -10.051028
-0.19212385  -0.027840314  -10.060337
-0.18907924  -0.048096508  -10.0808115
-0.17875765  -0.055563807  -10.099837
-0.18347488  -0.050280537  -10.0635
-0.20559269  -0.029697573  -9.958504
-0.2291302  -0.018190062  -9.850892
-0.23497188  -0.016182961  -9.795175
-0.22180815  -0.025740026  -9.800918
-0.19751686  -0.034290273  -9.831004
-0.18512492  -0.03689598  -9.8624525
-0.1939136  -0.044348504  -9.846399
-0.23584636  -0.047298957  -9.795318
-0.26856652  -0.053528253  -9.748677
-0.28038928  -0.052058507  -9.752289
-0.28024834  -0.05607452  -9.769122
-0.30880755  -0.05364603  -9.783599
-0.3223318  -0.050675083  -9.7863655
-0.3290465  -0.033575278  -9.803691
-0.30862793  -0.018479245  -9.816808
-0.2856791  -0.005426401  -9.82635
-0.25316635  -0.0012570992  -9.825462
-0.22256725  0.0021380784  -9.826492
-0.19910537  0.0049313284  -9.835694
-0.18682939  0.015730666  -9.846866
-0.18695353  0.027819747  -9.856822
-0.20877904  0.040330317  -9.8569145
-0.22648554  0.039876137  -9.849872
-0.22643168  0.029908234  -9.848058
-0.20964019  0.020100763  -9.858502
-0.19379787  0.02263207  -9.872838
-0.19214046  0.029655555  -9.867676
-0.19930089  0.027996695  -9.851382
-0.20027779  0.016378075  -9.834114
-0.19488175  0.002615025  -9.82209
-0.18917195  -0.008938245  -9.809933
-0.19554807  -0.016330495  -9.80074
-0.21998334  -0.020566462  -9.8036
-0.24381359  -0.021350214  -9.813949
-0.26287755  -0.018803848  -9.834054
-0.2639979  -0.008562415  -9.849456
-0.26068836  0.0017599094  -9.865981
-0.24924602  0.008765114  -9.877136
-0.24780722  0.018759131  -9.891205
-0.25548723  0.034739606  -9.881732
-0.28022  0.044865053  -9.846483
-0.29499254  0.031782955  -9.8107195
-0.29869014  0.010628826  -9.812538
-0.28381106  -0.012648918  -9.827886
-0.28043422  -0.024033487  -9.836617
-0.27658388  -0.033764217  -9.829091
-0.27534872  -0.02778635  -9.84425
-0.2635262  -0.01091906  -9.86715
-0.2573744  -0.004118562  -9.88581
-0.24620847  -0.018882679  -9.89249
-0.23717026  -0.039228033  -9.898103
-0.22118573  -0.05667755  -9.899348
-0.21628968  -0.048817646  -9.892086
-0.20688409  -0.040721875  -9.887954
-0.20978399  -0.028578771  -9.893006
-0.20649493  -0.038470685  -9.901096
-0.20167218  -0.055940226  -9.892722
-0.19341351  -0.076523595  -9.868112
-0.18997973  -0.08009904  -9.840373
-0.19306278  -0.06584713  -9.8244705
-0.20092599  -0.044829834  -9.813397
-0.20588283  -0.029266998  -9.805454
-0.198601  -0.02231189  -9.79787
-0.17924277  -0.010437188  -9.79762
-0.16644321  0.0022385165  -9.805523
-0.16392411  0.0062204893  -9.8151865
-0.1633739  0.0013367849  -9.818549
-0.14675556  -8.3506556E-4  -9.821635
-0.12479803  0.0012109131  -9.81359
-0.108339794  0.007898205  -9.803411
-0.100275576  0.0095202215  -9.772168
-0.10564829  0.012813941  -9.748888
-0.121789426  0.014026582  -9.7284775
-0.15337905  0.019574843  -9.720143
-0.16906328  0.010606197  -9.713157
-0.15029313  -0.017404864  -9.729289
-0.11521473  -0.03550216  -9.783217
-0.09253764  -0.023691995  -9.841496
-0.0881949  -0.0037950873  -9.858567
-0.078150705  -0.00835273  -9.84494
-0.054015856  -0.033375453  -9.825257
-0.043853324  -0.043404758  -9.818671
-0.056475278  -0.04362913  -9.794869
-0.08248814  -0.05023968  -9.755242
-0.09400648  -0.06416944  -9.717233
-0.09263251  -0.07105858  -9.694085
-0.08984318  -0.06493483  -9.685222
-0.09842095  -0.04364263  -9.685704
-0.10391203  -0.03658064  -9.686092
-0.11281826  -0.037144113  -9.683705
-0.11821888  -0.048618764  -9.6682625
-0.12868463  -0.045013715  -9.6515
-0.12614886  -0.03409111  -9.650526
-0.11596054  -0.022463823  -9.672074
-0.10814556  -0.020254405  -9.696169
-0.10393804  -0.029018262  -9.714974
-0.09382942  -0.047917265  -9.737468
-0.07708373  -0.0736304  -9.763675
-0.07137932  -0.09736361  -9.782162
-0.081433  -0.117377095  -9.782689
-0.09573992  -0.12767982  -9.774113
-0.10100826  -0.12670644  -9.766913
-0.101629555  -0.11872215  -9.76832
-0.10779094  -0.11758798  -9.767013
-0.11453003  -0.118852556  -9.7687
-0.11411462  -0.11974902  -9.764367
-0.1095379  -0.11321094  -9.772282
-0.097961806  -0.11661991  -9.779613
-0.079077035  -0.1242907  -9.791878
-0.045830797  -0.13759883  -9.801216
-0.025454586  -0.13563001  -9.811242
-0.03412084  -0.11814416  -9.809913
-0.056639194  -0.10008059  -9.791077
-0.0728393  -0.09239027  -9.763298
-0.07382642  -0.09106728  -9.749124
-0.07913348  -0.07619666  -9.750232
-0.08840648  -0.0528014  -9.76118
-0.09285929  -0.039874975  -9.768468
-0.08502158  -0.040717527  -9.778491
-0.0710428  -0.04680859  -9.789734
-0.06671109  -0.04783048  -9.796401
-0.07140618  -0.046284337  -9.796001
-0.07555864  -0.048492983  -9.793251
-0.07627291  -0.05420218  -9.7917595
-0.077492334  -0.060431793  -9.79103
-0.08240746  -0.06769284  -9.788172
-0.081795536  -0.07516556  -9.790891
-0.07916329  -0.08255401  -9.796062
-0.08174365  -0.08689337  -9.796608
-0.087029874  -0.09038637  -9.787324
-0.08567468  -0.09120265  -9.782162
-0.08111816  -0.08963492  -9.783265
-0.08427199  -0.083003014  -9.780515
-0.09588027  -0.07457519  -9.770809
-0.10327556  -0.06482315  -9.763993
-0.09942949  -0.057430673  -9.77521
-0.08947631  -0.052333098  -9.792664
-0.08146883  -0.050822187  -9.804249
-0.07749469  -0.04962041  -9.806717
-0.07859922  -0.048039723  -9.804481
-0.0799387  -0.04746751  -9.801698
-0.08145639  -0.049949463  -9.797985
-0.08101124  -0.0528964  -9.798364
-0.08106956  -0.05554225  -9.805116
-0.08295397  -0.05471003  -9.810281
-0.092012666  -0.053520847  -9.800879
-0.10529423  -0.051472142  -9.7865305
-0.1158848  -0.05341816  -9.781979
-0.12128324  -0.057288144  -9.787602
-0.122754574  -0.06870971  -9.784524
-0.12136068  -0.06434546  -9.777837
-0.11433349  -0.055854585  -9.78223
-0.10826639  -0.049829375  -9.795446
-0.106683485  -0.067821994  -9.806611
-0.10668  -0.09361833  -9.824269
-0.09980271  -0.10929305  -9.858684
-0.09109258  -0.11138589  -9.893958
-0.08866914  -0.10507051  -9.899452
-0.0943375  -0.09722901  -9.878108
-0.10474738  -0.093403764  -9.849281
-0.11397025  -0.09352138  -9.821813
-0.114278995  -0.08506379  -9.791199
-0.10804942  -0.061636347  -9.774277
-0.09600232  -0.03316511  -9.783005
-0.088827066  -0.018996427  -9.810718
-0.07975013  -0.02521819  -9.829051
-0.08167907  -0.025969127  -9.824663
-0.0935877  -0.013823937  -9.805106
-0.11747875  0.003325913  -9.772419
-0.14243506  0.004273603  -9.730329
-0.15808439  -0.006908977  -9.698266
-0.17014456  -0.01663377  -9.67818
-0.17991622  -0.014689592  -9.67192
-0.19386213  -0.0023702001  -9.66878
-0.19592154  0.010145734  -9.6828575
-0.18177426  0.017484615  -9.712116
-0.16012548  0.01959479  -9.737873
-0.14241336  0.020835876  -9.752512
-0.12873203  0.020998562  -9.763511
-0.11838492  0.017242767  -9.766576
