0.20916665  -0.23149739  -9.554198
0.19854745  -0.18586901  -9.5750675
0.16742194  -0.16138352  -9.657533
0.10504762  -0.12601252  -9.76909
0.0414519  -0.12244303  -9.864598
0.009636902  -0.13681617  -9.868066
0.0064611323  -0.1515578  -9.841709
0.007309616  -0.1693511  -9.819229
0.0011414834  -0.16933954  -9.820212
0.0026039712  -0.13753802  -9.813531
0.017404148  -0.093706734  -9.78526
0.039717715  -0.0635151  -9.7520895
0.052740365  -0.053115983  -9.752949
0.05531152  -0.04038328  -9.785542
0.054285128  -0.019523073  -9.81721
0.055962484  -0.007498523  -9.826806
0.059031013  -0.00737025  -9.827686
0.06050538  -0.01004468  -9.825955
0.061398912  -0.008218515  -9.818774
0.06383871  -0.0069470108  -9.800899
0.06771613  -0.010702699  -9.783675
0.07205612  -0.02013584  -9.778611
0.07975529  -0.026864097  -9.777371
0.09140127  -0.03045618  -9.772901
0.105343945  -0.033176336  -9.767053
0.12158824  -0.04203647  -9.762664
0.14091514  -0.051987324  -9.757636
0.1578365  -0.052964795  -9.757835
0.17619999  -0.058674987  -9.7642565
0.19196117  -0.06619668  -9.772973
0.21510004  -0.078199  -9.769292
0.23847115  -0.078077495  -9.759892
0.26463556  -0.07952217  -9.754394
0.28928944  -0.087244116  -9.75589
0.31377304  -0.097068705  -9.756373
0.3373333  -0.10258075  -9.754552
0.35981348  -0.1041256  -9.753703
0.3788097  -0.1074414  -9.760959
0.3982589  -0.10929658  -9.76459
0.41976357  -0.10957252  -9.764083
0.4423873  -0.1061803  -9.754029
0.46239337  -0.10135097  -9.743686
0.47949097  -0.097940855  -9.732205
0.49617025  -0.095544785  -9.725057
0.51030844  -0.09840996  -9.729188
0.51560897  -0.10957929  -9.7486315
0.511146  -0.120775186  -9.778519
0.5016506  -0.12456808  -9.805949
0.49315986  -0.12024812  -9.82141
0.48856214  -0.11663127  -9.829205
0.48901963  -0.11295628  -9.834819
0.49907765  -0.105750054  -9.84295
0.52001005  -0.09604921  -9.843255
0.55375737  -0.08863  -9.828891
0.59512705  -0.07998759  -9.80063
0.63482213  -0.06972848  -9.779187
0.66361266  -0.058887962  -9.780751
0.6826504  -0.049272045  -9.798085
0.7000503  -0.038819253  -9.81626
0.72288036  -0.026486466  -9.823374
0.7526691  -0.014657918  -9.8170805
0.78773206  5.306499E-4  -9.798909
0.8288643  0.020100279  -9.769921
0.88020295  0.040204395  -9.729236
0.93638617  0.069162145  -9.683723
0.995452  0.100099884  -9.6420965
1.0457269  0.13042045  -9.620673
1.09011  0.14567743  -9.614266
1.1263905  0.15798707  -9.61845
1.1554397  0.17165744  -9.638997
1.1735735  0.18153115  -9.691041
1.1854869  0.1795861  -9.771439
1.1902801  0.17162138  -9.85444
1.1910456  0.16624077  -9.917182
1.169526  0.17108077  -9.977242
1.1230897  0.1789978  -10.04951
1.0562243  0.18209381  -10.135489
0.9876587  0.17400962  -10.208451
0.9274934  0.15705962  -10.256051
0.8751385  0.13867967  -10.279993
0.8315092  0.122730255  -10.282604
0.8017447  0.110982895  -10.265596
0.7888565  0.09819772  -10.227096
0.7894387  0.08204711  -10.164557
0.79728866  0.060152013  -10.082464
0.80405325  0.039232075  -9.988343
0.80513114  0.018227087  -9.897692
0.7971075  -8.288617E-4  -9.813905
0.7822945  -0.018252129  -9.742114
0.7591184  -0.033519898  -9.686542
0.7306302  -0.04856072  -9.649085
0.7053366  -0.056536674  -9.621932
0.6890604  -0.054589033  -9.600451
0.6792845  -0.049002055  -9.583828
0.67151994  -0.054526165  -9.578563
0.6655893  -0.07514952  -9.590283
0.6574717  -0.10040816  -9.640206
0.63930416  -0.121943854  -9.745259
0.6188722  -0.14510196  -9.890507
0.5945158  -0.16259642  -10.02332
0.558217  -0.17772688  -10.117631
0.48059782  -0.1899  -10.198253
0.35894826  -0.20722143  -10.2928505
0.21115404  -0.21482866  -10.388421
0.06585214  -0.19860429  -10.4471445
-0.058903392  -0.16146712  -10.452439
-0.1607971  -0.11947737  -10.401062
-0.24384423  -0.07890216  -10.301873
-0.30299023  -0.041735988  -10.1827755
-0.33834538  -0.010168237  -10.068534
-0.3390689  0.0028262462  -9.955568
-0.30781257  0.0036084603  -9.824128
-0.24833973  0.002220273  -9.6702
-0.17869401  0.011641855  -9.521873
-0.11172158  0.033139233  -9.397202
-0.04703407  0.055673588  -9.291625
0.017165802  0.079773694  -9.185199
0.07667044  0.10493704  -9.091267
0.117393166  0.13636349  -9.044495
0.13634245  0.16420911  -9.067963
0.1451898  0.18575765  -9.133819
0.16220474  0.19820829  -9.210389
0.19470905  0.20625532  -9.290176
0.23484166  0.20987855  -9.387573
0.27390835  0.21285765  -9.5082655
0.31470641  0.21894865  -9.651685
0.35085776  0.23458552  -9.802501
0.3615154  0.25082764  -9.943076
0.32930467  0.25709897  -10.078156
0.25949344  0.24835473  -10.221553
0.17252856  0.23053513  -10.365775
0.08029082  0.21053855  -10.468624
-0.0062126666  0.1912954  -10.492436
-0.07683433  0.17554529  -10.42944
-0.14209008  0.17152528  -10.31245
-0.20134187  0.1651882  -10.195174
-0.25062492  0.15993209  -10.092542
-0.2576054  0.1592415  -9.983828
-0.21857615  0.16785423  -9.8437195
-0.14512978  0.16442207  -9.685123
-0.06223102  0.13270654  -9.520442
0.019257149  0.08341517  -9.361843
0.09158846  0.04061489  -9.23359
0.1456811  0.01409911  -9.154326
0.176966  -0.0050452966  -9.115762
0.1923939  -0.02453714  -9.100629
0.20137572  -0.046218675  -9.121433
0.20401251  -0.06483079  -9.198257
0.20258577  -0.084426105  -9.327476
0.20249277  -0.10278984  -9.477898
0.2115225  -0.12677264  -9.648486
0.22158591  -0.13970566  -9.8336
0.2059923  -0.12710737  -10.023042
0.14666535  -0.10268339  -10.204955
0.0483859  -0.08988133  -10.363761
-0.05598471  -0.0957469  -10.494654
-0.1489983  -0.09228142  -10.584858
-0.23338439  -0.06932419  -10.634881
-0.31816494  -0.03967889  -10.647318
-0.40006343  -0.015137932  -10.615952
-0.46567968  9.854954E-4  -10.535388
-0.51641697  0.007940709  -10.397482
-0.55500704  -0.0035644192  -10.225227
-0.5734046  -0.028943582  -10.044477
-0.55340385  -0.05420148  -9.838023
-0.49154603  -0.056931  -9.5922365
-0.4102451  -0.03514278  -9.335126
-0.32978478  -0.0016674594  -9.130197
-0.25870302  0.029749079  -8.988908
-0.19762468  0.057929974  -8.905063
-0.14747022  0.08273546  -8.879284
-0.109589994  0.09997207  -8.915526
-0.07514412  0.10339627  -9.000264
-0.041159544  0.09238362  -9.114308
-0.012840106  0.0839202  -9.264483
0.007709524  0.08361038  -9.459607
0.024487063  0.10020397  -9.690877
0.029138992  0.12490156  -9.922912
0.0132379355  0.1361372  -10.12288
-0.028727496  0.117488295  -10.288245
-0.08894592  0.075012885  -10.431072
-0.16362391  0.043133084  -10.5422945
-0.24071781  0.03914815  -10.58929
-0.30918625  0.051651016  -10.565205
-0.372689  0.0698654  -10.5012045
-0.4383044  0.08543765  -10.420674
-0.50549  0.10504856  -10.29411
-0.55998087  0.11646712  -10.114131
-0.57838297  0.094423704  -9.919113
-0.54805773  0.046571016  -9.728668
-0.46711016  -0.004058858  -9.531495
-0.3644429  -0.021668455  -9.323099
-0.26599398  -0.02472814  -9.155543
-0.18799286  -0.030567413  -9.058825
-0.1299191  -0.052102793  -9.01269
-0.084497355  -0.07894844  -8.987154
-0.053246457  -0.10170865  -8.993106
-0.0389331  -0.120287865  -9.062774
-0.031255372  -0.14011137  -9.188836
-0.01653851  -0.1628443  -9.33929
0.004737657  -0.18290444  -9.512685
0.03585308  -0.20431991  -9.743302
0.070775636  -0.20206141  -10.003524
0.09736695  -0.1612942  -10.249995
0.074607156  -0.09218014  -10.466975
0.0044297134  -0.054178167  -10.627718
-0.079099156  -0.06529779  -10.691424
-0.14201277  -0.0908485  -10.6290045
-0.19856077  -0.098941065  -10.497907
-0.27299666  -0.08172611  -10.374613
-0.35875738  -0.05516313  -10.265651
-0.43841723  -0.022467425  -10.145293
-0.50180006  -5.4072094E-4  -10.000474
-0.541404  -1.4335725E-4  -9.837916
-0.54714847  -0.0020636404  -9.667075
-0.5097573  0.0136398235  -9.480256
-0.4415845  0.054844394  -9.306752
-0.35228744  0.093239345  -9.1708975
-0.25372565  0.11061103  -9.073597
-0.14987092  0.108968414  -8.9877
-0.051899727  0.09746715  -8.922015
0.024766216  0.07848959  -8.918429
0.07632705  0.04899922  -8.994233
0.10747244  0.018405573  -9.126259
0.12535192  0.0015070233  -9.290494
0.123600185  -8.672178E-4  -9.4900675
0.10976747  -0.002156426  -9.721745
0.08753723  -0.0044930545  -9.939308
0.05963121  -0.0047774934  -10.117981
0.019773701  -0.00489837  -10.258536
-0.025106875  -0.00504194  -10.375245
-0.07153211  -0.0047180415  -10.468252
-0.11940473  0.0016157735  -10.519377
-0.16671054  0.013432954  -10.521055
-0.21657091  0.036539447  -10.48217
-0.2707497  0.071487986  -10.421768
-0.32390818  0.106907696  -10.330074
-0.38172308  0.13212955  -10.168103
-0.44065285  0.11957845  -9.954801
-0.4888599  0.067798816  -9.718884
-0.48719707  -0.004418872  -9.475009
-0.43855202  -0.041586876  -9.265565
-0.37959075  -0.037745345  -9.140768
-0.33842716  -0.028962346  -9.119165
-0.29796556  -0.036860123  -9.138888
-0.2332762  -0.06902248  -9.136273
-0.1491748  -0.10954069  -9.125636
-0.070930965  -0.15597688  -9.139101
-0.0134030385  -0.20188858  -9.19477
0.025498519  -0.23325288  -9.298947
0.042724192  -0.25214598  -9.474095
0.054652303  -0.27123687  -9.730793
0.056682277  -0.2813944  -9.986382
0.054270726  -0.28279588  -10.1951685
0.01443392  -0.25331116  -10.356383
-0.067204334  -0.20690352  -10.5098
-0.17966862  -0.1521338  -10.621673
-0.28767973  -0.11098817  -10.651276
-0.3753939  -0.08572937  -10.618895
-0.4447105  -0.067079045  -10.561147
-0.49473798  -0.045727257  -10.480125
-0.5147913  -0.024001239  -10.347905
-0.5112986  -0.0057022013  -10.16241
-0.49411097  -5.571057E-4  -9.967313
-0.46846578  3.0563522E-5  -9.781077
-0.42168662  0.0029823156  -9.5964985
-0.35986742  0.01991602  -9.415271
-0.29390547  0.047652174  -9.256644
-0.22801344  0.076328225  -9.135686
-0.16232388  0.10345954  -9.04631
-0.09361433  0.12210194  -8.987156
-0.02281057  0.1342073  -8.958212
0.049336564  0.13953894  -8.966254
0.11403342  0.14096773  -9.021369
0.15750074  0.14597279  -9.128074
0.17537236  0.15740323  -9.304581
0.18417503  0.16124715  -9.55293
0.1910008  0.16669947  -9.802363
0.19133341  0.1735124  -10.011872
0.1549434  0.18767433  -10.189533
0.07596477  0.1907212  -10.383912
-0.02620739  0.18959923  -10.567783
-0.11989055  0.18846124  -10.67476
-0.19286619  0.18832012  -10.690375
-0.25314227  0.1933219  -10.647172
-0.30625853  0.20551968  -10.565476
-0.34032726  0.23199677  -10.403077
-0.36492273  0.26806247  -10.142841
-0.37884125  0.27757975  -9.859888
-0.39490947  0.24861562  -9.620614
-0.3837191  0.18575175  -9.433188
-0.3382672  0.12731911  -9.268223
-0.25672117  0.08240091  -9.141975
-0.16264658  0.05887273  -9.0650625
-0.07666715  0.05586427  -9.013953
-0.006408145  0.06455377  -8.973817
0.041289803  0.07239441  -8.967704
0.0638119  0.0737944  -9.025254
0.06652449  0.071001746  -9.140401
0.06473151  0.060122326  -9.283676
0.06694951  0.030908206  -9.437655
0.075231194  -0.009399168  -9.6204195
0.09799796  -0.048006147  -9.810515
0.11009597  -0.06032734  -9.9894495
0.0792628  -0.06487477  -10.174313
-0.013844435  -0.06550344  -10.380612
-0.1336447  -0.07749391  -10.579717
-0.24718684  -0.09230151  -10.711586
-0.34246275  -0.10696069  -10.760898
-0.42155573  -0.110635005  -10.737117
-0.47692618  -0.09670437  -10.643493
-0.5032581  -0.075229794  -10.478164
-0.51295644  -0.048179507  -10.254238
-0.5143551  -0.0425427  -10.030958
-0.50281215  -0.05062267  -9.815583
-0.45302722  -0.05879576  -9.59843
-0.36381817  -0.04676355  -9.359913
-0.25812158  -0.02887099  -9.141772
-0.16232938  -0.0222765  -8.986167
-0.07856686  -0.009957521  -8.882495
0.0014811003  0.0144026615  -8.826414
0.06850159  0.04336181  -8.837933
0.1118286  0.046092357  -8.939541
0.13381596  0.030861393  -9.102016
0.15385254  0.023413211  -9.273626
0.17459476  0.045423806  -9.440511
0.19534881  0.067266114  -9.623609
0.20972401  0.06920651  -9.823643
0.20798635  0.06191845  -10.016825
0.17541234  0.067608856  -10.209283
0.11214159  0.08515942  -10.405379
0.035445068  0.09295235  -10.583762
-0.03542925  0.086048335  -10.688952
-0.092666216  0.07532976  -10.697839
-0.1430077  0.073380776  -10.640953
-0.19394241  0.08258834  -10.558927
-0.24540883  0.10142263  -10.463788
-0.29361853  0.12445432  -10.336843
-0.34565207  0.14477275  -10.1924515
-0.37888956  0.14115699  -10.045094
-0.36795425  0.12868501  -9.862678
-0.29575923  0.10791073  -9.632561
-0.20247106  0.09428626  -9.396816
-0.12059199  0.082205184  -9.222202
-0.060961228  0.081207395  -9.11233
-0.013255566  0.0811818  -9.046969
0.026160723  0.060611423  -9.036324
0.058144774  0.021548584  -9.081744
0.084478416  -0.012634784  -9.162736
0.10653534  -0.015917433  -9.264612
0.115469374  -0.0013825395  -9.410884
0.10416687  0.005662514  -9.622813
0.09340892  -0.00923663  -9.865222
0.08091817  -0.0027719724  -10.064839
0.054010767  0.025951883  -10.21692
-0.022378447  0.058298588  -10.360688
-0.13685213  0.055099893  -10.510087
-0.24983339  0.028888458  -10.615589
-0.32793918  0.011147998  -10.638823
-0.3720748  0.0071468563  -10.604019
-0.40384677  0.009658907  -10.541215
-0.42902836  0.007943179  -10.453229
-0.4462868  0.012773044  -10.3269
-0.4553469  0.028669348  -10.178977
-0.45640686  0.04310972  -10.021728
-0.4336287  0.043703865  -9.8386755
-0.38240287  0.033053488  -9.621495
-0.3154943  0.023993766  -9.405684
-0.24974228  0.02105509  -9.2404585
-0.1863209  0.023296364  -9.131695
-0.119253494  0.030011723  -9.063187
-0.05330388  0.036435917  -9.033566
0.006058421  0.03333902  -9.039261
0.055122305  0.022496672  -9.066941
0.0961379  0.006440988  -9.112151
0.12017957  -0.010071646  -9.200429
0.12049196  -0.028504765  -9.366641
0.11370156  -0.050138187  -9.584957
0.117058344  -0.05528167  -9.786273
0.12032586  -0.046406973  -9.947338
0.093094766  -0.039016243  -10.101884
0.02833228  -0.043575436  -10.265084
-0.048895717  -0.048861507  -10.392636
-0.122545846  -0.042560685  -10.448016
-0.19400074  -0.03779905  -10.46289
-0.26817968  -0.04634136  -10.460042
-0.3282589  -0.05970074  -10.417596
-0.3604889  -0.063917  -10.306203
-0.3822837  -0.051725104  -10.146793
-0.39526144  -0.05602887  -9.999457
-0.39019415  -0.07167896  -9.860446
-0.34238443  -0.09227096  -9.710298
-0.2660081  -0.087577544  -9.540694
-0.18669538  -0.07108986  -9.375706
-0.124517955  -0.052935448  -9.239639
-0.086849146  -0.03512532  -9.152504
-0.067342125  -0.017314697  -9.119584
-0.04808745  -0.009633007  -9.113447
-0.018885253  -0.01452143  -9.112262
0.020489097  -0.033777617  -9.113763
0.060730625  -0.04809339  -9.148148
0.0945938  -0.053797066  -9.226663
0.122080214  -0.05214574  -9.359567
0.14422397  -0.056345433  -9.539405
0.17844062  -0.078278005  -9.737663
0.19219108  -0.064418055  -9.911624
0.16484693  -0.022302598  -10.073601
0.078710936  0.03228284  -10.216957
-0.033139493  0.052053776  -10.346247
-0.14496589  0.049969833  -10.438805
-0.24911618  0.05677605  -10.488783
-0.33569208  0.070278384  -10.485959
-0.3978132  0.08774985  -10.406544
-0.442621  0.10775552  -10.275245
-0.47337708  0.11587325  -10.142846
-0.48196808  0.11009424  -10.017791
-0.4515176  0.09784623  -9.874394
-0.38656005  0.09302937  -9.71238
-0.31034267  0.10005329  -9.568763
-0.23785321  0.10834428  -9.473343
-0.1688192  0.11862058  -9.394746
-0.096029006  0.123370886  -9.30031
-0.019536598  0.12532085  -9.198911
0.04880936  0.1303941  -9.129563
0.097491056  0.13915141  -9.117084
0.1283843  0.14667235  -9.149677
0.15163411  0.14756583  -9.20625
0.18146269  0.13940604  -9.275626
0.21682043  0.12271577  -9.363442
0.24793494  0.10046723  -9.486392
0.27527133  0.076049544  -9.648856
0.30031803  0.060477328  -9.817456
0.31184813  0.057079747  -9.982687
0.27660182  0.07398534  -10.16129
0.19018193  0.09388909  -10.355758
0.08402438  0.11022798  -10.512677
-0.0050770016  0.113043755  -10.582053
-0.07442432  0.1090163  -10.57989
-0.14062768  0.09989064  -10.54518
-0.21054412  0.09934663  -10.4790125
-0.2867137  0.122864254  -10.377728
-0.3277997  0.115944184  -10.263764
-0.31501296  0.07984235  -10.125712
-0.23502135  0.025962463  -9.9530115
-0.124880396  0.009923431  -9.734409
-0.01697681  0.020751461  -9.5134535
0.074211754  0.029093862  -9.333702
0.14897643  0.02975972  -9.1996765
0.21398957  0.026988544  -9.101326
0.26222122  0.0289198  -9.022651
0.28541192  0.032872066  -8.984898
0.29088926  0.030809253  -9.015193
0.29968616  0.02064179  -9.106082
0.3221477  0.009121718  -9.219144
0.35209027  -6.4807944E-5  -9.339591
0.37813246  -0.011339874  -9.480188
0.39970365  -0.033565104  -9.663203
0.42983603  -0.062432215  -9.872853
0.43742666  -0.06610977  -10.07137
0.40188298  -0.047345724  -10.260701
0.3012693  -0.021848401  -10.435859
0.17998774  -0.024319222  -10.586068
0.07063102  -0.03921303  -10.6717615
-0.016533418  -0.040469304  -10.687393
-0.09538216  -0.022647545  -10.657168
-0.1733939  3.157705E-4  -10.5841055
-0.24805836  0.019921131  -10.473105
-0.30204102  0.02732881  -10.325051
-0.31571224  0.022403663  -10.130433
-0.27451524  0.0046441928  -9.8816805
-0.19647312  -0.00940783  -9.611926
-0.12043128  -0.015640134  -9.387214
-0.06354686  -0.01574565  -9.238182
-0.013907467  -0.0067163655  -9.13462
0.044374496  0.0175152  -9.045501
0.11003479  0.047639534  -8.976044
0.17110081  0.064245135  -8.935749
0.22177748  0.06666038  -8.926702
0.26395044  0.064287364  -8.9602
0.30033183  0.06362984  -9.056281
0.32784843  0.06974717  -9.223145
0.34592327  0.07769234  -9.440158
0.37054262  0.08240899  -9.672214
0.38839328  0.096476324  -9.891213
0.38189772  0.10032883  -10.101326
0.32742217  0.0850754  -10.302161
0.23923929  0.044457614  -10.472787
0.13365532  0.020084452  -10.582844
0.025431504  0.022050614  -10.628326
-0.075766675  0.037926603  -10.614341
-0.16954266  0.051078334  -10.537035
-0.2584158  0.06484851  -10.412801
-0.34761822  0.08165544  -10.268569
-0.4389358  0.09843898  -10.126755
-0.4935732  0.09016799  -9.977763
-0.48234963  0.056453932  -9.770203
-0.38834032  0.017794872  -9.514787
-0.26688567  0.009212027  -9.267911
-0.16199559  0.01820624  -9.108422
-0.087139934  0.019951148  -9.03162
-0.018660486  0.012778089  -8.983996
0.05836973  0.011353969  -8.954652
0.1301643  0.01600916  -8.958766
0.17539334  0.017569141  -9.013202
0.19265889  0.009828347  -9.112705
0.19627728  0.0034088485  -9.254621
0.19820362  -0.0022067807  -9.437104
0.20473419  -0.006044563  -9.650788
0.22234166  -0.016483994  -9.858733
0.21496922  -0.007924042  -10.049903
0.16182275  0.005297853  -10.237487
0.051872835  0.020647077  -10.420304
-0.07259002  0.018408082  -10.576491
-0.17964703  0.018428337  -10.663411
-0.26008278  0.03303225  -10.664611
-0.32681233  0.05769257  -10.598191
-0.39297238  0.07561106  -10.495912
-0.454635  0.079034336  -10.384821
-0.5119173  0.07320581  -10.254446
-0.54583615  0.053182155  -10.104001
-0.5476806  0.042358827  -9.934947
-0.49700105  0.04937476  -9.764016
-0.40726718  0.08162323  -9.585855
-0.2961594  0.10580004  -9.401248
-0.18735337  0.118517034  -9.228289
-0.09302651  0.12631427  -9.104671
-0.009734974  0.13187923  -9.056129
0.07276162  0.12584537  -9.053979
0.16252862  0.12171489  -9.047092
0.2520314  0.13457765  -9.036211
0.32704356  0.16010946  -9.07372
0.36868528  0.18756682  -9.206431
0.3749497  0.20525081  -9.421407
0.37291196  0.21051891  -9.655812
0.3703227  0.21658666  -9.863702
0.3491148  0.22137648  -10.053174
0.2760063  0.21772282  -10.242782
0.15436952  0.19115691  -10.41936
0.01881012  0.14902069  -10.539848
-0.1041043  0.11021472  -10.591147
-0.20863509  0.08316216  -10.596587
-0.304549  0.060320247  -10.587754
-0.39434162  0.040722337  -10.559758
-0.47036934  0.025265321  -10.485546
-0.53225636  0.027635792  -10.363164
-0.54682964  0.015621032  -10.202155
-0.50975466  -0.006228587  -10.006995
-0.42323098  -0.035574436  -9.799134
-0.33764648  -0.041864116  -9.609824
-0.2802969  -0.040559478  -9.480342
-0.255218  -0.048302557  -9.40709
-0.2452236  -0.0621127  -9.373528
-0.23394632  -0.076654024  -9.357858
-0.21071608  -0.09236909  -9.335309
-0.17633545  -0.10775045  -9.311726
-0.1317554  -0.12124845  -9.301712
-0.08787278  -0.12432293  -9.314312
-0.059975486  -0.10998988  -9.356118
-0.06917943  -0.07698474  -9.473783
-0.07024045  -0.07390159  -9.671944
-0.103850365  -0.050231844  -9.85206
-0.1840101  -0.023035852  -10.016634
-0.36362013  0.02193856  -10.149681
-0.5828205  0.020512352  -10.329318
-0.7861099  -0.00905137  -10.494527
-0.9527979  -0.025073105  -10.620015
-1.0911512  -0.022743197  -10.670338
-1.2139288  -0.014156495  -10.633679
-1.3086351  -0.0067875064  -10.529157
-1.372765  -3.5536708E-4  -10.395496
-1.4019718  -0.003616342  -10.2478285
-1.3945951  -0.016873619  -10.084104
-1.3431368  -0.034580305  -9.910667
-1.2641655  -0.033467066  -9.750907
-1.1875744  -0.010340313  -9.633496
-1.1297545  0.023722326  -9.560905
-1.0931748  0.05358098  -9.51374
-1.0692078  0.075155824  -9.467507
-1.0534735  0.090332925  -9.411683
-1.0535465  0.10472848  -9.3655615
-1.0785724  0.10852415  -9.366012
-1.1230568  0.102190696  -9.408938
-1.1610712  0.09297951  -9.454249
-1.1818029  0.08535718  -9.483836
-1.1969565  0.08217842  -9.533055
-1.2172931  0.0705935  -9.6141405
-1.2339822  0.06238283  -9.699304
-1.234433  0.047756452  -9.750728
-1.2379973  0.048630845  -9.790658
-1.2621621  0.06720517  -9.840851
-1.3025202  0.09856605  -9.877424
-1.3515335  0.12327746  -9.89239
-1.4122225  0.12628768  -9.917686
-1.4790645  0.11229664  -9.964084
-1.5137905  0.08255147  -9.952773
-1.5455629  0.08932457  -9.851323
-1.5370226  0.07076262  -9.7666445
-1.4837146  0.04535338  -9.7002
-1.3326932  8.699621E-4  -9.64845
-1.1474969  0.011737826  -9.536485
-0.9846422  0.046033144  -9.42381
-0.869778  0.059721366  -9.339926
-0.78786653  0.042085025  -9.291787
-0.7161738  0.013934414  -9.299482
-0.6563255  -0.0035130538  -9.330291
-0.6212195  -0.008812052  -9.36851
-0.60699147  -0.009264776  -9.40138
-0.60217285  -0.007765519  -9.448452
-0.59075326  -0.005936801  -9.5015
-0.5705533  -0.001948049  -9.55236
-0.5343054  -0.005031664  -9.596652
-0.48509264  -0.012379908  -9.622638
-0.43282163  -0.010496146  -9.645968
-0.38221726  -0.006959755  -9.667022
-0.33909085  0.0043173395  -9.702117
-0.28857067  0.012358799  -9.737752
-0.23210363  0.02808777  -9.751163
-0.17339356  0.046679992  -9.76163
-0.13285919  0.06033373  -9.792344
-0.1072205  0.07245987  -9.839552
-0.07751659  0.07788759  -9.854411
-0.038454097  0.08590721  -9.838395
-0.0073307753  0.084652126  -9.837873
0.0021617743  0.08665826  -9.873538
0.01653296  0.07555386  -9.895248
0.050421923  0.06516419  -9.877816
0.082446896  0.050850227  -9.871521
0.095102735  0.044797968  -9.900351
0.10878185  0.050513357  -9.925244
0.14302707  0.06039269  -9.907655
0.18508507  0.070486814  -9.878494
0.20782089  0.06862297  -9.873727
0.21453649  0.060125712  -9.888831
0.21138167  0.046289325  -9.895187
0.21481685  0.040616054  -9.890407
0.22469957  0.03581474  -9.864062
0.23655005  0.03963646  -9.837076
0.243477  0.038200326  -9.8162775
0.2476895  0.0409276  -9.818659
0.26035365  0.0399003  -9.815505
0.28090063  0.033406414  -9.812794
0.30551973  0.024548933  -9.802437
0.3206009  0.02242065  -9.806765
0.32313788  0.02656476  -9.8106165
0.31339672  0.036639046  -9.818902
0.30247176  0.03995418  -9.827
0.2854582  0.047909368  -9.849608
0.272633  0.06336015  -9.879385
0.27601233  0.08046162  -9.891267
0.29837635  0.100668274  -9.870654
0.3270677  0.111617625  -9.836752
0.3374157  0.12413027  -9.818742
0.3350787  0.127537  -9.819814
0.326272  0.12244863  -9.817412
0.32092464  0.102963425  -9.806213
0.3063881  0.08146653  -9.8044
0.29250616  0.060426295  -9.81762
0.2789601  0.05587715  -9.832206
0.2784377  0.056177005  -9.827189
0.2800622  0.05996551  -9.810839
0.28261995  0.05908738  -9.805964
0.27821338  0.05351141  -9.818881
0.2754375  0.05147061  -9.833922
0.2809138  0.050987493  -9.834772
0.28992647  0.046642225  -9.834087
0.2903346  0.03616731  -9.845711
0.28048196  0.026084283  -9.863986
0.27742377  0.027558165  -9.869038
0.28025004  0.03557955  -9.854068
0.28680742  0.04255101  -9.839949
0.2792644  0.038395222  -9.837041
0.2689012  0.033595186  -9.83895
0.25829944  0.030997112  -9.840726
0.24901687  0.03271186  -9.844661
0.23708521  0.028133936  -9.853436
0.22155344  0.025418028  -9.854923
0.21269433  0.025367811  -9.838643
0.205262  0.029198783  -9.822645
0.20088013  0.02759327  -9.810899
0.20384477  0.027240815  -9.802432
0.2151907  0.029422281  -9.790152
0.2275818  0.036305055  -9.780183
0.23584385  0.036835406  -9.764089
0.23539154  0.025828103  -9.7579
0.224717  0.0089522125  -9.767612
0.20602918  -0.003264167  -9.799056
0.19113709  -0.0072618923  -9.820497
0.18765956  -0.015178837  -9.819496
0.18867445  -0.02527233  -9.814165
0.186634  -0.03260289  -9.819951
0.18378945  -0.021442534  -9.833878
0.197374  -0.008938545  -9.827984
0.21563964  0.005755406  -9.808297
0.2320878  0.005554817  -9.789833
0.23311524  0.0050178124  -9.788369
0.23094773  0.0042470726  -9.794185
0.22752126  0.0080794925  -9.795037
0.2234797  0.009612265  -9.793559
0.21391016  0.007653877  -9.7978325
0.19854009  0.006678281  -9.808414
0.18547277  0.011591792  -9.807334
0.18325377  0.019854838  -9.786252
0.18744671  0.026061567  -9.757448
0.18611829  0.030165764  -9.742621
0.18232857  0.033856753  -9.738179
0.18605779  0.040784474  -9.730712
0.20009784  0.049809117  -9.716487
0.21050674  0.057867736  -9.713515
0.21083204  0.06266717  -9.724705
0.21040435  0.065712556  -9.737911
0.21231037  0.0701282  -9.745406
0.21444623  0.07389438  -9.752657
0.20747204  0.07680666  -9.770805
0.20137644  0.0770332  -9.786645
0.19977675  0.078802116  -9.79336
0.20162706  0.078345254  -9.796664
0.20224349  0.07649238  -9.803195
0.20479876  0.071953155  -9.80698
0.21366225  0.069153376  -9.796392
0.22363932  0.06797277  -9.779418
0.22764252  0.06518041  -9.769352
0.22306597  0.058589935  -9.771545
0.216757  0.051797558  -9.776268
0.21353833  0.04979762  -9.778094
0.21460961  0.051888805  -9.7775755
0.21736722  0.052633274  -9.77893
0.22305827  0.05127408  -9.775157
0.22803102  0.051751237  -9.769623
0.22932942  0.052301425  -9.764732
0.22634393  0.05340746  -9.769481
0.2221787  0.05436541  -9.776469
0.22110714  0.05430405  -9.779936
0.22026916  0.054566678  -9.776418
0.21932952  0.05317365  -9.773693
0.21922703  0.05113927  -9.772203
0.22249939  0.04773308  -9.775073
0.22758023  0.04485898  -9.780347
0.23121913  0.04241884  -9.789084
0.23253417  0.042077567  -9.798686
0.23486693  0.03983747  -9.805347
0.23612966  0.038160007  -9.8132925
0.23210664  0.035150852  -9.824294
0.223651  0.033094298  -9.835137
0.21908563  0.031139897  -9.835101
0.22120006  0.029564038  -9.826464
0.22388922  0.02888927  -9.818943
0.22309917  0.03009764  -9.81504
0.22143121  0.032210138  -9.809947
0.22307368  0.03405353  -9.800576
0.2239428  0.036448475  -9.796718
0.21954131  0.037789036  -9.8038
0.2092235  0.03940018  -9.816606
0.19844611  0.03823161  -9.824825
0.19209553  0.036939934  -9.824243
0.18883759  0.03390396  -9.8238325
0.18537967  0.030726373  -9.827781
0.18136859  0.029897965  -9.833198
0.17819001  0.034411877  -9.831586
0.17659386  0.04207482  -9.827222
0.17462854  0.047974285  -9.824639
0.17211765  0.04984859  -9.821486
0.16984044  0.052621406  -9.808892
0.164219  0.055830583  -9.7950325
0.1537246  0.057525504  -9.790347
0.14271854  0.056876387  -9.795396
0.13523477  0.056133375  -9.795689
0.1324332  0.054518774  -9.788157
0.12853861  0.053038258  -9.78267
0.12587334  0.050025854  -9.785538
0.12368687  0.049309786  -9.793614
0.12132633  0.04781577  -9.801697
0.1154274  0.04655895  -9.8082
0.10820184  0.042838294  -9.812341
0.10443848  0.037801355  -9.814765
0.10724503  0.032598034  -9.813945
0.114493705  0.02841551  -9.813281
0.12221536  0.026192902  -9.810206
0.12811376  0.027046854  -9.807435
