-0.32258973  0.17121151  -10.509012
-0.29046565  0.18411696  -10.406425
-0.24357684  0.18874137  -10.325901
-0.15627885  0.19350483  -10.167811
-0.08858722  0.19644678  -10.073786
-0.061925024  0.20790337  -10.038867
-0.06091246  0.22519433  -10.029618
-0.055911686  0.23381013  -10.010435
-0.04564911  0.22904629  -9.980202
-0.044902  0.21293658  -9.975939
-0.052769523  0.19410092  -9.983499
-0.057999443  0.175892  -9.977124
-0.057267908  0.16502723  -9.960978
-0.054974597  0.15734528  -9.950435
-0.056562897  0.15051754  -9.949088
-0.058019225  0.1446969  -9.942358
-0.056285053  0.1372363  -9.929534
-0.052256424  0.13348675  -9.923481
-0.04846963  0.13248436  -9.926946
-0.045260224  0.1363932  -9.932569
-0.042410936  0.1408064  -9.930826
-0.038269233  0.14618148  -9.924501
-0.03317214  0.15217198  -9.918298
-0.027401581  0.15799545  -9.914676
-0.022832869  0.15944338  -9.914945
-0.01948864  0.15673763  -9.917216
-0.015858972  0.15236835  -9.9206
-0.009585657  0.15048683  -9.919066
-0.0016790302  0.14847265  -9.911979
0.0065127076  0.14197885  -9.902969
0.014124584  0.13002038  -9.895961
0.022939408  0.11804093  -9.892785
0.03368592  0.11142561  -9.892937
0.045018196  0.1082258  -9.896014
0.05524071  0.10198027  -9.902287
0.0646024  0.09141311  -9.908092
0.07773311  0.07800879  -9.908179
0.0939639  0.06374759  -9.905663
0.11008248  0.04682855  -9.904656
0.12210324  0.030006146  -9.909721
0.13311839  0.016912859  -9.911658
0.14475495  0.009272028  -9.910659
0.15503748  0.0050526466  -9.911416
0.16168904  0.0023900282  -9.915324
0.16617633  2.6954172E-4  -9.915703
0.17277195  0.0018740073  -9.906129
0.18221696  0.009638063  -9.896675
0.1949716  0.025679164  -9.895192
0.2081845  0.049745124  -9.9036255
0.21870027  0.07994669  -9.919715
0.22579694  0.109036885  -9.939889
0.23456639  0.1279569  -9.955273
0.24999674  0.13523501  -9.955765
0.275123  0.13539357  -9.934691
0.30822602  0.13266885  -9.899761
0.34566316  0.12493694  -9.863879
0.38204744  0.11345852  -9.842036
0.41129148  0.10021011  -9.838211
0.43186224  0.086466424  -9.848089
0.4477931  0.072127394  -9.8646345
0.46691927  0.060731176  -9.877448
0.4953443  0.0567382  -9.8793
0.53366464  0.056849897  -9.869464
0.5807615  0.054154545  -9.85574
0.6342688  0.046257347  -9.841335
0.69238925  0.037168503  -9.825498
0.7538817  0.036656376  -9.803987
0.8132906  0.045378145  -9.78339
0.8609579  0.063544445  -9.782706
0.88997346  0.078416646  -9.809591
0.90346414  0.09089681  -9.853565
0.9091415  0.100556314  -9.898075
0.91257507  0.112510055  -9.941962
0.91885346  0.12887327  -9.985003
0.9335142  0.15350237  -10.016635
0.9458139  0.18594591  -10.03299
0.937612  0.2188089  -10.055108
0.8922105  0.24103189  -10.103195
0.82607526  0.24495591  -10.173991
0.7630465  0.23328578  -10.233955
0.72211415  0.21343231  -10.259701
0.6960785  0.1949339  -10.253901
0.6746288  0.17578089  -10.221526
0.6465703  0.1544317  -10.180992
0.61575866  0.1239964  -10.133565
0.5899925  0.086396396  -10.083586
0.5766383  0.048642088  -10.025959
0.57026213  0.017431837  -9.976017
0.5657797  -0.0070995544  -9.944888
0.5625269  -0.03248604  -9.922862
0.56477314  -0.059455495  -9.887425
0.5657471  -0.0777384  -9.83971
0.55827934  -0.07715546  -9.7956505
0.54013175  -0.05705448  -9.7734
0.5174497  -0.03424964  -9.769145
0.4978759  -0.023772776  -9.773578
0.4854455  -0.02795698  -9.780299
0.47791538  -0.041265752  -9.796739
0.46588397  -0.055692356  -9.831161
0.43897834  -0.06924418  -9.880853
0.39899015  -0.07463885  -9.942552
0.35370064  -0.06628733  -10.014347
0.3089946  -0.05572326  -10.112718
0.2743746  -0.059842985  -10.22848
0.2520079  -0.081465214  -10.319306
0.22697248  -0.093426056  -10.365082
0.17261808  -0.08890738  -10.394553
0.08788819  -0.08233957  -10.436699
0.0033997092  -0.08779945  -10.451871
-0.054691885  -0.09692963  -10.398324
-0.08964158  -0.090944864  -10.279934
-0.112876445  -0.063347764  -10.140992
-0.12941417  -0.030978575  -10.009099
-0.12651445  -0.012853793  -9.885497
-0.10726755  -0.012360304  -9.778705
-0.07856428  -0.016070189  -9.703555
-0.051708087  -0.0097165415  -9.670975
-0.021319127  5.2122754E-4  -9.657703
0.017128633  0.01719178  -9.63694
0.06271148  0.03383537  -9.597949
0.10500428  0.04838152  -9.561026
0.13745923  0.053753108  -9.5342245
0.15829946  0.05658899  -9.5226555
0.17119594  0.0718356  -9.526671
0.1755621  0.10382241  -9.551745
0.1657667  0.14500083  -9.617164
0.14053394  0.18448998  -9.72726
0.11290148  0.21645643  -9.862433
0.10068216  0.23298492  -9.993946
0.11758268  0.22929202  -10.096218
0.15812396  0.22495084  -10.162881
0.18501909  0.24216767  -10.189183
0.15289284  0.2744176  -10.222028
0.051169436  0.2986954  -10.298257
-0.0748881  0.29982173  -10.3968315
-0.17325301  0.2890919  -10.456906
-0.23140472  0.27738932  -10.435916
-0.2691395  0.26310748  -10.355411
-0.30929437  0.25338343  -10.236858
-0.36505768  0.25498608  -10.09967
-0.4237714  0.26820922  -9.964566
-0.45367587  0.27621344  -9.830377
-0.42552233  0.2745375  -9.679637
-0.3489776  0.27543733  -9.510747
-0.26591304  0.283737  -9.371857
-0.212107  0.28859028  -9.30907
-0.19036613  0.27099183  -9.327018
-0.17816143  0.22409415  -9.390068
-0.15193759  0.16164838  -9.456295
-0.10070174  0.108856566  -9.500684
-0.03646892  0.09077433  -9.521694
0.01625165  0.10079926  -9.554722
0.03742318  0.110736586  -9.612604
0.033704475  0.10373453  -9.716248
0.02278204  0.07263357  -9.858052
0.027504513  0.03595437  -10.022639
0.052059542  -0.0035372265  -10.172467
0.08771794  -0.02393082  -10.273212
0.09564945  -0.024997728  -10.345901
0.039041262  -0.01734507  -10.429116
-0.07270252  -0.024045339  -10.538769
-0.18490882  -0.031186616  -10.612656
-0.25166157  -0.020860234  -10.5851965
-0.27312526  0.015865887  -10.455873
-0.28693947  0.06271554  -10.293618
-0.32517245  0.100234516  -10.158023
-0.39411354  0.10959697  -10.068341
-0.45815325  0.08238805  -10.022027
-0.46743155  0.04526742  -9.961086
-0.4063578  0.026588546  -9.837646
-0.30865106  0.040858697  -9.658572
-0.21814452  0.07793569  -9.485035
-0.15162618  0.11411784  -9.371559
-0.103324056  0.13737653  -9.311891
-0.059724797  0.14499308  -9.290638
-0.017643029  0.14848515  -9.298474
0.019504568  0.15284692  -9.334812
0.045078695  0.15408815  -9.399625
0.06364191  0.14998811  -9.482272
0.08206151  0.14413448  -9.574029
0.10292683  0.14879806  -9.675266
0.123164654  0.16706795  -9.7871475
0.14459248  0.19321012  -9.914009
0.14715481  0.21003723  -10.037075
0.11063359  0.2182181  -10.160203
0.020907646  0.21532744  -10.2801485
-0.08931426  0.19561203  -10.388625
-0.17916822  0.16119672  -10.447152
-0.22622235  0.13285334  -10.444995
-0.24978854  0.13289967  -10.383795
-0.2774279  0.1627271  -10.298893
-0.32903984  0.19786978  -10.203427
-0.3954285  0.22776473  -10.107174
-0.46416044  0.2421694  -10.033968
-0.49966606  0.24370253  -9.96898
-0.47059536  0.23922332  -9.873645
-0.3820502  0.24744411  -9.71585
-0.28564098  0.25362435  -9.555345
-0.22917728  0.24265264  -9.473708
-0.21722241  0.20167744  -9.489312
-0.21538238  0.14900516  -9.542474
-0.19207872  0.100257814  -9.578088
-0.13105454  0.0669311  -9.576417
-0.04525656  0.061479777  -9.553861
0.030709421  0.072958946  -9.5636215
0.06791978  0.08610829  -9.643732
0.06605143  0.087450564  -9.79338
0.058495503  0.067212366  -9.972701
0.07270778  0.03133291  -10.130325
0.072430916  0.00799455  -10.249996
0.0035240117  0.00850591  -10.377956
-0.12448049  0.027135871  -10.526532
-0.23819883  0.04298811  -10.643529
-0.27888286  0.056881636  -10.6554
-0.27793953  0.076306425  -10.5661125
-0.29179025  0.09442175  -10.466142
-0.34699345  0.10283262  -10.387787
-0.42569265  0.09403193  -10.328482
-0.5005303  0.06765921  -10.237838
-0.5398243  0.044406552  -10.121562
-0.5252684  0.032408025  -9.9808655
-0.45151818  0.03774214  -9.830982
-0.35063943  0.059885513  -9.664569
-0.26029345  0.09173717  -9.506807
-0.19671178  0.118667215  -9.389072
-0.15334351  0.12159896  -9.325551
-0.11688692  0.10852581  -9.30294
-0.08306956  0.100979924  -9.309727
-0.05274402  0.115478754  -9.347441
-0.019187948  0.13416535  -9.403569
0.018551514  0.14446963  -9.467899
0.060364485  0.14786027  -9.540202
0.10080614  0.15487206  -9.637864
0.11936909  0.1565394  -9.755888
0.09220786  0.14405988  -9.894502
0.0233123  0.12210647  -10.043166
-0.047538146  0.10203055  -10.176866
-0.0916811  0.09113428  -10.269914
-0.12593375  0.09138582  -10.321036
-0.17838907  0.093666255  -10.355261
-0.24868225  0.09655383  -10.366437
-0.31185308  0.096562296  -10.335986
-0.35169795  0.10075698  -10.256268
-0.38327253  0.11629707  -10.139569
-0.4305221  0.13887765  -10.01864
-0.45931122  0.14485127  -9.909553
-0.41520166  0.1259147  -9.761033
-0.30187762  0.091851704  -9.560763
-0.19275707  0.06557571  -9.3676
-0.15356462  0.049835313  -9.2810135
-0.16179371  0.032756727  -9.310096
-0.16113909  0.0131699545  -9.361732
-0.1199666  -0.0108665  -9.391358
-0.052924436  -0.03169137  -9.402047
0.0035236888  -0.043851078  -9.449913
0.03917102  -0.05455807  -9.549607
0.06338034  -0.06543952  -9.679736
0.08695998  -0.070774324  -9.811782
0.11023178  -0.07214245  -9.937637
0.107714385  -0.067850955  -10.043102
0.0536456  -0.06845016  -10.150298
-0.052034598  -0.056476157  -10.27691
-0.1544442  -0.028031953  -10.403546
-0.20866139  0.013093551  -10.46949
-0.22314584  0.043603092  -10.44856
-0.24771349  0.061358545  -10.399706
-0.30253455  0.06939649  -10.3687105
-0.37278196  0.06539688  -10.34576
-0.43736252  0.042923033  -10.296367
-0.46630824  0.018680293  -10.204533
-0.43970788  0.0074503566  -10.073651
-0.36528423  0.009577572  -9.912034
-0.28881302  0.018583836  -9.756378
-0.24149841  0.034666326  -9.629318
-0.21656688  0.050224975  -9.545348
-0.18433507  0.057973698  -9.475675
-0.13041  0.05249377  -9.407369
-0.064615995  0.04791524  -9.350076
-0.012563863  0.04840138  -9.341275
0.011834189  0.055996224  -9.4019575
0.021249345  0.07594045  -9.516544
0.0345464  0.108589344  -9.653571
0.06467813  0.14280282  -9.802151
0.10102465  0.16238974  -9.953148
0.104384445  0.15882933  -10.09479
0.045302074  0.1464863  -10.23219
-0.062829636  0.1294541  -10.3596525
-0.16233851  0.11305958  -10.45498
-0.22235774  0.09217862  -10.488751
-0.25391677  0.07742429  -10.467793
-0.2827007  0.07973731  -10.4254675
-0.31985807  0.103148036  -10.365742
-0.36281952  0.130556  -10.28275
-0.4078153  0.14524384  -10.171616
-0.45992908  0.15114948  -10.060617
-0.49463487  0.15463953  -9.980632
-0.4813242  0.1623152  -9.898968
-0.40483153  0.15944327  -9.763726
-0.31963944  0.13938148  -9.594582
-0.27177295  0.102181435  -9.469349
-0.2581782  0.06258736  -9.430547
-0.2319564  0.029286088  -9.424773
-0.17074414  6.381128E-4  -9.397915
-0.09568759  -0.021256072  -9.361741
-0.03930328  -0.031145474  -9.371986
-0.01329828  -0.027869066  -9.46196
0.0021872977  -0.022146612  -9.604238
0.029625865  -0.024833182  -9.7540245
0.066477485  -0.040366888  -9.886571
0.104527436  -0.07332644  -10.004899
0.113962226  -0.09801445  -10.105207
0.062817  -0.09581535  -10.226971
-0.052874703  -0.05748716  -10.387924
-0.16866799  -0.010039891  -10.521537
-0.21963798  0.025152406  -10.535544
-0.21546896  0.04254171  -10.42353
-0.22086811  0.048552245  -10.3026495
-0.2653525  0.04963022  -10.226235
-0.3387277  0.052429244  -10.174561
-0.40566197  0.056316715  -10.098716
-0.42451867  0.05867693  -9.996956
-0.3698884  0.05305611  -9.865414
-0.26404366  0.04950506  -9.724933
-0.16806732  0.051349327  -9.604661
-0.11125845  0.06722126  -9.528713
-0.07896558  0.08674115  -9.483447
-0.043578368  0.098573916  -9.440312
0.0018534432  0.093175024  -9.397472
0.04968374  0.08105713  -9.37703
0.093361385  0.07405753  -9.394619
0.13438387  0.07538042  -9.447238
0.1752427  0.08143315  -9.524033
0.21611483  0.09535419  -9.625838
0.2569866  0.113046356  -9.75949
0.31435812  0.13013655  -9.902648
0.36148468  0.14755361  -10.025363
0.34686613  0.16279177  -10.151935
0.23885946  0.16020365  -10.317706
0.087035276  0.13419832  -10.504468
-0.032404225  0.09503672  -10.631996
-0.09190723  0.056959104  -10.636545
-0.127217  0.030521957  -10.55595
-0.18031125  0.026248248  -10.4545145
-0.26359117  0.04631352  -10.372601
-0.3520064  0.08103068  -10.290458
-0.43031538  0.12380237  -10.18523
-0.47247803  0.1582508  -10.064139
-0.45090964  0.17201523  -9.91052
-0.36389446  0.15412106  -9.72193
-0.27398524  0.11999461  -9.55529
-0.23707084  0.0848223  -9.472703
-0.240223  0.060586527  -9.476408
-0.2259733  0.041871566  -9.475991
-0.17463149  0.017804047  -9.447326
-0.10902357  -0.018868284  -9.4099245
-0.0569063  -0.055459067  -9.413484
-0.022064418  -0.076946825  -9.465263
0.0041064  -0.08528938  -9.555316
0.031613786  -0.086306445  -9.664042
0.06139366  -0.08205404  -9.784938
0.08886551  -0.072318375  -9.91974
0.12628274  -0.07586875  -10.050934
0.14269386  -0.07900702  -10.152603
0.08734831  -0.06726032  -10.279662
-0.05621241  -0.021683862  -10.462545
-0.21123576  0.037866283  -10.639882
-0.29589236  0.086914904  -10.698884
-0.31738767  0.11116684  -10.609595
-0.34438193  0.112555206  -10.470987
-0.41566232  0.102561794  -10.346604
-0.5303574  0.08670344  -10.258926
-0.6257314  0.056619927  -10.183397
-0.6382776  0.024283366  -10.065137
-0.5470934  0.015826937  -9.8748255
-0.41530704  0.04276958  -9.656387
-0.31500953  0.086973764  -9.49155
-0.2592637  0.12262356  -9.413872
-0.21059264  0.13702188  -9.371558
-0.14759506  0.13232201  -9.325831
-0.077171944  0.12153149  -9.282842
-0.016400764  0.110892  -9.273305
0.027441815  0.10677958  -9.317184
0.056801762  0.10421928  -9.40603
0.07875708  0.10354409  -9.522481
0.10544487  0.10906047  -9.638495
0.14096218  0.12090518  -9.753563
0.18136387  0.13258411  -9.880237
0.23058029  0.13352884  -10.013387
0.26314664  0.12558375  -10.129257
0.24071288  0.10999492  -10.226963
0.13271849  0.091578  -10.339042
-0.022365257  0.07187435  -10.460467
-0.15908943  0.05619513  -10.534866
-0.24463183  0.04731847  -10.525481
-0.2949803  0.04187135  -10.446815
-0.34446648  0.04309216  -10.359588
-0.40514088  0.050587516  -10.2874
-0.48340368  0.07115351  -10.239804
-0.530483  0.086658336  -10.198673
-0.49177805  0.08507225  -10.088397
-0.35759625  0.05435196  -9.876399
-0.21498215  0.012493926  -9.636745
-0.14589487  -0.02423182  -9.483726
-0.1447203  -0.04933128  -9.453221
-0.14559795  -0.06469413  -9.454116
-0.11462327  -0.074109204  -9.443236
-0.061060805  -0.07830182  -9.42195
-0.01025206  -0.078283645  -9.424333
0.030347636  -0.0763671  -9.454099
0.06603971  -0.07808046  -9.50781
0.10172775  -0.08593478  -9.591175
0.13773443  -0.10032008  -9.701195
0.1666174  -0.10882294  -9.8278475
0.19210207  -0.11227092  -9.951619
0.21765177  -0.120452814  -10.046399
0.19742872  -0.12543283  -10.145387
0.09249529  -0.108265616  -10.28483
-0.067651846  -0.059773043  -10.456549
-0.19041647  -9.856976E-4  -10.551536
-0.22719534  0.04405215  -10.500703
-0.23369873  0.06393174  -10.35529
-0.26698956  0.061145652  -10.217179
-0.34072185  0.047579598  -10.123047
-0.43506444  0.029176166  -10.054153
-0.503465  0.006153898  -9.984175
-0.50180215  -0.009250824  -9.886003
-0.4055468  -0.0034437918  -9.734901
-0.26071653  0.021308495  -9.551388
-0.13847786  0.047388922  -9.402268
-0.069436125  0.073646374  -9.321264
-0.035655692  0.107164346  -9.295089
-0.0038306413  0.14415614  -9.268894
0.035337374  0.16542372  -9.233735
0.073826455  0.16563106  -9.20508
0.103021204  0.15201996  -9.20848
0.121810906  0.1432745  -9.259229
0.1351431  0.14492007  -9.355969
0.14851157  0.14874901  -9.486912
0.1666367  0.1516735  -9.636905
0.19657487  0.16228144  -9.785117
0.24749422  0.18537307  -9.923312
0.2987829  0.20757611  -10.038694
0.30601692  0.20416944  -10.136346
0.23156957  0.17731254  -10.24558
0.101213634  0.13074939  -10.35863
-0.03055589  0.08384686  -10.440068
-0.1298106  0.04021323  -10.440352
-0.2087208  0.015723074  -10.376686
-0.28509006  0.013765133  -10.297035
-0.36626676  0.044394385  -10.224961
-0.44321254  0.10043877  -10.177489
-0.45972434  0.14318992  -10.099542
-0.37956896  0.14000228  -9.947178
-0.24056213  0.08706105  -9.730495
-0.13625018  0.02070175  -9.560606
-0.11643084  -0.029917875  -9.50944
-0.13023303  -0.061157625  -9.538934
-0.1215874  -0.083687745  -9.548465
-0.07599727  -0.10249918  -9.504509
-0.021856412  -0.11016471  -9.438786
0.018114464  -0.10296518  -9.399848
0.03777607  -0.090346396  -9.415256
0.04599279  -0.08678732  -9.481154
0.051729266  -0.090463065  -9.5866
0.06372704  -0.09054944  -9.717402
0.0833504  -0.089138865  -9.865228
0.10650575  -0.10215635  -10.0213
0.1329279  -0.14608736  -10.177287
0.15646218  -0.20766984  -10.310179
0.14779986  -0.24239779  -10.421261
0.0699579  -0.22268294  -10.546876
-0.053047776  -0.15956901  -10.660145
-0.1645394  -0.08803823  -10.699359
-0.22121973  -0.030860081  -10.610969
-0.2552683  0.009610836  -10.457375
-0.30647585  0.02108745  -10.316517
-0.39245114  0.008524309  -10.212884
-0.4802113  -0.016149707  -10.129425
-0.5173537  -0.02691108  -10.03666
-0.46774077  -0.020581318  -9.896272
-0.358724  0.005705578  -9.727923
-0.24391544  0.04039858  -9.566827
-0.15491636  0.084213376  -9.452248
-0.08446437  0.119027056  -9.369312
-0.01891718  0.13098736  -9.297367
0.034995336  0.11306569  -9.246146
0.067809545  0.08120964  -9.230232
0.076663435  0.057136025  -9.262643
0.07871861  0.049502905  -9.325748
0.09194132  0.057419773  -9.396317
0.123578094  0.077900305  -9.468022
0.16640384  0.10386097  -9.555774
0.21128042  0.12658288  -9.669955
0.26117194  0.15022333  -9.809443
0.3189887  0.18491094  -9.957789
0.35368505  0.22633998  -10.113757
0.3284023  0.24944834  -10.283705
0.23019938  0.24898064  -10.455891
0.106750876  0.23157497  -10.587902
0.001692952  0.2055155  -10.621608
-0.07260347  0.15674932  -10.549445
-0.13821433  0.09314868  -10.413029
-0.21093087  0.04892489  -10.26405
-0.29474846  0.060667012  -10.12706
-0.37152967  0.12281755  -10.010608
-0.40174437  0.18003996  -9.88979
-0.34725252  0.18568714  -9.720756
-0.23716281  0.13535418  -9.52176
-0.13540544  0.05884807  -9.363116
-0.08896086  -0.011412986  -9.310903
-0.07016074  -0.072035156  -9.323905
-0.04659116  -0.111675285  -9.343449
-0.0081664175  -0.13225256  -9.345363
0.034794237  -0.12803894  -9.346213
0.07882084  -0.11198834  -9.361544
0.12003683  -0.09816176  -9.413941
0.15218274  -0.092641324  -9.504289
0.16758482  -0.09263588  -9.633882
0.17015153  -0.09123159  -9.7866955
0.1687906  -0.08649286  -9.957049
0.17274201  -0.08370036  -10.120183
0.19810645  -0.09788501  -10.257298
0.23208658  -0.122426175  -10.344239
0.23837632  -0.12875342  -10.41729
0.16932072  -0.09784788  -10.529784
0.057570253  -0.046203643  -10.6498165
-0.043194752  -0.007069336  -10.704331
-0.0950385  0.01801358  -10.636548
-0.13672453  0.046731535  -10.50744
-0.20965011  0.07595568  -10.379402
-0.32324836  0.085045904  -10.277447
-0.4231763  0.06154501  -10.184734
-0.4506421  0.033429522  -10.062627
-0.38241896  0.020548785  -9.895432
-0.26808122  0.03362434  -9.709765
-0.16081639  0.063245535  -9.56552
-0.08493698  0.11619511  -9.486368
-0.025071613  0.17978512  -9.44897
0.032792065  0.2266255  -9.42197
0.08967966  0.2302856  -9.395651
0.13683471  0.19633627  -9.384353
0.16928838  0.150929  -9.40443
0.18788  0.11492769  -9.463885
0.19892268  0.095176734  -9.562937
0.21283919  0.09357628  -9.680301
0.2311915  0.10983107  -9.804301
0.25392738  0.14260341  -9.925248
0.28402653  0.18325521  -10.040986
0.33633566  0.22178869  -10.137893
0.3841741  0.24609071  -10.206111
0.37487552  0.24552555  -10.267935
0.26793435  0.22896428  -10.352904
0.10567332  0.20637244  -10.449185
-0.04027487  0.19496138  -10.4958315
-0.13762826  0.18431826  -10.46016
-0.20843203  0.17393796  -10.365384
-0.2831967  0.17059858  -10.27299
-0.3736217  0.19234306  -10.196101
-0.45301095  0.22685641  -10.139121
-0.4818004  0.2396049  -10.04965
-0.4284401  0.21483041  -9.890353
-0.3423544  0.16691928  -9.716107
-0.28219083  0.11918753  -9.608049
-0.28229472  0.07542575  -9.615138
-0.3002456  0.02998385  -9.667405
-0.2991746  -0.00741631  -9.699531
-0.2657683  -0.028963668  -9.693307
-0.21789098  -0.025505736  -9.659745
-0.17860834  -0.0047763935  -9.626817
-0.1619794  0.023261542  -9.617219
-0.16780216  0.038095504  -9.646814
-0.18341357  0.034501087  -9.7145605
-0.19084321  0.015061937  -9.801322
-0.18204893  -0.011161845  -9.8881445
-0.16862522  -0.037480842  -9.974514
-0.16728948  -0.058155984  -10.0722475
-0.16609256  -0.066585116  -10.172188
-0.16337477  -0.044290204  -10.236084
-0.18393932  -0.007858253  -10.251698
-0.28279093  0.01376867  -10.269139
-0.43789968  0.0029386429  -10.321436
-0.58111525  -0.017237233  -10.373692
-0.66705865  -0.026788982  -10.369882
-0.7282869  -0.026647424  -10.30735
-0.8232946  -0.020912861  -10.249658
-0.9402282  -0.0018813573  -10.236983
-1.0125643  0.035399254  -10.228332
-0.98799103  0.08677999  -10.156356
-0.89774084  0.13780223  -10.011727
-0.814404  0.17160027  -9.876624
-0.77493954  0.18893726  -9.808171
-0.7596093  0.20170988  -9.785675
-0.7421217  0.20800579  -9.757581
-0.72410506  0.20308234  -9.71757
-0.7225058  0.18267478  -9.686383
-0.74368364  0.15613075  -9.681469
-0.7781554  0.13035539  -9.699688
-0.8146792  0.10759631  -9.731405
-0.8453292  0.08621613  -9.772242
-0.8636496  0.059598226  -9.818978
-0.8710954  0.038888674  -9.863887
-0.88068014  0.032763112  -9.920978
-0.9038325  0.04135718  -9.993941
-0.9363052  0.055772822  -10.072181
-0.9657033  0.07632561  -10.134557
-0.9821918  0.10763687  -10.169154
-0.9894647  0.15049656  -10.181586
-0.9948705  0.19632496  -10.16586
-1.0105203  0.23838429  -10.128437
-1.046153  0.2788554  -10.087181
-1.0921243  0.31948265  -10.046476
-1.1311278  0.357227  -9.996046
-1.1707672  0.37887672  -9.93537
-1.2047559  0.36293367  -9.893541
-1.204861  0.32681826  -9.871369
-1.1165293  0.29951513  -9.817317
-0.97649163  0.2943723  -9.716979
-0.86392874  0.2877977  -9.62461
-0.82349926  0.26545593  -9.602856
-0.8154405  0.23193474  -9.639226
-0.7848854  0.1890627  -9.668693
-0.72136563  0.13602935  -9.658722
-0.6521966  0.086294465  -9.633843
-0.5944769  0.054743785  -9.623582
-0.5551781  0.04635307  -9.647993
-0.52712965  0.0478538  -9.6908865
-0.5085635  0.053274482  -9.743865
-0.49909654  0.048539028  -9.804576
-0.49229065  0.043204177  -9.86412
-0.47447857  0.043755773  -9.912617
-0.43718085  0.055389673  -9.941936
-0.37773284  0.073817514  -9.936348
-0.31445876  0.08053262  -9.915366
-0.2612179  0.082702495  -9.901549
-0.2290142  0.08207417  -9.915811
-0.21290372  0.087753385  -9.937411
-0.20253496  0.08286267  -9.9452715
-0.18180299  0.060825944  -9.923349
-0.14671473  0.03510054  -9.879745
-0.10577763  0.016903646  -9.836325
-0.074953936  0.0040348647  -9.815974
-0.06061392  -0.01485664  -9.821102
-0.057652354  -0.038322385  -9.836044
-0.06096503  -0.0584401  -9.862786
-0.06787888  -0.075058445  -9.905509
-0.072103545  -0.09215627  -9.954671
-0.06870896  -0.11340412  -9.991401
-0.05385001  -0.13294189  -10.003362
-0.030242532  -0.13930069  -9.992324
-0.008319576  -0.13344763  -9.970939
0.003528681  -0.12070014  -9.957417
8.053432E-4  -0.109969616  -9.96469
-0.009222644  -0.10045763  -9.983331
-0.013527813  -0.08986951  -9.992817
-0.009147637  -0.080232956  -9.98373
0.003410544  -0.07470911  -9.962692
0.016694568  -0.070113115  -9.940862
0.030236268  -0.06566744  -9.919621
0.041788917  -0.05541444  -9.902423
0.049173202  -0.04439341  -9.896187
0.051664323  -0.035475086  -9.902003
0.054676507  -0.02857838  -9.910037
0.062049195  -0.023597896  -9.9112425
0.0732794  -0.016429937  -9.907735
0.084137626  -0.010347794  -9.910672
0.09032857  -0.011094543  -9.921989
0.092821546  -0.018066408  -9.930537
0.087523736  -0.028386576  -9.951966
0.08380059  -0.025580758  -9.973469
0.08796081  -0.019034276  -9.984779
0.103609  -0.011408201  -9.971301
0.1239995  -0.007446977  -9.952558
0.14393023  0.0037132122  -9.945824
0.16029741  0.020025155  -9.951591
0.1719476  0.03198955  -9.961861
0.17757691  0.033278156  -9.97598
0.18166149  0.02591566  -9.985214
