-0.13952059  0.00763165  -9.755392
-0.11111438  0.01118645  -9.873116
-0.07621674  -2.0233604E-4  -9.9409685
-0.022630513  -0.019471057  -10.064923
0.006521447  -0.03458838  -10.126786
0.006157735  -0.026456831  -10.169284
-0.004141769  -0.0054719243  -10.182953
-0.009090283  0.006983618  -10.168347
-0.009424704  0.0028283389  -10.1408205
-0.004607445  -0.0017537213  -10.129906
0.0040604114  0.0012919405  -10.132276
0.015048102  0.015996272  -10.130257
0.02246665  0.029947856  -10.108596
0.02625327  0.040550493  -10.07688
0.024856195  0.047125395  -10.04192
0.02024575  0.054363173  -10.01506
0.014664459  0.06310368  -9.990611
0.0121520385  0.07329767  -9.973859
0.0130188465  0.08117302  -9.96375
0.016521212  0.08585214  -9.95939
0.019304061  0.09100652  -9.955705
0.021319943  0.10006181  -9.953063
0.022721073  0.11258599  -9.954649
0.02520063  0.123582326  -9.962677
0.02696383  0.13299733  -9.970498
0.02645945  0.14240186  -9.974204
0.024686133  0.1504864  -9.972875
0.024035111  0.15466528  -9.971276
0.025433457  0.15376046  -9.970853
0.027337806  0.15192555  -9.971359
0.027532011  0.1521769  -9.968963
0.025428643  0.15428878  -9.9641905
0.022538168  0.15463023  -9.959118
0.019430393  0.15161863  -9.955159
0.01611565  0.14829864  -9.952571
0.011220819  0.14658107  -9.950014
0.0073229433  0.14569272  -9.947762
0.0033981919  0.14343546  -9.939358
-0.0027701363  0.14374779  -9.925277
-0.013541511  0.14898883  -9.905795
-0.024873042  0.15664133  -9.886697
-0.033189666  0.16089855  -9.869236
-0.039940387  0.16171987  -9.857247
-0.050043985  0.16424803  -9.8499975
-0.0655041  0.17237581  -9.844436
-0.08385679  0.18060969  -9.835518
-0.10255563  0.18602562  -9.825225
-0.120500006  0.18740721  -9.818905
-0.13940184  0.1902359  -9.818493
-0.15877588  0.19495893  -9.82175
-0.17704721  0.20068805  -9.828496
-0.19296594  0.20492907  -9.835111
-0.20840602  0.20766796  -9.843373
-0.22657351  0.21193416  -9.849377
-0.2476725  0.21818352  -9.853347
-0.27000627  0.22346215  -9.853401
-0.29079974  0.22366314  -9.852206
-0.3094559  0.21961212  -9.850671
-0.32751822  0.21500875  -9.849308
-0.34619236  0.21267267  -9.846028
-0.36265454  0.20972161  -9.844509
-0.37512016  0.2050821  -9.845205
-0.38375282  0.19899969  -9.850212
-0.3917381  0.19580024  -9.857381
-0.3989382  0.19214542  -9.865356
-0.40396556  0.18392456  -9.871266
-0.40485546  0.16781871  -9.877599
-0.4018568  0.14889674  -9.88747
-0.39544734  0.13371266  -9.904412
-0.3886734  0.12090886  -9.9258
-0.38518882  0.10272948  -9.943921
-0.38760313  0.07516175  -9.952838
-0.40013322  0.04510914  -9.953403
-0.423812  0.02054715  -9.956505
-0.45750794  -7.039456E-4  -9.966655
-0.4947729  -0.022916725  -9.986323
-0.53037804  -0.04808722  -10.010157
-0.5619703  -0.07186589  -10.029493
-0.58839864  -0.09553006  -10.034692
-0.6088329  -0.121851385  -10.020867
-0.62618494  -0.14803492  -9.990938
-0.6460643  -0.17270477  -9.947199
-0.67013806  -0.19683753  -9.895857
-0.6988917  -0.22299719  -9.840575
-0.7302635  -0.24583606  -9.790123
-0.76667947  -0.26244006  -9.749005
-0.8049326  -0.2766411  -9.730301
-0.8426325  -0.29526088  -9.741282
-0.87805575  -0.31584743  -9.776315
-0.9101575  -0.3351692  -9.823318
-0.9345849  -0.3504728  -9.881062
-0.9451723  -0.36754784  -9.951737
-0.93996716  -0.3919615  -10.030056
-0.9164233  -0.41143742  -10.112287
-0.87409  -0.414781  -10.188405
-0.81263995  -0.39532423  -10.253647
-0.7457021  -0.36454496  -10.289998
-0.6856425  -0.32861862  -10.302242
-0.6418292  -0.289201  -10.301793
-0.61040115  -0.2525487  -10.301961
-0.58429945  -0.21932583  -10.307269
-0.5606025  -0.19234127  -10.313407
-0.54441327  -0.17157263  -10.302617
-0.54111266  -0.1629849  -10.255767
-0.5507335  -0.1618921  -10.169534
-0.56436473  -0.1580069  -10.067916
-0.5707819  -0.1436189  -9.975577
-0.56341314  -0.12271818  -9.901553
-0.5383397  -0.10361201  -9.850463
-0.50777507  -0.086924456  -9.803777
-0.48501813  -0.0647608  -9.752154
-0.47599244  -0.04055382  -9.6835575
-0.47319493  -0.018302543  -9.612889
-0.46898103  -0.0063365805  -9.555917
-0.4682995  0.01012266  -9.529189
-0.47482607  0.04077133  -9.551873
-0.4835789  0.078994066  -9.629498
-0.48424503  0.11150608  -9.754664
-0.4736522  0.12807278  -9.9029455
-0.4543538  0.1304848  -10.056059
-0.44479427  0.12029455  -10.191834
-0.43761382  0.10997847  -10.29652
-0.40654805  0.11506674  -10.37001
-0.31402418  0.1461683  -10.444416
-0.16763072  0.18384604  -10.532304
-0.016188273  0.2037975  -10.593319
0.09902387  0.19210404  -10.572425
0.16788995  0.1622832  -10.463748
0.21336614  0.13841571  -10.321805
0.24263214  0.124272704  -10.180359
0.2537241  0.11769291  -10.052423
0.23659725  0.10985299  -9.933715
0.20235501  0.10195417  -9.835795
0.16639811  0.08429477  -9.7580595
0.13984354  0.052793074  -9.693741
0.116566174  0.010301273  -9.618514
0.083747834  -0.036855895  -9.522193
0.037878677  -0.08213962  -9.41261
-0.00913067  -0.12136337  -9.3319235
-0.041127462  -0.14550827  -9.310966
-0.04901421  -0.1516638  -9.35205
-0.043066144  -0.13502444  -9.431008
-0.047107425  -0.09905835  -9.540466
-0.067848705  -0.06253668  -9.672367
-0.10076467  -0.046198893  -9.797509
-0.12537827  -0.05778041  -9.897255
-0.13439018  -0.08972004  -9.9766245
-0.12782536  -0.13242634  -10.055987
-0.109113395  -0.16882102  -10.132674
-0.075018845  -0.17463195  -10.212211
-0.005504692  -0.16279142  -10.302917
0.1013211  -0.15360041  -10.383996
0.21672003  -0.15212582  -10.408193
0.30382457  -0.1383603  -10.347308
0.35514823  -0.09897989  -10.224904
0.3962202  -0.042661745  -10.094705
0.4643409  0.017939411  -10.001438
0.5542588  0.06918947  -9.960715
0.6192222  0.096303366  -9.936401
0.605462  0.092810184  -9.863397
0.5183096  0.07196485  -9.718074
0.41329882  0.056754634  -9.55321
0.33326817  0.065476  -9.434872
0.28456238  0.09491939  -9.378477
0.24265896  0.1300518  -9.34377
0.1996212  0.15561967  -9.315578
0.15625292  0.1627904  -9.299039
0.11802421  0.15404536  -9.309806
0.080697335  0.14367455  -9.353858
0.0404788  0.14330263  -9.429385
-5.9080776E-5  0.15169054  -9.529507
-0.03676276  0.16317053  -9.662152
-0.06657595  0.18069501  -9.822086
-0.08706841  0.20783071  -9.999694
-0.09268525  0.24429423  -10.164225
-0.085701965  0.2792455  -10.309563
-0.09626093  0.29987243  -10.413299
-0.09557915  0.27958032  -10.464211
-0.04027541  0.22617865  -10.484105
0.0931255  0.16281204  -10.49862
0.2414345  0.12705965  -10.500276
0.34595346  0.12760907  -10.457813
0.40575108  0.1608181  -10.387283
0.4487554  0.2233328  -10.330101
0.48285604  0.29102728  -10.292183
0.49407005  0.33606663  -10.231359
0.45847836  0.35287747  -10.106343
0.37954643  0.3487567  -9.925198
0.28576568  0.32921183  -9.747909
0.20753683  0.2873654  -9.624313
0.14961326  0.22815137  -9.554376
0.096762486  0.16724694  -9.498702
0.04567638  0.11370351  -9.443692
0.003386528  0.06303155  -9.396809
-0.025582297  0.020863945  -9.380925
-0.051503252  -0.004583932  -9.399612
-0.08271959  -0.009245083  -9.450973
-0.11062503  -0.0075807385  -9.536989
-0.121622086  -0.013908542  -9.6615925
-0.12186242  -0.027147556  -9.819819
-0.13194218  -0.039201383  -9.98129
-0.14934207  -0.039113093  -10.107263
-0.13386917  -0.025620347  -10.220447
-0.04969491  -0.004410487  -10.360011
0.07632992  0.014201187  -10.504814
0.18823136  0.028584575  -10.582366
0.2510005  0.045554634  -10.545208
0.28998575  0.064125806  -10.438789
0.34045696  0.07396919  -10.321349
0.41143587  0.07107078  -10.222182
0.47921824  0.059279796  -10.132342
0.5233523  0.04954869  -10.023101
0.5593954  0.043810394  -9.900458
0.5628677  0.055087674  -9.778773
0.50862414  0.07458041  -9.627571
0.384156  0.10840159  -9.4379225
0.25150117  0.14791797  -9.257217
0.1636315  0.18381377  -9.151392
0.12021796  0.19586392  -9.10769
0.09449998  0.17190754  -9.087196
0.07189524  0.13060962  -9.10938
0.053833023  0.09064054  -9.199731
0.042056322  0.06656516  -9.354591
0.0318802  0.059304222  -9.545651
0.02369768  0.066232555  -9.756306
0.024199812  0.0867303  -9.969766
0.025259206  0.121476345  -10.161035
0.016101362  0.16405219  -10.305364
0.018433476  0.1979322  -10.392946
0.058634073  0.22829807  -10.468953
0.1442322  0.24345118  -10.5444975
0.24124853  0.23410429  -10.593135
0.32317987  0.19031362  -10.565871
0.38507771  0.14431702  -10.475223
0.43242523  0.1297347  -10.372421
0.47884643  0.1501811  -10.277269
0.53660685  0.18481536  -10.197181
0.58850384  0.20869894  -10.129024
0.59009296  0.2154331  -10.033759
0.5117764  0.20560437  -9.8706665
0.39094552  0.1807298  -9.672158
0.2885836  0.14515701  -9.513199
0.23726039  0.10479685  -9.440768
0.2114981  0.070809685  -9.41129
0.17895482  0.043714657  -9.384919
0.12927018  0.022027021  -9.34789
0.0734131  0.005125306  -9.323213
0.02746854  -0.012382493  -9.340182
-3.6275946E-5  -0.03513034  -9.421681
-0.011772572  -0.0671029  -9.554111
-0.018687688  -0.09667468  -9.7155695
-0.03608084  -0.12232992  -9.883915
-0.0672378  -0.16178589  -10.053422
-0.10593194  -0.2303307  -10.228461
-0.12006426  -0.29703176  -10.402895
-0.087946735  -0.32373708  -10.554249
-0.007019058  -0.2967414  -10.640838
0.08911642  -0.2409634  -10.647055
0.17067067  -0.17616485  -10.579075
0.22917406  -0.10824448  -10.459603
0.2788112  -0.047232073  -10.315381
0.33324462  -0.0032312144  -10.179896
0.39934573  0.01231601  -10.079925
0.46832395  0.009170314  -10.02624
0.49805176  0.009142411  -10.00417
0.4568375  0.012339416  -9.946332
0.35585782  0.022343034  -9.833995
0.25446483  0.033612367  -9.7037325
0.18969034  0.055397402  -9.622953
0.15139098  0.07401731  -9.587267
0.108773895  0.07790279  -9.54289
0.054265648  0.06444793  -9.477578
-0.0056243273  0.041623827  -9.410733
-0.051137075  0.018732226  -9.381421
-0.074158646  -0.0022347383  -9.414094
-0.08383691  -0.015092981  -9.5017
-0.101903506  -0.012876009  -9.624436
-0.13791294  -0.0021769989  -9.759235
-0.18469517  0.007147983  -9.910492
-0.23273955  0.008684615  -10.0559025
-0.24421304  0.01484695  -10.184749
-0.19356014  0.03515849  -10.334294
-0.074624844  0.068823785  -10.526629
0.047543436  0.098948024  -10.683431
0.13038243  0.11171266  -10.703805
0.17680497  0.1045822  -10.594041
0.23265238  0.095796175  -10.465219
0.31659395  0.10454262  -10.369892
0.4157009  0.1487147  -10.289535
0.50334126  0.2306798  -10.182487
0.5486736  0.3117268  -10.0413065
0.53361386  0.35658166  -9.872626
0.45785654  0.3427426  -9.690022
0.35830605  0.28570592  -9.517018
0.2748606  0.1996917  -9.38264
0.22164387  0.10225496  -9.307613
0.18446048  0.013848737  -9.277286
0.14435749  -0.054556254  -9.256939
0.10050491  -0.09957022  -9.230937
0.06267726  -0.13348901  -9.217095
0.03466292  -0.17119753  -9.2402315
0.017264701  -0.22097115  -9.301132
0.007718706  -0.2710514  -9.393739
-2.1423136E-4  -0.3070184  -9.519876
-0.012159168  -0.32169083  -9.685973
-0.03803931  -0.33075616  -9.869654
-0.05383089  -0.32678974  -10.040757
-0.031380747  -0.29802716  -10.20114
0.050453622  -0.23896527  -10.383
0.15505274  -0.17071438  -10.55539
0.23140807  -0.11901454  -10.636404
0.2685363  -0.09333689  -10.584385
0.303484  -0.08234157  -10.462138
0.36620522  -0.061978698  -10.362554
0.45258698  -0.036269214  -10.310029
0.54598373  -0.018206455  -10.28758
0.60383683  -0.02136083  -10.250873
0.59652096  -0.038393714  -10.137348
0.5150816  -0.06341907  -9.925278
0.41848835  -0.08055877  -9.691269
0.34818617  -0.07026655  -9.528365
0.30539778  -0.023635576  -9.461611
0.2510352  0.03197259  -9.422528
0.17345357  0.062090993  -9.377861
0.08701957  0.055654254  -9.326077
0.015554711  0.028408209  -9.290736
-0.03591265  0.00225343  -9.297814
-0.07296142  -0.014603615  -9.37323
-0.09630715  -0.023175431  -9.527152
-0.11116981  -0.0145544065  -9.738605
-0.13178405  0.0123510985  -9.963481
-0.17177112  0.04405664  -10.148829
-0.19222586  0.07215597  -10.269684
-0.16010012  0.10288618  -10.383821
-0.06399689  0.14589684  -10.541471
0.03690579  0.18284227  -10.6897545
0.1112203  0.20402624  -10.736056
0.1527493  0.22349185  -10.659129
0.1851166  0.26181152  -10.532758
0.22620927  0.3155808  -10.403122
0.2800726  0.36369205  -10.263179
0.35002437  0.4045188  -10.114608
0.40793523  0.42530504  -9.974254
0.42134726  0.4127303  -9.840392
0.3703653  0.35940373  -9.684758
0.28479642  0.28481743  -9.521979
0.2126099  0.21821457  -9.399211
0.17205094  0.16987403  -9.34937
0.14847869  0.12999679  -9.331101
0.11799436  0.0876354  -9.297629
0.07892286  0.05566588  -9.238589
0.033397976  0.037193578  -9.182245
-0.015109342  0.029016554  -9.160262
-0.06964112  0.013263696  -9.189275
-0.12594657  -0.007454563  -9.270855
-0.17939569  -0.030631632  -9.398823
-0.22481649  -0.06892269  -9.564256
-0.25568256  -0.12397179  -9.736008
-0.24582694  -0.17197347  -9.904696
-0.17581958  -0.17856765  -10.092601
-0.05652387  -0.14197013  -10.327214
0.06492863  -0.09178891  -10.562356
0.15468425  -0.04596101  -10.711999
0.21379296  -0.0027306408  -10.727866
0.26152956  0.03839193  -10.650468
0.30892706  0.060146958  -10.530265
0.36421642  0.05147588  -10.402074
0.42906427  0.031771373  -10.271779
0.4651002  0.018741444  -10.150117
0.44003764  0.007999014  -9.998692
0.35067615  -0.023128087  -9.790523
0.25740904  -0.05977595  -9.578521
0.19438589  -0.077328034  -9.437127
0.16167189  -0.0813592  -9.395193
0.13186494  -0.10936811  -9.397296
0.08928316  -0.16314785  -9.416163
0.034917325  -0.20808728  -9.454377
-0.02449494  -0.21664329  -9.514096
-0.0781677  -0.19992296  -9.590024
-0.12491387  -0.17434557  -9.675233
-0.1672613  -0.14451021  -9.772367
-0.20729418  -0.10925746  -9.883617
-0.23722756  -0.06973416  -10.019634
-0.25535098  -0.027979026  -10.18265
-0.2724972  0.010892029  -10.331632
-0.2547696  0.01912429  -10.445935
-0.17537896  -0.0046333335  -10.540479
-0.033929434  -0.045759816  -10.626525
0.103956036  -0.07573845  -10.661866
0.19816332  -0.08695272  -10.602178
0.2680215  -0.078744315  -10.497916
0.3420837  -0.04629137  -10.41984
0.42117572  0.014099367  -10.38424
0.4775164  0.08567798  -10.349283
0.47843447  0.1326138  -10.264211
0.41383922  0.13105029  -10.100284
0.30289525  0.09164698  -9.864743
0.19066066  0.044584244  -9.624842
0.10919557  -0.0010519275  -9.448128
0.057758134  -0.048956294  -9.351913
0.011765651  -0.09010998  -9.285613
-0.0337425  -0.11642297  -9.230638
-0.07369443  -0.123130985  -9.207373
-0.10017198  -0.123709  -9.247871
-0.12486869  -0.12833661  -9.336896
-0.15105902  -0.142621  -9.4442625
-0.170748  -0.16210198  -9.5598545
-0.17199226  -0.18144788  -9.700152
-0.17529304  -0.20132373  -9.85905
-0.18353945  -0.1827733  -10.009608
-0.1666484  -0.10427507  -10.151779
-0.08287796  0.007295782  -10.288312
0.049078926  0.081817  -10.412816
0.16561384  0.08732534  -10.470244
0.22387528  0.053792298  -10.434355
0.2499708  0.011562598  -10.330035
0.2945514  -0.018910937  -10.212905
0.384365  -0.03563751  -10.134161
0.48604655  -0.041801523  -10.081061
0.5659513  -0.05139266  -10.015323
0.6205159  -0.067022584  -9.931207
0.6243053  -0.059108913  -9.833886
0.55616313  -0.011806957  -9.714496
0.42980728  0.07218493  -9.581003
0.31612894  0.15644282  -9.479941
0.2602118  0.2066998  -9.445832
0.22855444  0.20509273  -9.420751
0.18449408  0.16264065  -9.347751
0.12437779  0.11370626  -9.2446165
0.076484315  0.08778459  -9.185279
0.055968046  0.08429926  -9.218715
0.052814975  0.088340126  -9.338531
0.04784453  0.097013116  -9.508517
0.03185254  0.12294053  -9.701753
0.0055365325  0.1673436  -9.908836
-0.030649198  0.20995302  -10.121987
-0.05657206  0.22718346  -10.302564
-0.036756262  0.21572594  -10.456836
0.057068106  0.19535315  -10.599104
0.19402461  0.17235334  -10.715245
0.31741545  0.14319827  -10.7417145
0.38442385  0.108360015  -10.6477
0.40199375  0.08910739  -10.487153
0.39854756  0.10053455  -10.31341
0.4199146  0.13103081  -10.163091
0.4717989  0.13387467  -10.053741
0.5078023  0.09557248  -9.968025
0.46974993  0.04562394  -9.871567
0.3679868  0.027025668  -9.742449
0.26778167  0.046571214  -9.630674
0.22178213  0.072218545  -9.577839
0.20698003  0.09075466  -9.57437
0.17476074  0.0881303  -9.569116
0.09845215  0.065556884  -9.5204735
0.012819407  0.022679262  -9.443134
-0.045907646  -0.02104718  -9.380563
-0.06979235  -0.057682276  -9.381388
-0.07772124  -0.0940483  -9.445151
-0.08449622  -0.14911799  -9.545688
-0.09989768  -0.21463759  -9.65734
-0.12465748  -0.26533213  -9.787475
-0.16227232  -0.2809767  -9.944198
-0.19828157  -0.2740152  -10.117481
-0.2065382  -0.25328794  -10.284369
-0.16346474  -0.216718  -10.443123
-0.07558117  -0.17022179  -10.594517
0.014537948  -0.1282173  -10.695625
0.075002365  -0.10119894  -10.700562
0.11084158  -0.08598093  -10.606864
0.15338014  -0.09099305  -10.462673
0.22318365  -0.11893475  -10.307401
0.32331184  -0.1584334  -10.153431
0.41818205  -0.18614618  -10.022811
0.45226762  -0.18318932  -9.877744
0.38960782  -0.15633547  -9.682903
0.2699906  -0.110907935  -9.4623785
0.16554758  -0.056943994  -9.314921
0.119263045  0.0020738647  -9.294091
0.10839305  0.052033562  -9.341833
0.097411595  0.081592776  -9.379154
0.06372283  0.09704399  -9.380641
0.007500811  0.109317966  -9.363227
-0.052677225  0.12191892  -9.357374
-0.09703005  0.12439382  -9.400722
-0.11839486  0.11321902  -9.517459
-0.13143355  0.088965915  -9.686553
-0.1553136  0.063249804  -9.869163
-0.19380827  0.042562794  -10.03073
-0.23738605  0.039051443  -10.168979
-0.26408687  0.054800365  -10.28854
-0.25148153  0.08583328  -10.414577
-0.19445963  0.11815608  -10.5703745
-0.12040224  0.13041894  -10.706752
-0.06357231  0.12159545  -10.750447
-0.03351691  0.10150507  -10.663634
-0.0025450457  0.083144315  -10.512569
0.051347267  0.06781695  -10.365136
0.13353138  0.06373562  -10.2476425
0.22094636  0.08585903  -10.147385
0.27624872  0.11990077  -10.055911
0.27026162  0.13381754  -9.945596
0.20705451  0.11374996  -9.794216
0.12760763  0.07434609  -9.625609
0.06939454  0.035097744  -9.492097
0.034222636  -0.006210297  -9.410737
-0.0038116062  -0.041231677  -9.354436
-0.061058838  -0.06136961  -9.300384
-0.13157618  -0.0609773  -9.256343
-0.19262822  -0.052297655  -9.24226
-0.23244917  -0.04912612  -9.286671
-0.2525571  -0.05673957  -9.404531
-0.26452088  -0.0760776  -9.579337
-0.2715932  -0.10590965  -9.774116
-0.27464032  -0.14473814  -9.957405
-0.28292322  -0.1902617  -10.112006
-0.28685647  -0.22641747  -10.232671
-0.26125666  -0.23498298  -10.345231
-0.17991304  -0.21284063  -10.475059
-0.07471638  -0.1785919  -10.582055
0.00799683  -0.14990674  -10.598937
0.048566263  -0.13091229  -10.500379
0.082820706  -0.11414668  -10.362908
0.14031754  -0.099179745  -10.250076
0.22302395  -0.087280385  -10.171867
0.3057345  -0.08097554  -10.088983
0.35983476  -0.07500108  -9.978324
0.35877314  -0.06624595  -9.825959
0.3042218  -0.057412595  -9.62661
0.23027118  -0.03812698  -9.430124
0.1798736  -9.791375E-4  -9.304904
0.16308467  0.05387929  -9.295098
0.15006645  0.10250125  -9.34655
0.11392348  0.13047022  -9.398476
0.05131194  0.1426791  -9.43237
-0.015131515  0.14934617  -9.473363
-0.0670728  0.15228167  -9.532741
-0.10039702  0.14050227  -9.607246
-0.12050732  0.11127066  -9.6965
-0.13364717  0.079688706  -9.807096
-0.15595503  0.061833024  -9.926306
-0.19169968  0.062442943  -10.02934
-0.1995682  0.0709992  -10.118997
-0.13982673  0.08712085  -10.248824
-0.022267526  0.104026474  -10.43024
0.08306704  0.10914365  -10.58588
0.13838468  0.08923816  -10.627719
0.16720848  0.05436732  -10.557663
0.21083279  0.02685549  -10.454264
0.27662328  0.025933795  -10.356239
0.34557128  0.05648036  -10.265053
0.4086627  0.11588121  -10.17398
0.44655845  0.17622875  -10.088447
0.43743107  0.20556135  -9.980838
0.3654841  0.18760775  -9.827564
0.26853633  0.13523304  -9.660132
0.19032304  0.0758741  -9.537202
0.1470274  0.029201232  -9.482567
0.11324364  0.0039624604  -9.450817
0.07066034  -0.004056224  -9.415553
0.018324474  -0.0050934884  -9.385105
-0.02681134  -0.009286359  -9.39339
-0.055530947  -0.028695405  -9.449655
-0.067255095  -0.060206786  -9.546123
-0.07286503  -0.08854467  -9.666963
-0.08189815  -0.10193584  -9.796302
-0.10628239  -0.11063963  -9.920802
-0.14515732  -0.12731911  -10.021993
-0.1724356  -0.1360303  -10.100677
-0.14665519  -0.11409161  -10.196193
-0.057257205  -0.066353016  -10.328469
0.05633618  -0.01714929  -10.452736
0.14827193  0.015792303  -10.506024
0.20734489  0.03891826  -10.470307
0.25766817  0.06140608  -10.398576
0.32152542  0.07982178  -10.330572
0.41189095  0.09007553  -10.285094
0.51836145  0.089196324  -10.265353
0.5889005  0.08240235  -10.248281
0.5821278  0.06674205  -10.172189
0.50681037  0.048299957  -10.019841
0.43004265  0.04198576  -9.863139
0.39082947  0.059593946  -9.779153
0.37053704  0.09217123  -9.759206
0.33735573  0.1249902  -9.73416
0.28812158  0.14833485  -9.69341
0.24340622  0.15392612  -9.657997
0.21393709  0.13617611  -9.642463
0.19742925  0.107929625  -9.646947
0.18772805  0.08391137  -9.674216
0.17947893  0.071041815  -9.720703
0.16889596  0.06327261  -9.77498
0.16009387  0.062764846  -9.845687
0.1524762  0.07471395  -9.947095
0.13607195  0.09221553  -10.071984
0.13000809  0.10471364  -10.18348
0.16841461  0.11393645  -10.293197
0.27426794  0.12980658  -10.41129
0.4010624  0.14715493  -10.5146675
0.5035848  0.15409562  -10.556762
0.57087785  0.14937937  -10.521968
0.63461107  0.14825192  -10.453087
0.7206492  0.16067457  -10.379413
0.82436466  0.18876344  -10.318709
0.9128502  0.21274066  -10.26724
0.94146127  0.20932187  -10.173789
0.90901476  0.16900218  -10.014956
0.8554573  0.10612298  -9.83842
0.82399505  0.043407705  -9.718373
0.81594735  -0.0039214627  -9.675784
0.8042589  -0.028091816  -9.654922
0.77447844  -0.025825882  -9.623605
0.74025774  -0.0107758865  -9.58632
0.7250514  0.004982567  -9.56638
0.73214513  0.011295375  -9.57002
0.7471638  0.010906168  -9.587043
0.7620782  0.009066521  -9.617759
0.7787098  0.014909208  -9.667649
0.80444694  0.028652528  -9.743484
0.8338991  0.04165523  -9.835818
0.8563145  0.039585885  -9.9242735
0.86163116  0.021036394  -9.988372
0.8507318  -0.0017816401  -10.018007
0.84269863  -0.015365693  -10.028648
0.857016  -0.01798146  -10.048611
0.89663976  -0.01982175  -10.07278
0.9463232  -0.022748167  -10.089249
0.99176216  -0.021028766  -10.082773
1.0248566  -0.011392795  -10.05587
1.0569305  -0.0027401156  -10.002549
1.0983874  -0.0011234244  -9.927854
1.1295251  0.0011429152  -9.859494
1.1171894  0.006641606  -9.7868395
1.0413699  0.015762473  -9.693046
0.9498182  0.028463537  -9.595314
0.8815346  0.0462403  -9.533172
0.84499043  0.066389374  -9.533466
0.80597335  0.08023429  -9.556126
0.7485888  0.08606764  -9.57959
0.6803623  0.079511315  -9.58942
0.616132  0.0691466  -9.600041
0.562372  0.061319735  -9.625586
0.51542574  0.06268844  -9.664966
0.47285262  0.07198125  -9.708076
0.4368886  0.088703685  -9.750279
0.41242573  0.10869504  -9.796395
0.40069845  0.12007897  -9.848403
0.39516124  0.11417983  -9.897644
0.38222244  0.10018584  -9.93542
0.35236073  0.08763596  -9.954413
0.3116492  0.08148845  -9.959346
0.27156162  0.073666096  -9.959069
0.23585553  0.064406104  -9.957427
0.2013735  0.055100035  -9.947799
0.16331661  0.049822513  -9.923917
0.12742288  0.046250045  -9.888854
0.09981928  0.045856375  -9.86135
0.08334362  0.04914843  -9.85108
0.07751756  0.058532927  -9.867482
0.07177744  0.06856855  -9.898704
0.05685097  0.07005028  -9.920584
0.027743166  0.06549379  -9.933704
-0.0069349683  0.059542894  -9.943515
-0.039074257  0.061296713  -9.964721
-0.06335329  0.06358237  -9.98075
-0.08295579  0.0608398  -9.988921
-0.095335625  0.053825557  -9.993863
-0.10261158  0.045168787  -9.999097
-0.10818539  0.035406154  -10.000748
-0.11758828  0.018308435  -9.997462
-0.1342206  -0.0012178029  -9.991234
-0.15504438  -0.014702166  -9.987699
-0.17611305  -0.020463383  -9.982055
-0.19334145  -0.024648078  -9.97155
-0.20429017  -0.031324103  -9.9605875
-0.20910062  -0.040467683  -9.953186
-0.21119612  -0.051370073  -9.947079
-0.21192367  -0.062207986  -9.940327
-0.21227176  -0.066479385  -9.942462
-0.2114973  -0.06444865  -9.956977
-0.21496864  -0.061393697  -9.969064
-0.22359037  -0.062062427  -9.967922
-0.23646222  -0.06223488  -9.958116
-0.25081328  -0.054981675  -9.9470415
-0.2641946  -0.04306623  -9.93585
-0.27341625  -0.030602252  -9.925336
-0.27804384  -0.024392227  -9.91771
-0.27785853  -0.01863124  -9.917108
-0.27433947  -0.009624249  -9.921718
-0.26746094  7.154063E-4  -9.929137
-0.25977585  0.008856185  -9.935639
-0.25415748  0.014085394  -9.93633
-0.25206798  0.01896341  -9.930743
-0.25006625  0.022127429  -9.922473
-0.24735989  0.021925824  -9.915175
-0.24347045  0.019365517  -9.909368
-0.24234968  0.017537924  -9.904571
-0.24035375  0.015326612  -9.902596
-0.23493035  0.00960359  -9.905101
-0.22471221  -0.0015261272  -9.914739
-0.22164913  -0.014517226  -9.917081
-0.23051578  -0.021339526  -9.904816
-0.24805818  -0.017957134  -9.878914
-0.2644882  -0.006503165  -9.850586
-0.26532128  0.0022153012  -9.841072
-0.25488257  0.012567843  -9.846866
-0.23633762  0.026196389  -9.8604555
-0.2232788  0.046777245  -9.86699
-0.21223356  0.05714185  -9.868713
-0.1998749  0.06071775  -9.874488
-0.18390079  0.060556386  -9.886749
-0.16701148  0.06491679  -9.908729
-0.14824174  0.06316706  -9.93435
-0.13247955  0.051660854  -9.954967
-0.12324611  0.034048792  -9.958146
-0.12357029  0.013564528  -9.948329
-0.1301425  -0.0051946617  -9.934642
-0.136018  -0.025579093  -9.925559
-0.13468695  -0.047507446  -9.923402
-0.12270043  -0.07360703  -9.931179
