-0.09629435  0.2007686  -10.4916725
-0.1065065  0.2055012  -10.496294
-0.11907182  0.20643997  -10.49218
-0.13425343  0.21092717  -10.48029
-0.13595426  0.21220984  -10.458554
-0.122511484  0.21351139  -10.439084
-0.10539365  0.212086  -10.431184
-0.09377395  0.2071368  -10.430141
-0.08703268  0.20019902  -10.428918
-0.08257797  0.19223414  -10.419315
-0.07806086  0.18529896  -10.402841
-0.072910346  0.17918205  -10.380462
-0.06945606  0.1722456  -10.3572035
-0.067594044  0.16607653  -10.335634
-0.06735235  0.15935634  -10.320882
-0.068454586  0.15154082  -10.311642
-0.06913964  0.14257495  -10.305791
-0.069210865  0.13369898  -10.3
-0.0672471  0.12652212  -10.2933855
-0.063866355  0.11942834  -10.285426
-0.058862884  0.11379168  -10.277298
-0.053250458  0.10912362  -10.269863
-0.047465324  0.10662178  -10.2639885
-0.042638462  0.103243165  -10.260893
-0.038767193  0.10053741  -10.258891
-0.035839703  0.097503066  -10.25739
-0.03319725  0.09448709  -10.254257
-0.030150438  0.090537496  -10.251317
-0.026298491  0.08616137  -10.249282
-0.022442726  0.083486564  -10.248333
-0.019125728  0.081703685  -10.247853
-0.016320525  0.08147888  -10.247775
-0.01391602  0.081115894  -10.248535
-0.011628039  0.08095976  -10.24945
-0.010207436  0.081014685  -10.250117
-0.009712229  0.08121703  -10.250186
-0.009978824  0.08007766  -10.2465315
-0.009506527  0.07692961  -10.238656
-0.00696091  0.0717054  -10.228584
-0.0035222617  0.06616833  -10.220715
-0.0016093892  0.060108434  -10.216471
-0.003710663  0.05411039  -10.213815
-0.008694489  0.048736323  -10.210755
-0.013406079  0.044697713  -10.206227
-0.016285315  0.041872755  -10.2020645
-0.01795016  0.03946099  -10.200269
-0.020003878  0.03765959  -10.202461
-0.022035243  0.035653204  -10.208112
-0.022386104  0.034040615  -10.215222
-0.02039543  0.031879377  -10.221808
-0.01686274  0.030214103  -10.226035
-0.012655961  0.029584294  -10.227893
-0.009556192  0.029857604  -10.228288
-0.0075711347  0.030339414  -10.22886
-0.007328239  0.029827103  -10.229625
-0.0083467765  0.02937174  -10.230384
-0.0104174465  0.028219318  -10.231146
-0.01333106  0.026467912  -10.232283
-0.016638076  0.023327133  -10.234173
-0.019832676  0.020640025  -10.235162
-0.021711105  0.01777895  -10.235615
-0.021598784  0.01512114  -10.236251
-0.019896692  0.012677551  -10.238877
-0.017775027  0.011661201  -10.242016
-0.016987683  0.012316599  -10.243651
-0.01744707  0.013039214  -10.243633
-0.01920099  0.014150721  -10.2427
-0.021356978  0.015474446  -10.2419405
-0.023522401  0.017577784  -10.241169
-0.025047122  0.019194119  -10.241855
-0.024754664  0.019468417  -10.242741
-0.02154018  0.01860342  -10.242905
-0.013491065  0.016364207  -10.242713
-0.0023711517  0.012347259  -10.242892
0.009914048  0.006865202  -10.242714
0.022525223  -8.676751E-4  -10.241822
0.037288878  -0.010007826  -10.240032
0.055851042  -0.021167858  -10.23938
0.07622254  -0.03359832  -10.238602
0.0948245  -0.04617622  -10.239313
0.10943248  -0.058909524  -10.239873
0.12071842  -0.06974907  -10.239879
0.13110732  -0.07935151  -10.234799
0.14098015  -0.085735224  -10.224765
0.14930493  -0.09078016  -10.211806
0.15546532  -0.09329323  -10.200606
0.15968774  -0.09487921  -10.192108
0.16511603  -0.094809614  -10.184627
0.17495938  -0.093316115  -10.1750555
0.19044822  -0.08954292  -10.162639
0.2079129  -0.08462491  -10.153442
0.22274189  -0.08241468  -10.157937
0.23157835  -0.08340326  -10.17801
0.23548822  -0.08383978  -10.202724
0.23939346  -0.0783184  -10.213146
0.25067264  -0.06425064  -10.200573
0.27351755  -0.043586742  -10.168508
0.3061892  -0.01975823  -10.13096
0.34598076  -2.885093E-4  -10.099721
0.38988325  0.0071304594  -10.08445
0.43776178  0.0022741137  -10.0853
0.4874244  -0.007255191  -10.094296
0.5389426  -0.011830141  -10.098416
0.59125924  -0.0077565345  -10.089092
0.6428745  0.004064269  -10.066975
0.6923201  0.020837123  -10.038314
0.74016064  0.037688926  -10.016051
0.7878644  0.051122367  -10.008367
0.8348786  0.060816478  -10.017946
0.8790627  0.07068422  -10.040095
0.9191243  0.08378006  -10.073786
0.95497805  0.10096541  -10.121472
0.9854081  0.12128081  -10.183468
1.006709  0.14695157  -10.256654
1.0128446  0.1791444  -10.335414
1.0032452  0.214462  -10.413194
0.9850526  0.24224883  -10.492634
0.9692612  0.25443083  -10.575332
0.9587608  0.25432202  -10.657133
0.9481983  0.2508355  -10.725269
0.93161863  0.24857302  -10.774079
0.9082454  0.24079359  -10.807935
0.8819296  0.2209577  -10.829385
0.8539389  0.18906158  -10.83295
0.82476974  0.1511114  -10.813939
0.7961746  0.11160004  -10.77676
0.773071  0.075222425  -10.721695
0.7620719  0.04617164  -10.641348
0.76472706  0.024898507  -10.532685
0.7779123  0.004854864  -10.410686
0.79303837  -0.021393502  -10.304489
0.80091643  -0.056374248  -10.232106
0.79568547  -0.096648596  -10.192843
0.7791408  -0.13683876  -10.171971
0.7561181  -0.17347021  -10.156928
0.7346098  -0.20186554  -10.139087
0.7183148  -0.22308047  -10.122723
0.70655686  -0.24024011  -10.120334
0.6932392  -0.257924  -10.146494
0.6720932  -0.2782092  -10.208546
0.644958  -0.29775393  -10.302486
0.61107713  -0.3179291  -10.415114
0.5678952  -0.3325472  -10.528876
0.50954837  -0.33801672  -10.63157
0.43091527  -0.33212999  -10.723491
0.33219117  -0.32303694  -10.808684
0.21725528  -0.31789815  -10.875473
0.101816006  -0.3125026  -10.898087
4.780904E-4  -0.30161443  -10.864369
-0.07671698  -0.2915022  -10.789752
-0.12910835  -0.29226616  -10.703721
-0.16055708  -0.30430523  -10.616731
-0.17865254  -0.31226662  -10.512229
-0.1891404  -0.30707002  -10.376236
-0.19132392  -0.29271302  -10.2148485
-0.18331796  -0.27925673  -10.051999
-0.16443692  -0.26809317  -9.903539
-0.13739404  -0.2527504  -9.770577
-0.10152941  -0.22697122  -9.659543
-0.057079595  -0.19179314  -9.5796175
-0.006432321  -0.15125687  -9.540928
0.0414211  -0.107774206  -9.538826
0.08065829  -0.06400757  -9.57467
0.10485228  -0.020718107  -9.648002
0.11696503  0.022952864  -9.762409
0.120377354  0.072213314  -9.911682
0.11542437  0.12645558  -10.088901
0.09869173  0.17790097  -10.285447
0.068712205  0.22211184  -10.489751
0.03271997  0.2607395  -10.683014
-0.0031740677  0.30224243  -10.849196
-0.046430256  0.3453579  -10.980203
-0.10803481  0.38670826  -11.071498
-0.18869211  0.42094156  -11.11419
-0.27402878  0.4450121  -11.10685
-0.350884  0.4554968  -11.05462
-0.42032945  0.4482658  -10.966275
-0.48151317  0.4290777  -10.848254
-0.528466  0.4027388  -10.705371
-0.54938895  0.37352824  -10.540804
-0.53762317  0.34240663  -10.352384
-0.49361244  0.3127377  -10.145233
-0.4240229  0.2879465  -9.941956
-0.34796607  0.26046968  -9.775048
-0.27985075  0.22469912  -9.662185
-0.22470482  0.18349905  -9.5933075
-0.17559816  0.14816312  -9.546954
-0.129699  0.1246973  -9.522948
-0.08945673  0.10970255  -9.540988
-0.059086476  0.09848612  -9.619498
-0.04084092  0.09253911  -9.754989
-0.03554854  0.094623365  -9.925212
-0.04268888  0.103215404  -10.116926
-0.060171623  0.113137566  -10.325344
-0.089056455  0.12060183  -10.541888
-0.1328787  0.12303883  -10.754819
-0.19570607  0.120756425  -10.944251
-0.26980153  0.1170483  -11.093005
-0.3439211  0.116731286  -11.182509
-0.40613687  0.12039707  -11.210675
-0.4589781  0.12184905  -11.186134
-0.5080278  0.11331714  -11.117671
-0.5521297  0.09678031  -11.002342
-0.58205134  0.08065963  -10.836404
-0.59160954  0.06990624  -10.625496
-0.5864928  0.0621684  -10.389706
-0.5784834  0.05385487  -10.153022
-0.5654707  0.04857761  -9.936329
-0.538546  0.049537916  -9.756967
-0.4918582  0.054794412  -9.625669
-0.43454918  0.06082445  -9.544127
-0.37891665  0.06621922  -9.512072
-0.32948473  0.073762506  -9.527989
-0.2864548  0.087268375  -9.583908
-0.25003555  0.108079135  -9.666808
-0.22552437  0.13640402  -9.774766
-0.21816833  0.16700391  -9.914584
-0.23310466  0.19645683  -10.088683
-0.26759288  0.22199911  -10.282084
-0.314446  0.24426796  -10.481356
-0.36999694  0.2604412  -10.674909
-0.43869928  0.27428904  -10.84238
-0.52014095  0.28864968  -10.959083
-0.6004686  0.3060436  -11.012543
-0.6657545  0.31932795  -11.013481
-0.71658427  0.32289997  -10.976197
-0.76318616  0.31439832  -10.907913
-0.8048751  0.2942708  -10.8128195
-0.832674  0.26818514  -10.687154
-0.8400414  0.24261807  -10.5252075
-0.8274526  0.22348839  -10.326818
-0.7966423  0.21183915  -10.102958
-0.7457498  0.20410027  -9.876296
-0.6794219  0.19317083  -9.675826
-0.6076429  0.17261487  -9.524291
-0.5437166  0.14255534  -9.4295225
-0.48984587  0.11051506  -9.384301
-0.4430596  0.08483649  -9.380332
-0.3988053  0.06413589  -9.416411
-0.35753322  0.044127267  -9.496175
-0.32249454  0.022099616  -9.622703
-0.29761568  4.0632582E-4  -9.79332
-0.2839183  -0.02154431  -10.002477
-0.2807933  -0.044819143  -10.233737
-0.28845978  -0.065257184  -10.4545765
-0.31107143  -0.0741131  -10.641875
-0.35469916  -0.071322046  -10.791824
-0.41489244  -0.05985086  -10.904193
-0.47861013  -0.042295087  -10.967812
-0.5320095  -0.018926324  -10.979935
-0.5726126  0.0048466367  -10.958379
-0.6061067  0.020896578  -10.916682
-0.6316779  0.028065445  -10.849387
-0.63876987  0.02998997  -10.741264
-0.62150395  0.030306851  -10.591783
-0.58370185  0.032944772  -10.404887
-0.5342116  0.044525612  -10.19185
-0.47497055  0.0629039  -9.979003
-0.40535367  0.081989475  -9.796794
-0.3323241  0.09244645  -9.661557
-0.2641181  0.09849421  -9.566335
-0.20471777  0.10554135  -9.503852
-0.15428711  0.11706447  -9.479407
-0.11387936  0.13277741  -9.496522
-0.0863122  0.15127327  -9.55017
-0.07072552  0.17206441  -9.635449
-0.06639569  0.1948167  -9.7541685
-0.076972984  0.21820308  -9.906776
-0.106998354  0.23865412  -10.087916
-0.15690383  0.25324062  -10.283946
-0.21972086  0.2605205  -10.478546
-0.2828602  0.26475275  -10.65421
-0.3434093  0.26620573  -10.801726
-0.40640008  0.2653466  -10.9178705
-0.48145437  0.26487342  -10.993684
-0.56587434  0.2701222  -11.016049
-0.64511585  0.2815279  -10.981472
-0.7069135  0.29128793  -10.901363
-0.74734646  0.29455945  -10.787387
-0.7746253  0.2923777  -10.6494255
-0.793042  0.284965  -10.501496
-0.79765266  0.26911378  -10.353607
-0.77603894  0.24556871  -10.204468
-0.726057  0.21917714  -10.051608
-0.661277  0.19178407  -9.904224
-0.59866863  0.1598273  -9.7762575
-0.5471437  0.12184787  -9.675515
-0.5017969  0.08149057  -9.607432
-0.46342835  0.04523335  -9.576579
-0.43813047  0.017892318  -9.58929
-0.4326394  3.1566268E-4  -9.646469
-0.44339263  -0.012086275  -9.74858
-0.46128288  -0.02510435  -9.886891
-0.48232245  -0.040502638  -10.04488
-0.509896  -0.056312833  -10.209136
-0.54994494  -0.063716374  -10.36818
-0.60759574  -0.05751267  -10.513015
-0.68734163  -0.041496113  -10.643558
-0.785175  -0.029516242  -10.760269
-0.8890744  -0.024861887  -10.85369
-0.9853098  -0.022562744  -10.906136
-1.0660676  -0.015644254  -10.911304
-1.1336247  -0.010851574  -10.879765
-1.1868434  -0.013984702  -10.823578
-1.2233006  -0.022916073  -10.74422
-1.2419115  -0.029128157  -10.643127
-1.2484514  -0.023321742  -10.522024
-1.2533025  -0.006852331  -10.38969
-1.2565044  0.015543085  -10.254087
-1.2491522  0.03687262  -10.127064
-1.2250789  0.05486566  -10.023013
-1.192468  0.067730814  -9.953999
-1.1693767  0.07597681  -9.925383
-1.1633315  0.08225196  -9.929021
-1.1682295  0.091391884  -9.951306
-1.1701493  0.105366945  -9.976988
-1.1658105  0.12435237  -10.002578
-1.1621603  0.14496036  -10.038032
-1.1689209  0.16504751  -10.094796
-1.1901492  0.18378645  -10.172719
-1.2198057  0.20363362  -10.262989
-1.2524116  0.22681148  -10.356325
-1.2840575  0.25362933  -10.440898
-1.3174063  0.28114757  -10.506224
-1.3501711  0.30405435  -10.54949
-1.3767713  0.3186818  -10.573453
-1.392382  0.32612622  -10.579233
-1.3986167  0.33231494  -10.560164
-1.4005775  0.34176016  -10.515851
-1.3990539  0.35471335  -10.456347
-1.3929868  0.3664987  -10.395272
-1.3782344  0.3689096  -10.342227
-1.3493443  0.3573176  -10.297072
-1.2966572  0.3391877  -10.241706
-1.2167794  0.3283514  -10.163856
-1.1207832  0.3252335  -10.076144
-1.0259166  0.3204049  -10.009593
-0.9478963  0.30476415  -9.9794035
-0.88629293  0.2845166  -9.974881
-0.83656675  0.26865888  -9.981437
-0.7943466  0.26060525  -9.9926
-0.7566352  0.25709942  -10.005348
-0.7205803  0.2519599  -10.0214205
-0.68218327  0.24114235  -10.043919
-0.64138466  0.226595  -10.072059
-0.60130304  0.21138294  -10.100574
-0.5629697  0.19828011  -10.125924
-0.52546114  0.1877566  -10.1483755
-0.48606125  0.17961276  -10.163745
-0.44582105  0.17540926  -10.168701
-0.40948772  0.17307921  -10.162548
-0.38182703  0.17043842  -10.156201
-0.36104533  0.16246592  -10.159397
-0.34374595  0.15116912  -10.168179
-0.32558444  0.1405131  -10.169635
-0.30501035  0.13363095  -10.160931
-0.2821416  0.12877788  -10.151069
-0.25824335  0.12249288  -10.147881
-0.23370093  0.113378264  -10.150418
-0.20714276  0.1031279  -10.1540985
-0.17793827  0.09448257  -10.156475
-0.1482393  0.08990846  -10.155606
-0.12022448  0.08772164  -10.154679
-0.09492377  0.08380106  -10.160224
-0.07191869  0.07575982  -10.175362
-0.050505396  0.064256586  -10.196014
-0.030104235  0.052380133  -10.214513
-0.011966299  0.043314744  -10.224952
0.0026733559  0.03904955  -10.227032
0.011193012  0.038137976  -10.225375
0.013754584  0.036684617  -10.224185
0.012727977  0.03378437  -10.226285
0.011595968  0.029666161  -10.228681
0.013448869  0.0273578  -10.229045
0.017137842  0.026888177  -10.223617
0.022015803  0.027905665  -10.214145
0.027524373  0.02833429  -10.2057495
0.034220144  0.02640745  -10.203204
0.042783897  0.022436915  -10.207242
0.053134073  0.018374804  -10.213989
0.06426281  0.015984239  -10.219963
0.07455984  0.015460859  -10.222264
0.083947144  0.01555415  -10.221156
0.09231693  0.015572292  -10.219585
0.100618355  0.016100707  -10.220784
0.1074605  0.017100312  -10.224912
0.11343125  0.018718006  -10.230678
0.11840639  0.01917848  -10.233959
0.12234325  0.019342689  -10.231987
0.12621059  0.018034482  -10.229502
0.12897128  0.01650863  -10.233748
0.1321262  0.014318425  -10.24512
0.13582034  0.0131972805  -10.255919
0.14026083  0.012753208  -10.261794
0.14409755  0.012317176  -10.2664
0.14503264  0.010091775  -10.272384
0.14327447  0.0074173342  -10.2789545
0.13959295  0.0046426337  -10.282817
0.13559674  0.0022427477  -10.28157
0.13116427  -7.60349E-4  -10.275081
0.12560304  -0.004601846  -10.265174
0.118680276  -0.007998847  -10.255418
0.111855894  -0.01072016  -10.247236
0.10633852  -0.0132159395  -10.240819
0.101658165  -0.017672954  -10.236823
0.09809657  -0.024103582  -10.235426
0.09575534  -0.03007161  -10.236716
0.09522641  -0.033492118  -10.23879
0.09558865  -0.033640414  -10.241453
0.09531665  -0.033225663  -10.242841
0.095383324  -0.032937977  -10.243872
0.09560596  -0.03317307  -10.244204
0.09590534  -0.031956166  -10.244312
0.09392661  -0.028097788  -10.24274
0.08886852  -0.022227602  -10.239154
0.08011998  -0.015553888  -10.23614
0.069010414  -0.010686476  -10.235951
0.056941416  -0.006584652  -10.2397995
0.04624119  -0.0032682267  -10.243297
0.038365882  -3.6054617E-4  -10.244412
0.033080626  -8.492774E-4  -10.242898
0.030750522  -0.0045011784  -10.242732
0.029888107  -0.010160002  -10.24389
0.029693678  -0.014474827  -10.24644
0.029319229  -0.017048271  -10.248372
0.029040908  -0.017856633  -10.247676
0.029935772  -0.018604198  -10.24275
0.030612364  -0.019579489  -10.234713
0.029832372  -0.020916283  -10.227604
0.02693416  -0.021545121  -10.222679
0.022692144  -0.020950021  -10.219197
0.018767742  -0.017981501  -10.216718
0.016186323  -0.013655864  -10.214719
0.015134972  -0.009330814  -10.214709
0.014295296  -0.0064651743  -10.216951
0.0128334835  -0.003947763  -10.221597
0.012066848  -8.7084755E-4  -10.2273245
0.012981786  0.0017894404  -10.232713
0.014810837  0.003249231  -10.237438
0.015463076  0.0036038782  -10.240794
0.015292756  0.0049834438  -10.241223
0.015015538  0.00791264  -10.238689
0.015061582  0.01173379  -10.233931
0.014867178  0.014154047  -10.228681
0.013502501  0.014836227  -10.223874
0.010850239  0.013311084  -10.221546
0.0067461375  0.011058294  -10.220386
0.0024663336  0.007983009  -10.219846
-8.461483E-4  0.0052472404  -10.219859
-0.003087246  0.0018718364  -10.222813
-0.0041895024  -0.0015841046  -10.228667
-0.0037108834  -0.0046999906  -10.234283
-0.001999943  -0.004997613  -10.23717
0.001056959  -0.0044558453  -10.237763
0.003743859  -0.004409855  -10.237973
0.0060359673  -0.0066898926  -10.238639
0.0071353912  -0.0083617335  -10.238764
0.006231107  -0.008161958  -10.236494
0.0035297389  -0.0049346727  -10.233587
-6.066681E-4  -9.2181424E-4  -10.232133
-0.0051597934  0.004175974  -10.233013
-0.009860088  0.010185555  -10.235325
-0.013951623  0.018247867  -10.236804
-0.016883368  0.026075391  -10.237526
-0.01824908  0.030559497  -10.237792
-0.017994286  0.030172741  -10.238227
-0.016121551  0.026771793  -10.237674
-0.013478495  0.022838935  -10.234401
-0.012358348  0.019383922  -10.229293
-0.013827186  0.016056394  -10.224007
-0.016931998  0.013336605  -10.220698
-0.019507602  0.011003827  -10.219365
-0.020866163  0.009498906  -10.220162
-0.020882694  0.009407575  -10.221604
-0.02066726  0.0107220635  -10.222781
-0.019437894  0.01229009  -10.224641
-0.017842568  0.01205612  -10.227285
-0.016180368  0.010278736  -10.231632
-0.014384438  0.00845929  -10.235447
-0.013298154  0.008337085  -10.239388
-0.011944219  0.009301383  -10.242553
-0.010600294  0.011419561  -10.245467
-0.008496434  0.013627644  -10.248707
-0.006130544  0.016752068  -10.250599
-0.0037817296  0.019924615  -10.250462
-0.0014631959  0.023349656  -10.24611
-4.1379765E-4  0.025580226  -10.24036
-0.0015899022  0.025835017  -10.235647
-0.0053017493  0.023269253  -10.233685
-0.009717117  0.019631693  -10.231654
-0.012782157  0.017081149  -10.22924
-0.013794467  0.016640948  -10.225813
-0.013265766  0.017392352  -10.224312
-0.0118696755  0.017709607  -10.224812
-0.009380416  0.017784923  -10.2273
-0.005846765  0.018892018  -10.22935
-0.0020685547  0.01999891  -10.230297
7.205804E-4  0.019344183  -10.228974
0.0022182714  0.015245902  -10.227118
0.0030627546  0.009956819  -10.225166
0.0031622339  0.005950175  -10.224463
0.002432469  0.005091961  -10.225827
3.7642693E-4  0.006812491  -10.228015
-0.001784556  0.008738614  -10.230766
-0.0032522485  0.009026464  -10.233081
-0.0036000097  0.006911403  -10.236264
-0.003753934  0.003398871  -10.239918
-0.004293864  4.2931107E-4  -10.2417555
-0.005401231  -0.0016494785  -10.241382
-0.0070745  -0.003396051  -10.2406225
-0.008356134  -0.0048289853  -10.241464
-0.008966046  -0.004753643  -10.242032
-0.008970492  -0.0020157474  -10.242821
-0.00839313  0.0021124708  -10.243701
-0.007867837  0.00527068  -10.245689
-0.0061575994  0.007074013  -10.246968
-0.0043023997  0.008088016  -10.246809
-0.0018508332  0.010157407  -10.2451315
-4.595331E-4  0.01267873  -10.242898
1.1624005E-4  0.014618007  -10.241787
-2.0080502E-4  0.01453042  -10.241858
-7.6901197E-4  0.012326027  -10.24274
-0.0011480646  0.009486145  -10.243643
-0.0010564827  0.0071901125  -10.244153
1.8952787E-4  0.0059293346  -10.243697
0.0014885009  0.0054564825  -10.243379
