-0.21920629  0.12781802  -10.234817
-0.19702482  0.13469969  -10.263597
-0.18019587  0.1432332  -10.281606
-0.1450503  0.15945993  -10.309911
-0.121504046  0.16603602  -10.307927
-0.105034254  0.16137882  -10.286881
-0.099157  0.15054548  -10.266034
-0.095271595  0.14506614  -10.25615
-0.093823455  0.14154519  -10.249616
-0.09209419  0.13565779  -10.239577
-0.09075598  0.12773158  -10.2334795
-0.08815948  0.12129211  -10.235105
-0.08425742  0.1164502  -10.239647
-0.08018925  0.11220178  -10.242079
-0.07868136  0.109011285  -10.246095
-0.07926477  0.10748923  -10.251119
-0.08263088  0.106319346  -10.254916
-0.0862821  0.10339579  -10.254552
-0.091036044  0.09845945  -10.251611
-0.09388143  0.09205204  -10.248962
-0.092776395  0.086369306  -10.250611
-0.08906976  0.08085721  -10.2549
-0.08458062  0.07535397  -10.260266
-0.08034689  0.06970943  -10.267032
-0.076067664  0.06489614  -10.274918
-0.07208115  0.061650436  -10.281804
-0.06903866  0.059483882  -10.286397
-0.06628046  0.057851057  -10.290122
-0.06229465  0.05685289  -10.292695
-0.05818985  0.0551247  -10.292006
-0.05303878  0.052839387  -10.286907
-0.047109365  0.04977542  -10.280312
-0.038568903  0.047255788  -10.275345
-0.028679185  0.045450892  -10.272411
-0.01918564  0.044187974  -10.269909
-0.012435122  0.043700337  -10.2652855
-0.0077584065  0.04257919  -10.258562
-0.0048796725  0.040403526  -10.248962
-0.003291021  0.03696503  -10.238917
-0.0044346  0.032742787  -10.2297125
-0.006848421  0.029212601  -10.224534
-0.010388646  0.02731418  -10.224086
-0.013814289  0.026675917  -10.226663
-0.017506747  0.026457528  -10.230836
-0.0201523  0.025989437  -10.2369
-0.021687945  0.02562469  -10.244678
-0.022430576  0.024487289  -10.250926
-0.023235967  0.022260806  -10.253707
-0.024106255  0.019804308  -10.252849
-0.024536734  0.017915051  -10.251241
-0.023649119  0.015684893  -10.249389
-0.021770991  0.012432583  -10.248932
-0.018617034  0.007931083  -10.249125
-0.015628606  0.0038416917  -10.249318
-0.012740374  0.0011067531  -10.248787
-0.011059039  -2.5451224E-4  -10.24741
-0.011919181  -0.001517855  -10.245055
-0.015048124  -0.003363882  -10.24281
-0.019117739  -0.004699391  -10.240055
-0.023669997  -0.0055989884  -10.235299
-0.02836343  -0.0060163154  -10.228155
-0.03321317  -0.006851723  -10.221171
-0.03709696  -0.008070127  -10.2150345
-0.040463176  -0.009787028  -10.207755
-0.045024782  -0.012353173  -10.198853
-0.05009966  -0.013465115  -10.191185
-0.055887666  -0.012823414  -10.187319
-0.06329884  -0.010102442  -10.184539
-0.0747213  -0.007952007  -10.17969
-0.08878296  -0.0060250075  -10.173456
-0.10347775  -0.004564503  -10.168643
-0.11750922  -0.0042594  -10.167652
-0.12996449  -0.004748074  -10.17023
-0.1422222  -0.0068170857  -10.174043
-0.15453915  -0.00952562  -10.175663
-0.168303  -0.012782819  -10.17501
-0.18138917  -0.014615593  -10.17487
-0.19188112  -0.014825941  -10.176382
-0.20060527  -0.014816041  -10.177918
-0.2091059  -0.01591949  -10.176736
-0.22070557  -0.017213924  -10.172835
-0.23515928  -0.01647639  -10.168439
-0.25071648  -0.01208783  -10.167521
-0.26759908  -0.0034687922  -10.172003
-0.28880146  0.009370758  -10.181073
-0.316666  0.025567865  -10.191617
-0.34880581  0.04464112  -10.200774
-0.38326225  0.06419682  -10.205493
-0.4202371  0.08353531  -10.203785
-0.46136543  0.10150709  -10.194203
-0.5072069  0.1173236  -10.1741
-0.5548807  0.13070042  -10.143539
-0.6010346  0.1417626  -10.106534
-0.6416752  0.15327595  -10.071425
-0.6773434  0.1665033  -10.043162
-0.7099278  0.18146445  -10.02063
-0.7442526  0.19697706  -10.001749
-0.78332883  0.21209908  -9.987884
-0.82578236  0.22751771  -9.983504
-0.867532  0.24128212  -9.993618
-0.9069627  0.2537723  -10.023679
-0.94457173  0.26550034  -10.078017
-0.9812085  0.279472  -10.156687
-1.0141563  0.29612198  -10.256486
-1.043101  0.31279132  -10.368427
-1.0681815  0.32384956  -10.482553
-1.0847415  0.32780764  -10.591381
-1.0854801  0.3297358  -10.691109
-1.070477  0.33275673  -10.774365
-1.0483559  0.33678916  -10.832829
-1.0298883  0.3347827  -10.861415
-1.0171819  0.32432267  -10.859248
-1.0090551  0.30594876  -10.831746
-1.0024351  0.28318593  -10.786938
-0.9926731  0.2609251  -10.734173
-0.97601557  0.24029095  -10.676494
-0.9507372  0.22051476  -10.612063
-0.9200787  0.20026715  -10.541631
-0.889508  0.17890252  -10.465264
-0.86208946  0.1581976  -10.382657
-0.8405428  0.13682127  -10.293508
-0.8252869  0.11514153  -10.205497
-0.81515694  0.093701266  -10.135657
-0.8045005  0.07579894  -10.101576
-0.7853852  0.061965838  -10.1099615
-0.7555869  0.04924023  -10.154777
-0.7169879  0.035217907  -10.228508
-0.66995287  0.024413137  -10.329528
-0.6114745  0.027467275  -10.457397
-0.54406536  0.04566197  -10.599511
-0.47327986  0.071603194  -10.743558
-0.40457186  0.092232764  -10.877234
-0.33041763  0.10399314  -10.993705
-0.24354416  0.10652878  -11.081037
-0.14327043  0.10098999  -11.132622
-0.038635943  0.09101888  -11.152583
0.06373004  0.07730633  -11.145752
0.16039294  0.05760638  -11.107585
0.24738657  0.025372317  -11.025559
0.31901902  -0.017404051  -10.893323
0.37388667  -0.06032754  -10.726804
0.41503105  -0.09160028  -10.548304
0.4411211  -0.1079349  -10.370853
0.44807696  -0.11607399  -10.192999
0.4369339  -0.12145179  -10.019665
0.4175847  -0.1256817  -9.865509
0.40318456  -0.12402294  -9.7483835
0.39942327  -0.11710494  -9.677653
0.40745243  -0.108314596  -9.653386
0.42302275  -0.10180675  -9.672858
0.43921614  -0.097210824  -9.734592
0.45091796  -0.09225419  -9.8366
0.45964548  -0.08473291  -9.974202
0.4697164  -0.07514612  -10.135874
0.4829229  -0.06418302  -10.310433
0.49888137  -0.056881767  -10.482718
0.52469033  -0.05496351  -10.640771
0.5668934  -0.05832832  -10.7786255
0.62586117  -0.06503915  -10.886283
0.69051975  -0.07634915  -10.953889
0.74768883  -0.09380833  -10.977134
0.7958897  -0.113061845  -10.964396
0.839329  -0.12878196  -10.9233055
0.8772866  -0.14162393  -10.843938
0.89833236  -0.16203383  -10.713634
0.89568347  -0.19481003  -10.531808
0.87215346  -0.23707123  -10.314516
0.83787155  -0.27584815  -10.089497
0.79225844  -0.306614  -9.880912
0.73164463  -0.32761478  -9.706746
0.65528816  -0.34103742  -9.57437
0.5728528  -0.34952524  -9.480244
0.49782252  -0.35525873  -9.421874
0.4407396  -0.35666993  -9.408093
0.41006342  -0.3500129  -9.455602
0.40875778  -0.3367869  -9.571492
0.4353911  -0.3214582  -9.734452
0.47855428  -0.30708542  -9.913951
0.52501655  -0.29254928  -10.091232
0.56660193  -0.27913424  -10.269322
0.6116851  -0.2692853  -10.449714
0.67018133  -0.26625994  -10.620544
0.73942333  -0.26820347  -10.759288
0.80462813  -0.26700667  -10.855771
0.8526016  -0.25477457  -10.909144
0.88302916  -0.23178266  -10.914619
0.90205663  -0.205908  -10.860791
0.9118814  -0.18376422  -10.749398
0.90713435  -0.167579  -10.595267
0.8813362  -0.1575635  -10.413133
0.83792496  -0.15396471  -10.209801
0.78739244  -0.15255946  -10.003276
0.7356904  -0.1483372  -9.818826
0.6833171  -0.13782386  -9.67126
0.62955886  -0.1209807  -9.562966
0.57896954  -0.0985293  -9.489441
0.5367069  -0.07018362  -9.448001
0.50123614  -0.040716145  -9.437067
0.4661547  -0.014610489  -9.461091
0.42834795  0.0033028107  -9.532683
0.39493147  0.01269454  -9.658126
0.37798378  0.014409691  -9.835055
0.38284707  0.009921537  -10.046917
0.40650845  0.0016278354  -10.273338
0.44787467  -0.0060163387  -10.495145
0.5075497  -0.011508216  -10.696013
0.57971245  -0.016464418  -10.857224
0.648097  -0.023403645  -10.963245
0.6983078  -0.030198596  -11.010803
0.7285355  -0.034977153  -11.009242
0.74840593  -0.035993654  -10.969096
0.76566577  -0.03645633  -10.885887
0.77437085  -0.04016312  -10.753766
0.76449364  -0.051141158  -10.572269
0.7330157  -0.0696671  -10.359242
0.6886523  -0.09144431  -10.136552
0.6342973  -0.11100926  -9.925766
0.56750494  -0.12456548  -9.752667
0.49126923  -0.13314036  -9.635827
0.41612148  -0.14352071  -9.572986
0.35177064  -0.16324042  -9.548173
0.30150333  -0.1917286  -9.556977
0.26564273  -0.22469269  -9.609368
0.2476864  -0.2554336  -9.71068
0.2531775  -0.27990282  -9.858142
0.28268912  -0.29754177  -10.041699
0.3293875  -0.30929902  -10.251224
0.38306844  -0.31816715  -10.470406
0.4415692  -0.3231909  -10.681137
0.50612336  -0.32379287  -10.860621
0.5710041  -0.31947365  -10.9891405
0.6279352  -0.3103902  -11.062449
0.6737214  -0.2942786  -11.089055
0.71288973  -0.27009907  -11.075072
0.75411725  -0.2396528  -11.014504
0.79810953  -0.2082984  -10.906628
0.8409991  -0.17921154  -10.758788
0.8688047  -0.15438284  -10.580014
0.87453514  -0.1326654  -10.376019
0.8578113  -0.113880455  -10.152251
0.8196065  -0.100337155  -9.924226
0.76164824  -0.090373926  -9.713704
0.69001657  -0.081446305  -9.545948
0.6205042  -0.068578176  -9.435287
0.5634691  -0.053507198  -9.378413
0.5192135  -0.037224885  -9.361192
0.47551247  -0.021367466  -9.375867
0.4249338  -0.0043431483  -9.435234
0.3750125  0.011847702  -9.553856
0.34091055  0.020916754  -9.735312
0.33374587  0.019692881  -9.961427
0.35223016  0.01152625  -10.213235
0.39584458  0.00703451  -10.474927
0.46323705  0.010204177  -10.719068
0.544818  0.014545613  -10.910371
0.62475467  0.012369457  -11.027827
0.6906128  0.0021984302  -11.079037
0.7406737  -0.009474092  -11.083855
0.779351  -0.015912345  -11.052058
0.8089567  -0.016542772  -10.9819
0.82628566  -0.014611793  -10.866927
0.8298891  -0.01271866  -10.709357
0.8222842  -0.010575143  -10.517926
0.80732673  -0.009188394  -10.305446
0.7806186  -0.013742839  -10.082812
0.7376526  -0.029087761  -9.870716
0.6824849  -0.055568486  -9.6933565
0.62578624  -0.09047786  -9.564086
0.5759351  -0.13287857  -9.48141
0.5368335  -0.17989893  -9.441005
0.50541514  -0.22985594  -9.444116
0.47792456  -0.2778533  -9.487551
0.4522164  -0.32285604  -9.56681
0.43928233  -0.35828054  -9.682443
0.45054388  -0.37808827  -9.843611
0.48995176  -0.37949064  -10.051862
0.54764026  -0.37292966  -10.288855
0.61682343  -0.36863747  -10.531568
0.7015462  -0.36258438  -10.758739
0.80484265  -0.35114753  -10.948372
0.9139331  -0.33891472  -11.077794
1.0053464  -0.3396311  -11.135159
1.0704758  -0.349503  -11.132781
1.1202284  -0.35625497  -11.084697
1.1669264  -0.3483759  -11.002019
1.2111768  -0.32547536  -10.891171
1.2428511  -0.2924516  -10.755005
1.25022  -0.25918558  -10.587123
1.2221464  -0.23470123  -10.382782
1.1593242  -0.21965851  -10.159885
1.0801948  -0.2038304  -9.960816
1.0100007  -0.17706321  -9.823409
0.9635704  -0.13890888  -9.755057
0.9372015  -0.09953185  -9.735335
0.9211207  -0.067705974  -9.73952
0.90898037  -0.04516977  -9.759162
0.9042751  -0.029310673  -9.79956
0.9101085  -0.016245265  -9.869888
0.9264934  -0.00557917  -9.973176
0.95004493  0.0031219556  -10.098611
0.97993726  0.0099749435  -10.23196
1.0140965  0.01713861  -10.360332
1.0534414  0.02491854  -10.476608
1.1002773  0.03391389  -10.576628
1.1569396  0.044189032  -10.658993
1.2143055  0.05483045  -10.723495
1.2610304  0.064430915  -10.768758
1.2922803  0.07049992  -10.790591
1.3130728  0.07604156  -10.785648
1.3268939  0.08066365  -10.750056
1.3312874  0.08052904  -10.68155
1.3221005  0.069389515  -10.581916
1.3039714  0.053866953  -10.461316
1.2790738  0.042002093  -10.327831
1.2430093  0.029475411  -10.190058
1.1914845  0.011944761  -10.064782
1.1339488  -0.006523186  -9.973636
1.0855982  -0.012862008  -9.926914
1.0492679  -0.013078387  -9.90781
1.0161806  -0.01808167  -9.898879
0.9796013  -0.035384696  -9.89404
0.9438991  -0.057416257  -9.898902
0.91816187  -0.07883262  -9.92049
0.91082126  -0.0946221  -9.964298
0.9215703  -0.107515074  -10.02877
0.94529146  -0.118192315  -10.104325
0.97019196  -0.13023426  -10.174834
0.98648024  -0.14382632  -10.230414
0.9906141  -0.157679  -10.26702
0.9852689  -0.1689047  -10.287388
0.97387934  -0.17649926  -10.297161
0.95669633  -0.18230332  -10.300269
0.9308235  -0.18681262  -10.295982
0.89890003  -0.1922661  -10.281518
0.86462575  -0.19775707  -10.256814
0.8327122  -0.2011392  -10.233883
0.80311555  -0.19904578  -10.221172
0.77696896  -0.1936865  -10.220812
0.75256604  -0.18765624  -10.225919
0.72461253  -0.18298952  -10.230109
0.68552876  -0.1800813  -10.227005
0.63679194  -0.17894924  -10.214954
0.5878964  -0.17678596  -10.194093
0.54562217  -0.16993661  -10.170068
0.5091225  -0.15769987  -10.148182
0.4713894  -0.14355946  -10.136088
0.4296081  -0.13001315  -10.135482
0.38574484  -0.11761133  -10.143983
0.34472308  -0.106467254  -10.155054
0.31028432  -0.09749282  -10.166703
0.28051582  -0.08943803  -10.180057
0.25063404  -0.08169544  -10.198731
0.21828334  -0.07332777  -10.220749
0.18619315  -0.06664644  -10.239276
0.15880826  -0.060495194  -10.248347
0.13637711  -0.055324037  -10.247639
0.11569971  -0.04981741  -10.243039
0.094900884  -0.04456385  -10.241429
0.07519581  -0.038991004  -10.245465
0.057781305  -0.03383093  -10.250453
0.042647015  -0.028744131  -10.253486
0.027528882  -0.024545416  -10.2554035
0.011913709  -0.020735217  -10.260445
-0.0028802503  -0.017819693  -10.267068
-0.015945978  -0.014893564  -10.273311
-0.026719386  -0.011588036  -10.2772
-0.03584011  -0.0070544095  -10.27993
-0.04379621  -0.0021794876  -10.282723
-0.049902346  0.003111722  -10.28589
-0.056295097  0.0098408125  -10.2864685
-0.06406123  0.018454907  -10.283815
-0.073550224  0.026235098  -10.275219
-0.08240754  0.031171734  -10.265863
-0.089205444  0.034333058  -10.2565775
-0.095439136  0.036044866  -10.248686
-0.1039055  0.035505388  -10.238984
-0.11470795  0.031932306  -10.228001
-0.12546404  0.026907586  -10.219058
-0.13353817  0.02119073  -10.218909
-0.13670962  0.016880162  -10.22988
-0.1372889  0.013425489  -10.247719
-0.13661502  0.012550347  -10.263311
-0.13799144  0.011864129  -10.268945
-0.13988477  0.011483162  -10.26429
-0.14274909  0.011148234  -10.254703
-0.1453312  0.011301488  -10.244312
-0.14705347  0.01212303  -10.234047
-0.14650606  0.012272109  -10.222763
-0.1431367  0.012008707  -10.212304
-0.13806283  0.011197467  -10.204701
-0.13184306  0.00915591  -10.201385
-0.12500058  0.006391402  -10.202925
-0.11785702  0.0022177587  -10.207139
-0.11094638  -0.002981643  -10.207345
-0.10403656  -0.00954735  -10.201137
-0.09659063  -0.015310116  -10.193474
-0.08889162  -0.019174457  -10.191689
-0.08222356  -0.020142078  -10.197175
-0.07694326  -0.019301869  -10.204833
-0.07416531  -0.016928608  -10.210861
-0.07483353  -0.0133878635  -10.213592
-0.078694105  -0.0077779726  -10.216838
-0.083288126  -0.0022338408  -10.224789
-0.08481742  0.003110229  -10.237701
-0.08291466  0.005520797  -10.249995
-0.07694846  0.005515898  -10.259446
-0.06870553  0.0020963384  -10.26839
-0.06042892  -0.0023655137  -10.278302
-0.055041086  -0.005878214  -10.287098
-0.05440486  -0.007861336  -10.2894945
-0.05628039  -0.007567119  -10.28781
-0.058441658  -0.006479083  -10.283679
-0.058563683  -0.0042645494  -10.282084
-0.057443887  -0.00197608  -10.282088
-0.056097705  9.4074797E-4  -10.281924
-0.055370342  0.0028765548  -10.279008
-0.05247626  0.0032885019  -10.273934
-0.045579776  -4.6460525E-4  -10.269036
-0.034178812  -0.0060933116  -10.266028
-0.022080285  -0.011627227  -10.265876
-0.011533649  -0.014183783  -10.26664
-0.0040827766  -0.0146583095  -10.26871
6.6180294E-4  -0.015894597  -10.269929
0.0032802762  -0.018372046  -10.269146
0.0037726965  -0.021435322  -10.266387
0.003201017  -0.022666162  -10.264453
0.001940162  -0.019351246  -10.264914
2.7002904E-4  -0.012846016  -10.266796
-0.0013732478  -0.0045724795  -10.266738
-0.002497276  0.0024947803  -10.265307
-0.0032151483  0.0090774605  -10.264356
-0.0043013957  0.014804918  -10.2653675
-0.006647389  0.019793821  -10.266949
-0.008583375  0.022421101  -10.266435
-0.009684487  0.023882756  -10.261486
-0.009149357  0.024682745  -10.255353
-0.006360665  0.025546243  -10.252406
-0.0011690847  0.024378443  -10.254762
0.00564513  0.022139117  -10.259048
0.010946167  0.018966034  -10.259923
0.012547445  0.01605452  -10.259322
0.009857136  0.014170696  -10.257661
0.004934614  0.014505888  -10.254931
6.0802925E-4  0.017027562  -10.253026
-9.030175E-4  0.01801081  -10.251313
0.0019215905  0.01588413  -10.250915
0.007825625  0.010618779  -10.248946
0.014808555  0.0063571073  -10.247124
0.019924657  0.0039532552  -10.245603
0.022201432  0.0045681032  -10.244479
0.021503106  0.0052365907  -10.242029
0.019174881  0.005741093  -10.238923
0.017014543  0.004628643  -10.235033
0.016462693  0.0032940358  -10.231982
0.017665341  0.0013078366  -10.230127
0.020341692  -8.350802E-4  -10.22803
0.024026131  -0.0041953516  -10.226208
0.0280056  -0.00800121  -10.222523
0.03100518  -0.011365973  -10.219811
0.032498613  -0.012770525  -10.218518
0.03293937  -0.012769003  -10.2206135
0.033708274  -0.012983964  -10.224517
0.035546064  -0.015474348  -10.228477
