0.6623796  0.45696247  -9.439036
0.54686064  0.22946931  -9.21493
0.3553338  0.064032435  -9.0867605
0.30431458  0.08909967  -8.9364805
0.15584597  0.38932347  -9.049893
-0.07982311  0.32191482  -9.271615
-0.12493025  0.16368143  -9.475964
-0.10831012  0.18458782  -9.537609
-0.18367474  0.25085488  -9.533063
-0.18823662  -0.024279565  -9.506639
-0.17276978  -0.054329753  -9.506812
-0.34781033  0.17797892  -9.512249
-0.4765293  0.39314747  -9.505339
-0.55719316  0.36219656  -9.509625
-0.57206976  0.44282293  -9.51824
-0.5734717  0.5955922  -9.519374
-0.53657776  0.65013355  -9.518937
-0.4947769  0.5749052  -9.531284
-0.40937987  0.58925366  -9.550656
-0.32106128  0.5380541  -9.562881
-0.26115656  0.47513685  -9.573632
-0.19457555  0.43954787  -9.592082
-0.14593536  0.47210184  -9.615359
-0.10631935  0.43305573  -9.632323
-0.053374987  0.36961332  -9.642028
-0.035636604  0.39970812  -9.644787
-0.06304947  0.43420106  -9.646703
-0.026466409  0.23952898  -9.653104
0.0045296825  0.19278589  -9.658249
-0.06509135  0.31769127  -9.649023
-0.09756862  0.36988986  -9.630528
-0.10451076  0.35101658  -9.619567
-0.17706367  0.4770441  -9.625361
-0.22409463  0.49904576  -9.636028
-0.18455175  0.40692553  -9.641402
-0.16340455  0.3611893  -9.642152
-0.11563841  0.34063324  -9.643393
-0.04981359  0.28707275  -9.660939
-0.050675385  0.35708413  -9.689876
-0.051999085  0.41244373  -9.714557
0.0052040773  0.32921213  -9.711478
0.028586034  0.24619134  -9.695033
0.020787613  0.25800368  -9.678569
0.042712893  0.2094038  -9.678632
0.049360912  0.12871554  -9.682999
0.03823451  0.084426686  -9.689612
0.019175095  0.13865389  -9.690764
0.013806644  0.18267664  -9.688625
-0.0023020557  0.17551057  -9.687799
-0.03269011  0.22981186  -9.687095
-0.07772386  0.2931402  -9.690739
-0.09463717  0.27172792  -9.6986
-0.10123763  0.24602768  -9.706756
-0.093630575  0.23732324  -9.706492
-0.079110146  0.19274375  -9.698055
-0.045993406  0.13259311  -9.688004
-0.03463893  0.1024377  -9.677334
-0.09130177  0.12903246  -9.668151
-0.1445185  0.15484002  -9.660956
-0.14323704  0.12034966  -9.657595
-0.13421413  0.117488064  -9.653642
-0.1267542  0.15350595  -9.6517725
-0.10131808  0.15676296  -9.651504
-0.06366437  0.14073864  -9.651185
-0.0668744  0.15003979  -9.651366
-0.11723717  0.19423085  -9.660323
-0.15447655  0.23079784  -9.674248
-0.14451589  0.22712453  -9.682197
-0.15205082  0.233482  -9.67934
-0.19030806  0.2991858  -9.67432
-0.18220301  0.31909317  -9.674344
-0.14966963  0.31459653  -9.675395
-0.14272384  0.31459618  -9.676235
-0.1282915  0.32383448  -9.670123
-0.09360732  0.30886006  -9.663486
-0.08507419  0.28489047  -9.661765
-0.067636676  0.21671812  -9.669482
-0.0149718495  0.0930664  -9.677821
-0.014453126  0.054057397  -9.68019
-0.0061910474  0.05983604  -9.673543
0.016659629  0.08381749  -9.663319
-0.017362148  0.15230572  -9.652494
-0.10326196  0.2877175  -9.650293
-0.1373524  0.30584785  -9.661484
-0.18937752  0.2907929  -9.680701
-0.23910002  0.2745856  -9.700601
-0.21293049  0.22073618  -9.712298
-0.16233248  0.17597334  -9.7179785
-0.14437953  0.21578741  -9.716469
-0.09815831  0.22629532  -9.71324
-0.06442375  0.21503814  -9.713333
-0.050958507  0.20171821  -9.718158
-0.035406016  0.17895603  -9.724357
-0.027993623  0.15065832  -9.726527
-0.013727719  0.12094442  -9.724376
0.017232938  0.08204969  -9.719665
0.058473438  0.079504825  -9.715098
0.08050176  0.12842172  -9.7084
0.120176114  0.17031372  -9.6984625
0.1389077  0.21536207  -9.683099
0.12718955  0.33293688  -9.671822
0.061535697  0.46192703  -9.668249
0.019879788  0.52295667  -9.671531
-0.040535294  0.57196504  -9.674496
-0.063501574  0.57626975  -9.674596
-0.06618595  0.48540458  -9.674247
-0.05324047  0.3898512  -9.676391
-0.09080924  0.39616328  -9.681969
-0.069452584  0.3602579  -9.687073
-0.026842842  0.2206111  -9.691489
0.042188462  0.09803651  -9.695222
0.046293266  0.12339489  -9.696212
0.08002214  0.088541254  -9.69207
0.14785248  0.03627518  -9.678958
0.17733516  0.11806945  -9.661122
0.16623136  0.30139747  -9.649243
0.24682777  0.3149095  -9.6498785
0.30594474  0.31344908  -9.662749
0.30040812  0.37230292  -9.676331
0.2621849  0.4571436  -9.679827
0.20715073  0.5239451  -9.67064
0.16229185  0.5649316  -9.649872
0.19470365  0.52320814  -9.627291
0.31350797  0.40268302  -9.612476
0.4503971  0.34218138  -9.602218
0.6231888  0.2526412  -9.593047
0.7516416  0.250045  -9.581702
0.92919236  0.06702489  -9.586384
1.0470353  -0.16802166  -9.610336
1.1015615  -0.31725043  -9.645852
1.1415007  -0.4089004  -9.680448
1.2227541  -0.5683092  -9.707733
1.2408335  -0.53798103  -9.724099
1.1796666  -0.31269947  -9.728008
1.1153058  -0.08247935  -9.724847
1.0194525  0.103461005  -9.721654
0.9358261  0.1936129  -9.714742
0.87690115  0.25329253  -9.700376
0.88352376  0.24166194  -9.676311
0.9639417  -0.0053421585  -9.652795
1.0614843  -0.2746656  -9.629762
1.1531159  -0.37901926  -9.605812
1.2258886  -0.4115731  -9.5773
1.267042  -0.369927  -9.551202
1.3585857  -0.28524935  -9.536987
1.5383168  -0.26063353  -9.527168
1.7336546  -0.30306506  -9.515019
1.865463  -0.27925688  -9.503356
2.0108783  -0.42765206  -9.503703
2.0574179  -0.64523137  -9.524581
1.943499  -0.82086384  -9.563275
1.7416579  -0.97253895  -9.629363
1.5370083  -1.0365939  -9.7161045
1.3468217  -0.94461375  -9.7971115
1.2032633  -0.68853456  -9.849773
1.0664966  -0.47863412  -9.880855
0.7944013  -0.30980152  -9.919587
0.37904805  -0.2056609  -9.98401
-0.21548152  0.03381624  -10.074059
-0.8434351  0.32630047  -10.17458
-1.2070491  0.65129095  -10.258606
-1.1937261  0.8790844  -10.291654
-0.9096993  1.0199136  -10.259135
-0.47867274  0.9644327  -10.168588
-0.05863878  0.77129567  -10.046742
0.14861958  0.56001  -9.923436
0.11034336  0.44985586  -9.817071
-0.026756173  0.4416812  -9.741954
-0.07035736  0.46281266  -9.695437
-0.016336206  0.46335658  -9.656942
0.1727627  0.38621747  -9.603217
0.46210352  0.3560337  -9.5298195
0.7520364  0.28877896  -9.454533
0.95949507  0.22102162  -9.393894
1.0992935  0.24733917  -9.354142
1.1700524  0.3467303  -9.334442
1.2202657  0.31979284  -9.343572
1.3072991  0.22628465  -9.394982
1.3550336  0.3878603  -9.485269
1.3451406  0.63201475  -9.592669
1.3805865  0.60441065  -9.693799
1.387654  0.41852322  -9.806233
1.1703099  0.5222248  -9.942026
0.8440857  0.46385384  -10.097041
0.5205309  0.22378536  -10.228476
0.07011433  0.12497125  -10.316295
-0.58065945  0.48928  -10.373759
-1.0766213  0.83293283  -10.389428
-1.3455328  0.9262865  -10.349507
-1.4973971  0.858795  -10.24059
-1.5740286  0.80749893  -10.100394
-1.6108395  0.6881747  -9.97556
-1.6835339  0.61267143  -9.8818655
-1.7126777  0.650255  -9.795968
-1.639464  0.6786879  -9.670227
-1.4512589  0.8194853  -9.495578
-0.9956465  0.7625997  -9.31926
-0.3714674  0.22402015  -9.199538
0.16933057  -0.3072419  -9.150352
0.5550252  -0.7011917  -9.147546
0.7866893  -1.1338081  -9.169694
0.8940231  -1.5033929  -9.201222
0.8985735  -1.567838  -9.239209
0.8883278  -1.4630349  -9.272603
0.9522707  -1.1956967  -9.308385
1.0675067  -0.9428209  -9.36185
1.2412407  -0.8078232  -9.448654
1.2839012  -0.7388243  -9.58042
1.1545947  -0.5741529  -9.749221
0.8252285  -0.56210846  -9.940852
0.50017416  -0.6080891  -10.130231
0.19890277  -0.43303108  -10.2911215
-0.09509465  -0.12124102  -10.412885
-0.43965235  -0.027281856  -10.484512
-0.75308025  0.1763893  -10.510869
-0.9937545  0.46931666  -10.484139
-1.1831844  0.58069736  -10.4044695
-1.2149249  0.48621112  -10.260026
-1.1039108  0.46624154  -10.07224
-0.9817815  0.5723895  -9.867871
-0.9718733  0.74776685  -9.694677
-1.011523  1.010744  -9.550567
-0.94792116  1.2914674  -9.405296
-0.73550785  1.4987595  -9.244182
-0.41201076  1.5134643  -9.096271
-0.016775172  1.3800007  -9.005764
0.39795142  0.94222623  -8.961822
0.6837307  0.49115485  -8.921887
0.8169433  0.13028754  -8.869288
0.80806017  -0.15219435  -8.84124
0.7105851  -0.29082382  -8.888699
0.641777  -0.07344286  -9.014926
0.66894996  0.1641037  -9.178753
0.7827593  0.27556083  -9.351434
0.9393395  0.3430316  -9.530496
0.9897343  0.39807406  -9.726697
0.82171154  0.48180914  -9.937228
0.53762686  0.6411766  -10.143488
0.24743049  0.47855473  -10.306665
-0.13941987  0.041683756  -10.412274
-0.6876825  -0.02327826  -10.483928
-1.1718155  0.19650577  -10.545732
-1.5165437  0.26312914  -10.569877
-1.7676023  0.354778  -10.50545
-1.9991137  0.63540065  -10.36784
-2.044848  0.8931538  -10.205606
-1.9145496  0.69042146  -10.060012
-1.6686716  0.323402  -9.915821
-1.2829491  0.042287547  -9.750913
-0.6532264  -0.15276794  -9.559005
0.080803536  -0.5761932  -9.361643
0.6226417  -0.86259496  -9.196921
0.93738204  -0.9991482  -9.083861
0.9662323  -0.96582377  -9.021745
0.82134134  -1.0249856  -8.991733
0.5858743  -1.0711617  -8.998836
0.47682524  -0.965745  -9.027822
0.48325592  -0.8025381  -9.078805
0.4869132  -0.7671701  -9.159824
0.5486448  -0.6793356  -9.303533
0.7024676  -0.7144147  -9.49518
0.7581619  -0.9101697  -9.700849
0.576007  -0.9103405  -9.904858
0.36333337  -0.5795891  -10.116969
0.16962707  -0.13896486  -10.313214
-0.09995385  0.14560795  -10.4505825
-0.5842335  0.5427462  -10.519363
-1.0161062  0.9304989  -10.538531
-1.274736  1.1629239  -10.515672
-1.4445846  1.2048206  -10.435061
-1.4899025  1.2001839  -10.30223
-1.3598721  0.9423798  -10.135945
-1.2221442  0.70873123  -9.954977
-1.179117  0.7094267  -9.778375
-1.1183314  0.8764868  -9.622535
-1.0049987  1.0624756  -9.484612
-0.74848443  1.3202813  -9.339114
-0.36770704  1.3499836  -9.1747675
0.09562079  0.9810627  -9.030164
0.5689554  0.43998662  -8.935357
0.9508873  0.036227833  -8.874967
1.127834  -0.22653326  -8.82266
1.0876435  -0.20312491  -8.793052
0.9753269  -0.13375975  -8.836081
0.8094158  0.1126423  -8.9532385
0.6285098  0.4024573  -9.116878
0.5279066  0.5931457  -9.301625
0.5185727  0.4944256  -9.507571
0.4956065  0.38557002  -9.734396
0.41878492  0.23206396  -9.9688835
0.29470608  0.03678397  -10.180352
0.087956905  -0.28189752  -10.336208
-0.24543867  -0.4078184  -10.439388
-0.6592465  -0.18943304  -10.50357
-1.0372883  0.010858417  -10.522605
-1.3164222  0.09213074  -10.4640465
-1.5097018  0.14968514  -10.340224
-1.5780345  0.09042835  -10.198698
-1.5545566  0.06656301  -10.074811
-1.4453061  0.15534773  -9.947869
-1.2184174  0.3149012  -9.799748
-0.8381854  0.48304024  -9.625232
-0.37107912  0.7125326  -9.445172
-0.027135205  0.9097413  -9.278497
0.22146599  0.7276456  -9.149686
0.40994796  0.24562673  -9.066361
0.50984854  -0.37887797  -9.024281
0.509333  -0.8117512  -9.020901
0.47360176  -1.0405926  -9.070385
0.50408727  -1.2068807  -9.152363
0.5761132  -1.1317035  -9.255412
0.75184727  -0.82128775  -9.374186
0.99084777  -0.73990613  -9.5275
1.2597306  -1.026708  -9.716465
1.2853856  -1.0428082  -9.9234705
1.0637157  -0.7614016  -10.146683
0.6302556  -0.4437875  -10.365657
-0.0039025724  -0.14756128  -10.564232
-0.5781145  0.245559  -10.702309
-0.8666973  0.58733284  -10.742152
-0.9376682  0.57537234  -10.674899
-0.9011545  0.47871298  -10.531293
-0.7180493  0.39897284  -10.355007
-0.59852916  0.2893498  -10.169328
-0.66165626  0.38344416  -9.98211
-0.7396148  0.6860585  -9.79016
-0.6891602  0.84978086  -9.592609
-0.4916001  0.9389677  -9.391532
-0.16500147  1.0090191  -9.196358
0.21479288  0.8615597  -9.016691
0.51381207  0.52878934  -8.863536
0.70489  0.20711324  -8.758082
0.6795598  0.036149837  -8.714353
0.5054368  -0.020534212  -8.7413
0.32697263  0.0874734  -8.827521
0.22950645  0.40154037  -8.95182
0.20421755  0.80197257  -9.10579
0.3083346  0.9030077  -9.29995
0.44746274  0.8488229  -9.537029
0.47297606  0.68710977  -9.791415
0.3751023  0.40016302  -10.028659
0.12897351  0.0061648386  -10.234622
-0.32540673  -0.16319516  -10.429181
-0.704846  -0.17556642  -10.581665
-0.8510275  -0.43297085  -10.635781
-1.0125355  -0.7779598  -10.567082
-1.2851913  -0.8574665  -10.436282
-1.4099103  -0.7246312  -10.310535
-1.5159874  -0.5165446  -10.194855
-1.5921746  -0.20975852  -10.056537
-1.5195841  0.2874744  -9.880242
-1.2008439  0.9061802  -9.668395
-0.75175816  1.1558156  -9.450482
-0.14664987  0.8552289  -9.233962
0.39124912  0.46909794  -9.025771
0.7675656  0.0787065  -8.850827
0.93912184  -0.3802132  -8.759548
0.9835499  -0.79118335  -8.774056
0.90726936  -1.0337  -8.858584
0.74635124  -1.1026572  -8.97042
0.66967773  -1.0594113  -9.088677
0.6791623  -1.0891631  -9.229217
0.72027695  -1.1665065  -9.407079
0.6031181  -0.94824344  -9.62751
0.38180324  -0.42470235  -9.886008
0.14274074  -0.049224924  -10.1500025
-0.10639237  0.09044536  -10.396464
-0.43612322  0.46267286  -10.606768
-0.5910613  0.724066  -10.751465
-0.5539471  0.5663403  -10.783679
-0.5424718  0.44698176  -10.686116
-0.62911284  0.5678762  -10.520363
-0.7440748  0.6656609  -10.361163
-0.93367684  0.8275601  -10.227299
-1.09747  1.1383274  -10.079398
-1.0919498  1.2461157  -9.886405
-0.88675433  1.2417814  -9.662324
-0.4590053  1.0568564  -9.443793
0.03234139  0.6237541  -9.227353
0.45412093  0.054719545  -9.015453
0.69279504  -0.44818193  -8.8294525
0.7558354  -0.8535241  -8.723357
0.5903036  -0.79522467  -8.703425
0.385303  -0.31666842  -8.742889
0.18377833  0.118052885  -8.813689
0.07883589  0.4312891  -8.918523
0.12763621  0.8262479  -9.071513
0.22464761  0.94093144  -9.29161
0.2866651  0.7468611  -9.556046
0.31694487  0.60277826  -9.829001
0.14294045  0.40922546  -10.075712
-0.30204445  0.19281197  -10.296292
-0.80625695  0.35486642  -10.494772
-1.2040083  0.33334407  -10.637696
-1.5576451  0.15309322  -10.683211
-1.8430942  0.27481693  -10.628768
-1.9747322  0.519897  -10.524508
-1.9397972  0.4099373  -10.409241
-1.8227694  0.39145094  -10.282263
-1.6402788  0.5606228  -10.112092
-1.2557704  0.6827229  -9.880698
-0.70325285  0.5218552  -9.623787
-0.059253275  0.08279208  -9.387061
0.4325284  -0.43890887  -9.187855
0.70539033  -0.9051691  -9.028084
0.776723  -1.1925416  -8.930144
0.72228926  -1.2520946  -8.911607
0.58895046  -1.2874099  -8.952164
0.5104781  -1.2783306  -8.993749
0.5093057  -1.2316232  -9.030861
0.6573066  -1.0418235  -9.084864
0.81524193  -0.96619684  -9.194801
0.8773691  -0.79879564  -9.356689
0.76453215  -0.5377718  -9.561044
0.6392558  -0.1900614  -9.798932
0.49835324  -0.16807178  -10.044602
0.18667296  -0.33949953  -10.271802
-0.3369045  -0.1804376  -10.473061
-0.6994093  0.21865575  -10.631305
-0.9156898  0.47756958  -10.703956
-1.1216176  0.5839745  -10.654109
-1.195874  0.8775867  -10.524863
-1.1047347  0.9936341  -10.373359
-1.0610558  1.0009816  -10.2152605
-1.0617783  1.0796022  -10.034191
-1.0766788  1.254837  -9.829449
-0.9220082  1.2929819  -9.626444
-0.558941  1.1885766  -9.425435
-0.1066372  0.8631488  -9.217566
0.28692213  0.42851248  -9.018659
0.6026927  0.036166877  -8.874881
0.82471085  -0.2904652  -8.808769
0.88644487  -0.4914546  -8.800225
0.84063166  -0.36696944  -8.835927
0.76849633  -0.115514144  -8.919925
0.82551926  0.112674  -9.054477
0.8956069  0.28522906  -9.215081
0.9792367  0.23945722  -9.386185
0.979874  0.090632215  -9.5747595
0.9137393  -0.03726318  -9.7865
0.7929084  -0.08953194  -10.006165
0.62257206  -0.1327851  -10.181859
0.35958177  -0.20405106  -10.301986
-0.059916306  -0.15691249  -10.38241
-0.48525038  0.08948211  -10.457066
-0.94246197  0.4392848  -10.498044
-1.3434722  0.716608  -10.465039
-1.6422405  0.84004116  -10.366715
-1.7512099  0.7942263  -10.251863
-1.7623498  0.5383285  -10.147364
-1.6489452  0.21965966  -10.025648
-1.3700751  -0.020737708  -9.887165
-0.89487267  -0.018419102  -9.732034
-0.2575387  -0.036720164  -9.558286
0.38068423  -0.078154005  -9.361613
0.8136231  -0.23758355  -9.186242
0.9632171  -0.47557282  -9.085068
0.9199101  -0.8313387  -9.049193
0.74313277  -1.1858733  -9.046363
0.48561826  -1.3870198  -9.061077
0.31238115  -1.4520605  -9.10008
0.32036796  -1.3240322  -9.169397
0.48087636  -0.99383414  -9.264234
0.70865387  -0.8296882  -9.394764
0.86328906  -0.73424435  -9.564388
0.84371436  -0.5581438  -9.775216
0.70340574  -0.43828034  -10.00936
0.61133873  -0.47639623  -10.229033
0.54170835  -0.43534595  -10.384877
0.32935733  -0.22092828  -10.45954
-0.024685424  0.16864748  -10.475747
-0.35686386  0.59900904  -10.462611
-0.7012506  0.82199  -10.419518
-0.93328774  1.0015137  -10.322907
-0.8499177  0.9310134  -10.166455
-0.57173985  0.5754491  -9.974518
-0.3696877  0.38845944  -9.783613
-0.2976741  0.61507183  -9.638228
-0.32185024  0.8115141  -9.526468
-0.29556364  0.8231827  -9.406799
-0.14458239  0.84731895  -9.256538
0.080842756  0.72497904  -9.109066
0.3280595  0.439269  -9.015726
0.53771216  0.116326734  -8.960928
0.63264143  -0.16101795  -8.920016
0.6595768  -0.312745  -8.881615
0.6957724  -0.27670717  -8.8906975
0.7712761  -0.11027048  -8.95734
0.8365076  0.05171455  -9.085835
0.80607015  0.19156237  -9.256734
0.7077274  0.3355856  -9.465861
0.5285605  0.32355866  -9.714818
0.37693584  0.20584719  -9.97549
0.25080407  -0.12790783  -10.204331
-0.036190532  -0.45567447  -10.3735285
-0.4502204  -0.23782897  -10.49331
-0.7707385  0.033137035  -10.5695715
-1.1357949  0.10327613  -10.588302
-1.6086357  0.29294124  -10.543669
-1.9192291  0.6632878  -10.464836
-2.019946  0.4802218  -10.367265
-1.9405092  0.14063376  -10.24751
-1.674641  -0.07981007  -10.086025
-1.124326  -0.12977001  -9.882335
-0.353235  -0.2493507  -9.663669
0.43983445  -0.49999484  -9.4476595
0.98894155  -0.73884124  -9.24166
1.2184916  -0.8955021  -9.044549
1.1860726  -0.98710316  -8.90729
1.0063387  -1.1876671  -8.873479
0.7933442  -1.30026  -8.9274435
0.64645827  -1.2681434  -9.014201
0.6241993  -1.0402676  -9.092847
0.6945182  -0.69830835  -9.175822
0.77945596  -0.3353361  -9.290169
0.82863444  -0.24764502  -9.446319
0.69467604  -0.12353065  -9.632954
0.46258968  -0.05294597  -9.839435
0.017207634  -0.16647005  -10.06071
-0.64793664  -0.16635942  -10.303376
-1.3042938  0.23826161  -10.537488
-1.609657  0.58079493  -10.700858
-1.6089325  0.58938324  -10.7137575
-1.3410561  0.4446075  -10.601148
-1.014674  0.4368971  -10.439429
-0.76758546  0.38514888  -10.298017
-0.6553091  0.26725686  -10.161238
-0.67486113  0.32507044  -9.981899
-0.639568  0.5348667  -9.757145
-0.39171988  0.6327381  -9.522418
-0.014659387  0.5809191  -9.302507
0.2972322  0.4797047  -9.086497
0.58295596  0.29380754  -8.884961
0.69512427  0.09415897  -8.73672
0.6889831  -0.10503204  -8.674518
0.6269287  -0.19337793  -8.673518
0.5802314  -0.13049781  -8.709285
0.5017419  0.1379468  -8.778114
0.51088595  0.50061524  -8.890001
0.6318343  0.7312638  -9.052988
0.81127053  0.62532455  -9.263183
0.92906684  0.36012256  -9.505994
0.968676  0.08945577  -9.76049
1.004856  -0.20967357  -10.002187
0.97296363  -0.64602053  -10.203572
0.56935215  -0.7395956  -10.349636
-0.10077711  -0.40802193  -10.458584
-0.79021686  -0.009553027  -10.539079
-1.4351406  0.18912026  -10.581524
-1.9576439  0.40957385  -10.55309
-2.1418672  0.4352846  -10.455256
-2.0535178  0.0734388  -10.327163
-1.8707727  -0.3057999  -10.20045
-1.6023422  -0.40162873  -10.063942
-1.2477591  -0.32848245  -9.884411
-0.71277994  -0.19029301  -9.643846
-0.06131215  -0.12358463  -9.374366
0.5454642  -0.14212345  -9.137866
0.9562882  -0.2601406  -9.0005865
1.1772783  -0.29085097  -8.957955
1.1692302  -0.24674198  -8.965367
1.0445013  -0.061042987  -8.974667
0.9260238  0.10165111  -8.997807
0.8878132  0.09470614  -9.062848
0.8774427  0.03902341  -9.185584
0.93222684  -0.16356531  -9.358909
0.93256986  -0.49403825  -9.56532
0.80797946  -0.8016022  -9.797599
0.5969799  -0.7919704  -10.048144
0.49509573  -0.6353777  -10.278633
0.43467236  -0.42376167  -10.449909
0.16883823  -0.058016878  -10.547383
-0.20349672  0.35355586  -10.584609
-0.5890379  0.64310426  -10.557481
-1.0084016  0.61696565  -10.46397
-1.420534  0.46567497  -10.320363
-1.5745304  0.22539821  -10.159921
-1.5948845  0.115120545  -10.000506
-1.6029956  0.16865548  -9.846992
-1.5585545  0.42706317  -9.704405
-1.4090679  0.6731523  -9.567153
-1.1063775  0.88131696  -9.423077
-0.62762487  0.87133104  -9.260127
-0.090694204  0.6959003  -9.09295
0.3669119  0.35709065  -8.947858
0.7182504  0.02132203  -8.84468
0.88451135  -0.19276837  -8.792245
0.9177839  -0.20126894  -8.7788515
0.9510251  -0.12012188  -8.791287
0.9655458  0.047935806  -8.826438
0.96705294  0.28639746  -8.906648
0.9732318  0.5207677  -9.048695
0.95198536  0.4917614  -9.241168
0.8088535  0.35755935  -9.467198
0.58308035  0.40424982  -9.707133
0.3424917  0.41124234  -9.936727
0.08883818  0.12633045  -10.115681
-0.35880333  0.057192504  -10.246812
-0.86661404  0.36319894  -10.3536625
-1.1626881  0.45989537  -10.431716
-1.3248235  0.37865415  -10.445163
-1.3668048  0.3052687  -10.374917
-1.2464744  0.07530923  -10.25863
-1.0331587  -0.48440266  -10.1318865
-0.9104748  -0.91546726  -10.00442
-0.74552137  -0.97663105  -9.875602
-0.46918893  -0.7599342  -9.7469225
-0.03698639  -0.47574115  -9.617409
0.42659178  -0.17740092  -9.486423
0.8495353  -0.061101615  -9.371147
1.086113  -0.11388242  -9.285841
1.1626832  -0.2557254  -9.233046
1.1234925  -0.47963887  -9.201954
1.0873597  -0.7567213  -9.193091
1.0833356  -0.8806081  -9.193192
1.0959584  -0.9089405  -9.202889
1.122884  -0.9403448  -9.234744
1.1448274  -0.8272165  -9.317606
1.0739992  -0.5287657  -9.4521265
0.84310377  -0.3547749  -9.627429
0.53714806  -0.27946073  -9.841573
0.16912375  -0.14067224  -10.076676
-0.22693375  -0.14506319  -10.29039
-0.7165023  -0.20430276  -10.460565
-1.1575729  0.15680373  -10.585965
-1.325257  0.54416656  -10.659821
-1.2684038  0.67833906  -10.642032
-1.1259595  0.80006284  -10.531292
-0.9172419  0.8549616  -10.372264
-0.8271246  0.669608  -10.206278
-0.99494284  0.69419646  -10.050429
-1.170411  0.8540355  -9.897746
-1.1264569  0.8817571  -9.753181
-0.86260307  0.8656756  -9.595642
-0.3846215  0.7104181  -9.412562
0.14974919  0.35730857  -9.218104
0.55963063  0.083652996  -9.060524
0.7337894  0.01084009  -8.966721
0.7695425  -0.02717768  -8.917397
0.7745748  0.04000073  -8.884447
0.8259605  0.24287382  -8.866839
0.84945506  0.39158526  -8.896398
0.8508116  0.46364602  -8.991454
0.8536585  0.45304185  -9.148231
0.7678618  0.3578596  -9.33944
0.5419857  0.21816199  -9.551548
0.4210461  0.08332964  -9.779996
0.37873298  -0.04205216  -9.997963
0.22420995  -0.22949617  -10.177199
-0.13119523  -0.24419017  -10.30293
-0.5416652  -0.14508384  -10.390139
-1.0110865  -0.07291889  -10.440193
-1.5157411  -0.09166528  -10.437945
-1.9234416  -0.078295425  -10.381077
-2.090836  -0.17056628  -10.286743
-2.0408902  -0.36272025  -10.176259
-1.8824177  -0.40085277  -10.044858
-1.5127794  -0.36963156  -9.890033
-0.90911496  -0.22963259  -9.72207
-0.20744734  -0.04874093  -9.540385
0.43430877  0.10923211  -9.3564005
0.8696086  0.07818866  -9.198111
1.0387108  0.030888194  -9.110169
0.99891186  -0.03823008  -9.090256
0.8475744  -0.23609512  -9.102616
0.6880108  -0.45737964  -9.115295
0.6734081  -0.6788988  -9.125609
0.8133787  -0.813657  -9.153115
1.0859684  -1.0416065  -9.212485
1.3895583  -1.1854174  -9.311226
1.511188  -1.1945957  -9.446331
1.3827959  -1.0631504  -9.621799
1.0233704  -0.94722235  -9.82707
0.563019  -0.5784267  -10.036674
0.13674748  -0.28793922  -10.213832
-0.32036194  -0.15552178  -10.341976
-0.861932  0.11043464  -10.429592
-1.2410724  0.5600759  -10.473884
-1.4712688  0.744404  -10.4504385
-1.6371685  0.79366934  -10.347075
-1.7096926  0.8154251  -10.1959095
-1.6733955  0.74687254  -10.039391
-1.6638298  0.64330393  -9.902621
-1.6390051  0.63339514  -9.790158
-1.4889145  0.6913668  -9.68416
-1.073841  0.7299398  -9.558259
-0.4630925  0.7498921  -9.406149
0.11159487  0.76276207  -9.267325
0.58300275  0.59108645  -9.16603
0.90414107  0.23581696  -9.086858
1.037722  -0.12786253  -9.013127
0.9776843  -0.29327  -8.955761
0.8552148  -0.26226655  -8.947541
0.72306335  -0.036429547  -8.995136
0.6458117  0.31320316  -9.088124
0.6661559  0.673967  -9.209163
0.78519046  0.6870058  -9.343347
0.8966919  0.39227942  -9.489931
0.8780837  0.13167259  -9.653668
0.7441515  0.036256682  -9.826322
0.6208143  -0.1607722  -9.981729
0.29926902  -0.45308524  -10.092122
-0.32048708  -0.56522447  -10.181296
-1.0383285  -0.20124574  -10.287147
-1.5802157  0.12785676  -10.390803
-2.0387902  0.2866365  -10.4244
-2.2362602  0.45438737  -10.348765
-2.0624652  0.34885916  -10.207199
-1.7140634  -0.08664763  -10.060334
-1.4535488  -0.44803667  -9.93295
-1.1224552  -0.54626393  -9.816819
-0.64294374  -0.53821456  -9.695712
-0.05402837  -0.39886734  -9.554751
0.56627756  -0.41889971  -9.409036
1.0463072  -0.483236  -9.299974
1.1913197  -0.5379983  -9.24602
1.1114452  -0.5657613  -9.227088
0.95582503  -0.6296223  -9.203275
0.7538353  -0.67021716  -9.165233
0.5904747  -0.55361867  -9.14236
0.6023663  -0.4282815  -9.171428
0.8040161  -0.4141354  -9.251468
1.0730364  -0.4246901  -9.363961
1.3397715  -0.41695556  -9.487437
1.5590813  -0.49342793  -9.632543
1.5385393  -0.5287805  -9.807446
1.2455056  -0.49726763  -9.989137
0.8143096  -0.46885768  -10.14898
0.381835  -0.4615627  -10.2492075
-0.11519375  -0.48770303  -10.298051
-0.69922036  -0.36087075  -10.323059
-1.1792746  -0.02642479  -10.346119
-1.4255993  0.2932703  -10.350067
-1.4537202  0.47604865  -10.290696
-1.3282703  0.5146191  -10.158708
-1.0593925  0.46461812  -9.995224
-0.9219122  0.44723955  -9.853565
-1.0268657  0.60662043  -9.76046
-1.2515618  0.7927251  -9.676845
-1.3417755  1.0568646  -9.551115
-1.1732018  1.152737  -9.392227
-0.7722701  0.89834327  -9.269737
-0.29728618  0.5167154  -9.2242
0.09284864  0.16252086  -9.213588
0.32667795  -0.15245983  -9.1855
0.4155472  -0.38704285  -9.141469
0.46439186  -0.31810695  -9.12178
0.55268097  -0.21225607  -9.13773
0.61900985  -0.02393967  -9.186774
0.6484251  0.18818888  -9.260872
0.59669834  0.46462375  -9.363678
0.42236057  0.52204794  -9.488164
0.14974764  0.44929433  -9.622415
-0.086784124  0.34259385  -9.762042
-0.20027462  0.14989507  -9.902561
-0.21068065  -0.121759094  -10.018613
-0.29751724  -0.44179505  -10.090072
-0.62701404  -0.5925323  -10.148171
-1.0357281  -0.35099497  -10.230399
-1.3216394  -0.03064158  -10.306228
-1.5047551  0.11291237  -10.308747
-1.584037  0.34948593  -10.2144165
-1.5259666  0.43022585  -10.081824
-1.4417906  0.12319984  -9.959546
-1.5200778  -0.095735  -9.870887
-1.5684497  -0.14984939  -9.799891
-1.4197824  -0.18196237  -9.712696
-1.0316176  -0.17392349  -9.59278
-0.5821563  -0.20897289  -9.470751
-0.25682285  -0.37509936  -9.406655
-0.15225272  -0.41453633  -9.411473
-0.22406328  -0.33038872  -9.443741
-0.37957305  -0.21621664  -9.4672365
-0.5097542  -0.03294306  -9.472211
-0.53821397  0.19428766  -9.471774
-0.4605375  0.29604608  -9.480869
-0.3248189  0.19344953  -9.515084
-0.15811476  0.05812034  -9.576587
-0.03389758  -0.14105996  -9.654045
0.02492203  -0.40100512  -9.735324
-0.0151908  -0.5358882  -9.827511
-0.1193341  -0.42818213  -9.926303
-0.18917961  -0.26689163  -10.011071
-0.18305802  -0.14508286  -10.064902
-0.14894702  0.03085005  -10.085391
-0.21132295  0.12269678  -10.091465
-0.3925355  0.13646963  -10.0901985
-0.71831876  0.19085582  -10.086242
-1.0370013  0.39306086  -10.068053
-1.2663977  0.6470641  -10.018944
-1.2763449  0.82246304  -9.930819
-1.1292377  0.845754  -9.825034
-0.909345  0.79824436  -9.727498
-0.78404915  0.6247868  -9.631033
-0.7401884  0.41596538  -9.508865
-0.7737558  0.30142853  -9.388085
-0.7841159  0.2528685  -9.324623
-0.82444936  0.20378809  -9.34203
-0.8781438  0.2828033  -9.402756
-0.9053648  0.36940914  -9.452372
-0.8822708  0.4271093  -9.468936
-0.8519205  0.46491703  -9.46554
-0.7878696  0.4660994  -9.475743
-0.7205919  0.40853333  -9.520467
-0.6667169  0.29420385  -9.5836
-0.64846814  0.2005445  -9.635642
-0.6228712  0.1268363  -9.669072
-0.5894996  0.13924162  -9.694205
-0.5154562  0.11563282  -9.719898
-0.4367463  0.10502565  -9.74463
-0.38743085  0.09833391  -9.76143
-0.39656067  0.11825995  -9.776148
-0.37200508  0.10785866  -9.79561
-0.33208036  0.10237875  -9.81558
-0.3124637  0.07717119  -9.825036
-0.28521958  0.07177743  -9.822122
-0.22338037  0.043150254  -9.802211
-0.16697726  -0.0362355  -9.764957
-0.1488173  -0.11150025  -9.717022
-0.11954802  -0.14069863  -9.68575
-0.07337019  -0.14284346  -9.679582
-0.05185504  -0.035077877  -9.67788
-0.048685975  0.061920118  -9.65496
0.004533472  0.11779614  -9.60926
0.04025915  0.20936146  -9.55618
0.06309982  0.2752302  -9.518762
0.090725176  0.2752381  -9.508962
0.075444266  0.35440132  -9.523458
0.019433962  0.44505805  -9.5480585
-0.008431676  0.39916033  -9.573052
-0.022463536  0.35091943  -9.59782
-0.032460958  0.29368412  -9.621936
0.023495557  0.15631373  -9.641866
0.0862036  0.052696448  -9.650316
0.099569306  0.06773369  -9.638703
0.099434614  -0.010901523  -9.618817
0.09551363  -0.12961605  -9.610234
0.058171134  -0.16577479  -9.622609
0.029450363  -0.16810296  -9.643168
0.04513337  -0.23713443  -9.65784
0.0634706  -0.23226587  -9.668717
0.11451562  -0.1969318  -9.679141
0.1822658  -0.18680651  -9.686291
0.22377071  -0.19522248  -9.684066
0.22666498  -0.14115074  -9.667828
0.2221361  -0.050560713  -9.648761
0.1431257  -0.01370115  -9.640083
0.114659846  -0.09586796  -9.645308
0.15127839  -0.21304922  -9.653344
0.16592023  -0.17585468  -9.656354
0.16947243  -0.11639128  -9.654906
0.23755348  -0.057109654  -9.652065
0.24115436  0.07452871  -9.642374
0.1975588  0.19616657  -9.628341
0.17703676  0.1155654  -9.620812
0.17396422  -0.00843036  -9.622756
0.18974364  -0.13406134  -9.631345
0.23130102  -0.25674003  -9.635419
0.27009684  -0.35346133  -9.639229
0.31315795  -0.36498123  -9.644047
0.32202482  -0.35597235  -9.654107
0.3003015  -0.30175647  -9.668145
0.26928478  -0.19466302  -9.684247
0.24761856  -0.07597332  -9.699992
0.2371172  -0.03346394  -9.71013
0.2692796  -0.0248615  -9.712037
0.29918072  -0.03832198  -9.708968
0.2998597  -0.079920635  -9.7063265
0.2776164  -0.10839651  -9.707586
0.26565075  -0.11341661  -9.708778
0.25106615  -0.13710654  -9.708527
0.23351209  -0.11664166  -9.709075
0.1993279  -0.08630949  -9.712121
0.16887075  -0.051505625  -9.7135935
0.15550718  -0.0306431  -9.71058
0.15456502  0.010410985  -9.705761
0.1540296  0.023380734  -9.700858
0.18954948  -0.016772186  -9.695274
0.23954844  -0.10158479  -9.694459
0.24523976  -0.15823694  -9.702589
0.24108052  -0.20683566  -9.723741
0.21918948  -0.24157973  -9.745425
0.19223453  -0.20433173  -9.758488
0.13912234  -0.14049111  -9.753371
0.11765815  -0.06583615  -9.733572
0.10472032  -0.023665732  -9.709052
0.103808984  0.045663513  -9.691527
0.09366568  0.076956555  -9.684957
0.124167204  0.080496654  -9.688463
0.16007599  -0.0016710267  -9.699033
0.18024173  0.0019266189  -9.706681
0.18942949  0.0010184378  -9.709529
0.1980813  0.003568086  -9.70862
0.18879548  0.013082325  -9.712649
0.18777587  0.035684273  -9.718364
0.1881396  -0.003764759  -9.722166
0.1974011  -0.053002942  -9.722024
0.21105048  -0.08752098  -9.716219
0.20273232  -0.08924941  -9.704219
0.18243393  -0.07716144  -9.685588
0.16156466  -0.040912755  -9.669855
0.14322443  0.014341027  -9.664034
0.14468151  0.036412977  -9.669198
0.17308941  0.026673257  -9.678008
0.21045026  -0.0031016842  -9.6853
0.23671837  -0.063967004  -9.693522
0.26099277  -0.08932405  -9.7070055
0.24173954  -0.11237216  -9.721225
0.21986766  -0.099423155  -9.730103
0.2102726  -0.061125893  -9.73018
0.22563978  -0.028371837  -9.726567
0.22388224  -0.056646574  -9.720639
0.23502311  -0.042475604  -9.714017
0.24245402  -0.047105916  -9.710355
0.2230587  -0.054441433  -9.706113
0.19764127  -0.018071244  -9.69878
0.19623438  0.018001508  -9.685402
0.2046876  0.0031600608  -9.673498
0.20032318  0.021060415  -9.667023
0.2132287  0.031433143  -9.666259
0.22189978  -0.007695783  -9.670185
0.24008575  -0.040400516  -9.679122
0.2533241  -0.07387006  -9.692472
0.2668848  -0.14211783  -9.704865
0.24525502  -0.16705242  -9.714097
0.2177825  -0.13465253  -9.71537
0.19226702  -0.12474203  -9.711288
0.17095931  -0.11132383  -9.701
0.14428584  -0.05227506  -9.691353
0.13906866  -0.016278315  -9.684453
0.16071853  -0.053362142  -9.681287
0.18617296  -0.09442454  -9.680599
0.21220441  -0.100012206  -9.681618
0.22732815  -0.14011228  -9.686809
0.22744551  -0.15695898  -9.694124
0.20549962  -0.13434005  -9.704974
0.18294969  -0.09695948  -9.71276
0.15998903  -0.0455683  -9.713828
0.1667568  -0.0030903737  -9.706977
0.18922637  0.024975494  -9.6982
0.19915745  0.03578649  -9.69207
0.1991221  0.024849344  -9.689324
0.20577097  0.004138483  -9.685973
0.20361538  0.0027946397  -9.683036
0.1886309  -0.018143678  -9.678807
0.16962008  -0.023288624  -9.677369
0.15158495  0.009099622  -9.678136
0.13072239  0.033971302  -9.680435
0.1285286  -6.6211075E-4  -9.683002
0.12574494  -0.006791967  -9.684268
0.13340476  -0.009920384  -9.685627
0.13731249  -0.035819847  -9.688363
0.14414565  -0.07284631  -9.689372
0.13477455  -0.07714583  -9.690005
0.15364291  -0.074700445  -9.689934
0.16225536  -0.031836905  -9.690289
0.15960018  0.017160034  -9.688987
0.17899925  0.03989386  -9.686933
0.19521359  6.932445E-4  -9.68517
0.18146937  0.004890567  -9.685727
0.16246259  -0.017356973  -9.685459
0.16007201  -0.028138995  -9.687299
0.1564978  -0.02655913  -9.692384
0.17381659  0.012110828  -9.700185
0.17564395  -0.0071550934  -9.706197
0.17509925  -0.025313318  -9.709182
0.16091833  -0.026072675  -9.70961
0.117740735  0.023989884  -9.708122
0.07638896  0.06822388  -9.70395
0.071728624  0.08995433  -9.696117
0.09910283  0.05992394  -9.689761
0.1314418  -0.004007566  -9.684815
0.15787134  -0.0617702  -9.68586
0.17105033  -0.09961035  -9.690349
0.17327414  -0.104880884  -9.696114
0.16360465  -0.043188453  -9.699214
0.15846552  -0.006852484  -9.697797
0.1522969  -0.023391927  -9.694416
0.1354203  -0.025205066  -9.691264
0.12941465  -0.028574253  -9.688769
0.12762329  -0.07609115  -9.686314
0.12419043  -0.077659674  -9.683765
0.11660334  -0.04414476  -9.683338
0.11195824  -0.008124085  -9.686894
0.10327176  -0.019360766  -9.691158
0.07302062  0.0087586  -9.697074
0.06505259  0.009286061  -9.70147
