254.51129  318.42786
295.03265  326.33167
290.00674  327.73218
315.81387  331.5285
273.68585  323.28107
326.40268  324.58212
303.0802  324.42175
295.71198  331.9137
279.99982  327.15292
312.88568  329.23877
288.88318  328.79495
6.540628  340.01294
285.8296  335.898
303.92847  338.4466
271.06732  332.33875
311.20935  335.13986
11.352762  332.3482
311.18976  338.68274
284.266  335.93155
317.39493  338.49887
4.0692067  338.88367
296.6659  342.41278
42.651493  340.88177
283.51776  343.17554
278.4854  332.74915
286.97607  331.28156
8.370212  326.33533
284.66943  332.8241
2.438312  327.2422
302.24396  327.3904
287.17886  323.96188
310.074  330.85245
290.2463  328.0404
336.78952  330.67337
2.3582401  326.96545
248.75165  329.68167
274.84085  326.30646
333.55887  329.245
2.7482772  328.234
313.61142  331.27887
282.17624  327.51257
322.99124  331.44107
272.9434  330.1397
310.28372  337.43524
278.6455  328.97256
