57.019566  319.60773
326.7079  321.54242
309.4261  321.18402
312.4892  325.2721
10.806491  319.02374
312.3871  323.9759
292.01074  321.1326
325.1028  329.35144
48.17995  326.9677
36.067734  333.00458
17.607553  335.87408
314.75775  340.11423
29.007135  334.92987
285.4023  339.10022
305.82108  331.73862
313.50943  334.54816
9.724551  335.35013
285.7572  336.73846
299.81778  335.91373
305.4361  343.1801
289.52972  340.05396
298.2376  342.8823
35.368767  338.79034
276.2562  334.38803
8.3593445  325.43805
304.5325  329.7144
276.38623  330.05682
308.36475  330.2234
302.72473  322.02615
