60.85123  50.91397
51.585583  48.01956
64.110214  52.432068
56.97947  61.68103
95.44104  57.34256
129.26903  52.678894
94.66052  48.58441
68.23787  51.51001
88.36949  49.6286
232.83571  53.465027
99.059006  49.043182
61.081036  49.622864
86.132996  50.961365
36.41572  55.15915
97.695335  51.296875
45.27897  51.188995
65.14231  49.375916
16.285643  48.786194
90.80915  44.374268
47.96794  49.11432
109.60424  46.47229
40.780994  49.613647
116.33246  46.710785
48.3654  46.817657
68.66231  44.1463
60.353203  49.735107
66.64608  48.617798
64.94402  50.961914
97.92362  46.69043
26.392517  50.886047
90.28185  46.778564
54.08143  51.421387
105.36987  47.76758
28.222889  49.9256
58.480587  49.010986
84.49174  51.4104
84.32532  47.071686
39.835407  51.094635
108.59275  46.7247
70.15618  50.22577
102.81369  52.675537
52.185375  56.42386
81.734116  54.944885
56.415176  60.16162
