117.178375  160.19077
196.1236  157.66289
113.766716  157.99681
180.43716  154.37769
151.34438  155.56627
206.91383  154.21304
166.73662  154.73067
161.6482  151.9407
129.68442  152.89514
173.83574  151.8338
260.51746  157.56357
209.73914  151.73578
124.90092  153.86024
179.74733  149.97948
134.6133  151.89902
177.2731  150.09833
99.03055  153.15002
153.38371  148.71944
124.44312  152.62524
169.15692  148.20744
117.44892  150.33768
216.38957  146.7234
120.01354  157.38211
149.21356  153.66786
132.16316  157.93091
162.92834  157.11299
175.34523  161.39996
182.60368  158.94586
155.26952  161.51343
182.40323  156.42262
137.6576  155.40984
200.51732  152.14413
135.64418  151.32167
176.55272  145.7128
166.65468  147.35802
199.05669  146.15126
130.09781  153.60393
211.94298  147.68095
163.88034  147.00705
181.74725  143.74605
129.89845  150.51749
