255.62909  153.29936
193.46606  155.57524
132.45178  160.61699
182.38391  157.70479
176.60234  158.14197
156.51219  154.48068
131.22758  157.3979
173.7932  155.24608
186.9969  156.64618
167.31737  153.59085
111.87062  153.6397
194.2802  151.22343
227.61148  156.00786
164.14682  154.51733
136.48956  156.31
201.75237  151.41382
140.29721  152.0332
188.07524  149.81583
168.54659  151.60867
200.75648  150.04135
162.62701  152.30243
190.72055  148.55164
121.39321  153.57759
182.54344  150.69972
115.29277  161.13118
211.89397  156.17278
123.481834  159.1184
169.88896  157.9254
134.53342  163.64351
190.14537  161.92744
145.04066  164.52322
153.6924  157.82448
115.389465  159.36952
196.80562  152.96442
148.1264  151.23105
197.33224  147.05345
147.85114  151.01921
155.9875  150.31296
186.25674  155.42776
161.52869  144.91077
98.54953  147.26373
165.25658  146.64491
145.52756  148.3889
146.76776  144.73091
146.82077  148.484
170.04582  147.1341
133.87785  151.49031
184.84126  157.24399
