46.732224  147.1187
225.74702  147.90439
119.15811  154.01129
161.74565  153.82552
143.77733  156.0868
181.7914  152.73462
162.1758  151.92801
148.60265  150.10783
137.27399  153.60127
163.94473  150.49834
148.7095  150.67255
122.19378  147.81264
147.75616  152.94589
175.10762  152.08095
169.143  155.69211
171.98897  151.9529
155.14061  149.4834
165.72124  144.46219
158.02718  149.04984
179.60962  146.45819
134.09235  152.06763
165.27716  147.5515
106.84517  151.22389
197.5923  146.74986
119.435036  151.50061
162.86067  149.87617
142.26424  154.43031
140.64363  151.55234
146.009  158.58841
165.29611  157.07022
161.30432  163.53554
175.39075  159.22337
147.50026  156.9071
190.84807  149.99298
174.35251  152.92674
173.41063  145.45241
129.15843  148.3466
171.32512  146.55026
200.40192  153.82372
181.00183  152.01863
158.23933  151.1258
148.87814  142.09624
131.69427  146.32762
179.39482  142.97327
