0.037739545  0.037739545  -9.694458
0.09405496  0.0518184  -9.665569
0.03650351  0.05324538  -9.669063
0.049201597  0.0587905  -9.662979
-0.02036874  0.0499668  -9.639861
0.008751639  0.04270494  -9.63896
0.09812787  0.03905666  -9.625749
0.038126916  0.040170323  -9.626515
0.05211908  0.043334495  -9.576072
-0.050504595  0.040316205  -9.510223
-0.0112944795  0.036134943  -9.405958
0.04400967  0.03199027  -9.414552
0.17127071  0.034576435  -9.44547
0.16742381  0.04152963  -9.345505
0.12976217  0.049848292  -9.375578
0.16875057  0.056921948  -9.331883
0.13975371  0.06251053  -9.2726755
0.20595302  0.06890817  -9.205234
0.36207357  0.07799091  -9.318429
0.5792235  0.09371931  -9.608154
0.45243046  0.112245716  -9.877975
0.7254696  0.1347505  -10.01183
0.6582009  0.15635918  -9.95788
0.6502282  0.17914526  -9.80913
0.6396743  0.19879527  -9.9088955
0.7275219  0.21774201  -9.576205
0.58260494  0.23442626  -9.418805
0.69205827  0.2505094  -9.370669
0.79455435  0.2661314  -9.44397
0.902303  0.28435788  -9.402723
0.86925524  0.3033919  -9.482067
0.7695327  0.32100013  -9.579199
0.87609524  0.33718506  -9.787329
0.8738792  0.35240325  -9.863862
0.8935303  0.3679683  -9.820071
0.8307096  0.38222647  -9.822717
0.7501793  0.39797214  -9.688878
0.6388718  0.41375807  -9.656629
0.7759869  0.43224636  -9.555486
0.6152985  0.44937968  -9.406031
0.5740508  0.46697226  -9.311924
0.650453  0.4836595  -9.275316
0.63975537  0.50012016  -9.223162
0.70758474  0.51727563  -9.349297
0.65491396  0.5340708  -9.657216
0.5264079  0.5511927  -9.855677
0.46808425  0.5665546  -10.242214
0.5004792  0.58056164  -11.305502
0.49315387  0.59220725  -11.594069
0.30714086  0.60070795  -11.742054
-0.02754206  0.60352546  -12.279679
-0.4277373  0.5978396  -12.474275
-0.7784811  0.5823578  -12.080122
-1.1559675  0.55572224  -11.311475
-1.3567413  0.5186947  -10.744687
-1.3617821  0.47219715  -10.258948
-1.3736762  0.4214015  -9.726483
-1.2817253  0.3679357  -9.279614
-1.2481359  0.31479093  -8.832678
-1.3043513  0.26045656  -8.636937
-1.2320473  0.20737661  -8.501101
-1.0784082  0.15522633  -8.056346
-0.8635767  0.10778341  -7.7212825
-0.6138535  0.06557947  -7.528287
-0.5244084  0.027884511  -7.460929
-0.5008354  -0.009411908  -7.2102194
-0.5390576  -0.047656473  -7.4134283
-0.4020642  -0.08453653  -7.835337
-0.26461813  -0.11898673  -8.237428
-0.22240652  -0.15054782  -8.754202
-0.2663205  -0.18200012  -9.125832
-0.26399764  -0.21302645  -9.455549
-0.24873583  -0.24315119  -9.873908
-0.29889858  -0.27121964  -10.3268
-0.35421115  -0.29961672  -10.813424
-0.38279155  -0.32800615  -11.283347
-0.26437467  -0.3554757  -11.733057
-0.23833029  -0.38070998  -11.945963
-0.3412819  -0.4057863  -11.747343
-0.59417534  -0.4351528  -11.378672
-0.74605256  -0.46926174  -11.079322
-0.87319094  -0.5072462  -10.78173
-0.9004182  -0.54584867  -10.589989
-0.85346836  -0.58401585  -10.448158
-0.7725493  -0.6209431  -10.2055435
-0.8118893  -0.6555605  -10.112454
-0.562038  -0.6825904  -9.960439
-0.41095433  -0.6977455  -9.68137
-0.24230619  -0.69757456  -9.167318
-0.24305971  -0.6840017  -8.534119
-0.35025537  -0.6612649  -7.8151083
-0.2681771  -0.63336676  -7.048129
-0.20667547  -0.6031159  -6.5392942
-0.112624146  -0.5713594  -6.263844
0.017417517  -0.5380107  -6.3365364
0.0743077  -0.5027023  -6.294325
-0.04743883  -0.46725026  -6.455159
-0.08048537  -0.43427634  -6.894018
0.029395405  -0.40579948  -7.3153973
0.92222047  -0.37406826  -8.6047945
0.69837743  -0.340255  -9.12747
0.7851224  -0.302803  -9.289155
0.59870416  -0.26903906  -9.605384
0.5886175  -0.23742421  -10.414455
0.6753943  -0.20901258  -11.284201
0.7830272  -0.18182619  -12.263088
0.8456662  -0.15351664  -13.049796
0.6221971  -0.12570535  -13.300096
0.35886043  -0.10157778  -13.246822
-0.086070895  -0.085775755  -12.934778
-0.57528746  -0.08022624  -12.545886
-0.8186315  -0.084338166  -12.244171
-0.89211464  -0.09623314  -11.8216305
-1.107976  -0.11413338  -11.472251
-1.4036666  -0.13783495  -11.129433
-1.4756515  -0.16388595  -10.664418
-1.4321704  -0.18823761  -9.8636265
-1.1804382  -0.20559727  -9.288485
-0.84199214  -0.2142541  -8.75
-0.48547143  -0.21315062  -8.217985
-0.33023533  -0.20510675  -7.607242
-0.24753523  -0.19237839  -7.2818947
-0.27146515  -0.18036689  -7.2748036
-0.33388442  -0.1717373  -7.246203
-0.32485062  -0.16909748  -7.2042785
-0.28374097  -0.16952485  -7.555769
-0.25453842  -0.16977955  -8.219017
-0.3036039  -0.169598  -8.631131
-0.35517517  -0.17041476  -8.822013
-0.111973755  -0.17211176  -9.061133
0.22062798  -0.17159916  -9.757204
0.38763273  -0.16681041  -10.422844
0.3925226  -0.15795396  -10.559023
0.1563344  -0.1487863  -10.740376
-0.12105435  -0.14391285  -11.332039
-0.1217245  -0.1527793  -11.6988535
-0.24014175  -0.17252849  -11.775862
-0.3775343  -0.20164996  -11.669521
-0.4302187  -0.23063236  -11.647843
-0.40265307  -0.2601032  -11.900769
-0.42025885  -0.28895366  -11.952445
-0.43791056  -0.319582  -11.894684
-0.5873507  -0.3543006  -11.708548
-0.826806  -0.39229092  -11.179847
-0.78449696  -0.42956293  -10.672575
-0.64558095  -0.45874688  -9.825231
-0.29053923  -0.47187766  -8.803218
-0.0024186666  -0.4668642  -7.8246174
0.2151035  -0.44641814  -6.86295
0.36382064  -0.4149808  -6.192921
0.5679725  -0.37284514  -5.7884216
0.7270983  -0.32056567  -5.649039
0.6949469  -0.2622184  -5.9091325
0.8613052  -0.20322199  -6.45673
1.1679949  -0.14601044  -7.1698756
1.4208555  -0.09084323  -8.072903
1.3367099  -0.039146382  -8.988769
1.1674036  0.0070407563  -9.569426
0.8948586  0.04637601  -10.009079
0.6516799  0.079402186  -10.390988
0.48775318  0.10685118  -10.817447
0.30746344  0.12897502  -11.200666
0.06666462  0.14494735  -11.470583
-0.0038269302  0.15617128  -11.820684
-0.14370596  0.16387913  -12.023715
-0.32374418  0.16665204  -12.082409
-0.40434384  0.16086246  -12.68287
-0.33735588  0.146402  -13.096212
-0.33722678  0.12714545  -12.936648
-0.37501058  0.10875579  -12.153759
-0.4646372  0.09389766  -11.312036
-0.5491622  0.08183873  -10.443892
-0.67436445  0.07067907  -9.465622
-0.7000176  0.059714764  -8.579715
-0.49796793  0.052080903  -7.9508195
-0.26322195  0.049758673  -7.840031
-0.20473112  0.05241802  -7.953403
-0.29281056  0.057048183  -7.9343224
-0.4407429  0.061744798  -7.838883
-0.561891  0.06689871  -7.6353197
-0.59239376  0.07248786  -7.518011
-0.58363026  0.07729315  -7.5347347
-0.49803993  0.07772421  -7.5710564
-0.31543496  0.07347823  -7.705392
-0.17068666  0.06508649  -7.8892713
-0.082473636  0.0544837  -8.450441
0.058383025  0.042060796  -9.105219
0.023914479  0.026699053  -9.559237
-0.031441476  0.008743831  -9.948783
0.075335674  -0.011770462  -10.281856
0.13376053  -0.035350014  -10.830822
0.18646117  -0.06363332  -11.611198
0.21225893  -0.09505073  -12.16717
0.2660857  -0.12523745  -12.365964
0.27413848  -0.14974199  -12.640783
0.22435145  -0.16779166  -12.586493
0.022137024  -0.18180709  -12.533785
-0.36006957  -0.19625592  -12.26769
-0.64626175  -0.21334921  -11.611787
-0.8722878  -0.23417254  -10.938886
-0.866966  -0.25551188  -10.233269
-0.6459184  -0.27323315  -9.601202
-0.25323337  -0.28151393  -9.071928
0.29825535  -0.27721253  -8.106328
0.33454755  -0.26370797  -7.399635
0.33633777  -0.24501598  -6.8283663
0.35970083  -0.22457653  -6.250698
0.35888824  -0.20194934  -5.6505203
0.3375304  -0.17653932  -5.234748
0.41752067  -0.14841448  -5.5239854
0.71469665  -0.11746911  -6.3190255
0.86528534  -0.08544401  -7.15793
0.97223055  -0.052868683  -8.150012
0.8526317  -0.020915797  -9.067157
0.5304056  0.009580065  -9.759485
0.380247  0.037901625  -10.1447735
0.37115946  0.06453903  -10.39965
0.5230238  0.09243112  -10.708974
0.62021196  0.12195388  -11.132295
0.524493  0.15033197  -11.62589
0.37833816  0.17354684  -12.101218
0.36223763  0.19052519  -12.65192
0.24531306  0.2014573  -13.573787
0.17036471  0.20866184  -14.411071
0.11418505  0.2130971  -14.486169
-0.20225829  0.21323119  -13.837536
-0.35223296  0.20750932  -12.816233
-0.4914632  0.19416201  -11.670791
-0.7277984  0.17468077  -10.3219
-0.8776581  0.14910923  -9.099375
-0.8045307  0.1198271  -8.086224
-0.7150878  0.09055069  -7.601487
-0.46156812  0.06738575  -7.503769
-0.2913685  0.054844607  -7.616927
-0.25543603  0.05462073  -7.617446
-0.24385788  0.06469441  -7.2993817
-0.30174783  0.07936545  -6.911406
-0.21640155  0.09439474  -6.6647387
-0.035279956  0.10562333  -6.7509384
0.22758257  0.11096404  -7.12174
0.435638  0.113263786  -7.6482205
0.51920474  0.115238644  -7.9989176
0.4659754  0.1188519  -8.527348
0.36684552  0.1216028  -9.069405
0.26498216  0.121988766  -9.297511
0.37038058  0.12095424  -9.559482
0.42768052  0.11718846  -10.095988
0.3817303  0.10961708  -11.031324
0.1796978  0.09514389  -11.871945
0.016370092  0.0755851  -12.357311
-0.00714996  0.05552629  -12.722931
0.030082373  0.039563492  -12.871142
-0.09706872  0.027008416  -13.015442
-0.16754903  0.013036512  -13.089748
-0.25242788  -0.0057731257  -13.112234
-0.6654922  -0.031265695  -12.19536
-0.6116889  -0.059530992  -11.245777
-0.77129114  -0.09021193  -10.361124
-0.6638843  -0.11829299  -9.5387745
-0.46848166  -0.14312236  -8.494538
-0.2517276  -0.16084416  -7.484407
-0.08993814  -0.16910748  -6.6286254
0.15633653  -0.16674657  -6.0907555
0.40767324  -0.15267228  -5.7649693
0.45845315  -0.12865414  -5.644774
0.4201618  -0.097328156  -5.543181
0.3017663  -0.06408399  -5.7280383
0.27712035  -0.03263655  -5.6780787
0.19341306  -0.007141302  -5.9573455
0.35241917  0.014071446  -6.605686
0.5791436  0.03382467  -7.5373945
0.6492181  0.055782482  -8.368463
0.6258027  0.08036772  -8.803493
0.5557632  0.10437504  -9.166287
0.6251899  0.12622862  -9.535904
0.65443  0.14344603  -10.146701
0.8353636  0.15721495  -10.975977
0.8598416  0.16802245  -11.708327
0.8700607  0.17861919  -12.311288
0.7024711  0.18862242  -12.619892
0.45233843  0.19720638  -12.487798
0.31682858  0.20155294  -12.420638
0.083965555  0.19960932  -12.300896
-0.021840805  0.19219415  -12.00535
-0.12720348  0.18243317  -11.642502
-0.21472155  0.173715  -11.384672
-0.3602027  0.16546457  -11.173362
-0.39961576  0.15607715  -10.795311
-0.41469067  0.14588849  -10.286466
-0.3873461  0.13693371  -9.699663
-0.32917225  0.13124701  -9.13266
-0.33247212  0.13158478  -8.592423
-0.17548639  0.13799661  -7.983247
-0.20142728  0.15039556  -7.40531
-0.18883833  0.16410954  -6.9492545
0.023327537  0.1783384  -6.714409
-0.11082246  0.18859541  -6.7766147
-0.095582835  0.1944016  -7.141952
-0.13818197  0.19292699  -7.791374
-0.14091972  0.18506813  -8.39988
-0.06580389  0.17240731  -8.837779
-0.10473908  0.15761334  -9.098723
-0.113229685  0.14405636  -9.474977
-0.0032769062  0.13275734  -9.828823
0.11984285  0.12563731  -10.1218605
0.4748862  0.12349376  -10.55637
0.48888502  0.12311079  -11.08873
0.3042397  0.1202148  -11.460908
0.19456081  0.11219189  -11.479827
0.19240163  0.10164023  -11.694525
0.19594854  0.090308346  -12.225323
0.209021  0.07884526  -13.074
0.11293751  0.06405751  -13.589119
-0.16502342  0.043754723  -13.463615
-0.41038078  0.015720157  -12.590022
-0.52849555  -0.01702311  -11.518759
-0.5359134  -0.04942737  -10.252822
-0.38404983  -0.0764653  -8.899345
-0.037505258  -0.09323013  -7.876527
0.34706345  -0.09742869  -7.2352276
0.6131956  -0.088282086  -6.7813234
0.7804696  -0.06879603  -6.4880204
0.83779824  -0.041633155  -6.3061104
0.7754664  -0.010445428  -6.517952
0.7783555  0.022574285  -6.6326027
0.79500145  0.055449057  -6.910597
0.92776483  0.08908176  -7.373505
1.1548319  0.12543906  -7.9874716
1.2982738  0.16449463  -8.862959
1.2694116  0.20553076  -9.473263
0.95716757  0.24340673  -9.67121
0.67537034  0.27367422  -9.533822
0.5769298  0.2966909  -9.692353
0.5895802  0.3154405  -10.027758
0.59960407  0.33498406  -10.322475
0.50549746  0.35414484  -10.245666
0.3369849  0.37069106  -10.249969
0.2568286  0.38375378  -10.431612
0.26749787  0.3943564  -10.6625395
0.30043697  0.40404168  -10.6394615
0.13064682  0.41047916  -10.430856
-0.10042723  0.40806437  -10.2372055
-0.26240852  0.39588097  -10.2055645
-0.30317277  0.3779734  -10.349918
-0.3773518  0.36009726  -10.665832
-0.49374992  0.34282434  -10.6621895
-0.5699896  0.32408357  -10.322976
-0.47611642  0.30429444  -9.927083
-0.3294482  0.2867624  -9.468405
-0.31793612  0.27490652  -9.130201
-0.33821374  0.2700627  -9.002437
-0.41031837  0.27040932  -9.164437
-0.38234138  0.27359375  -9.38934
-0.26786137  0.27718577  -9.54792
-0.28879035  0.27735683  -9.511049
-0.3088708  0.2700325  -9.4576
-0.3798719  0.25243723  -9.3063545
-0.3696166  0.22651975  -9.271924
-0.36841026  0.19550715  -9.338914
-0.298636  0.16374421  -9.253683
-0.41756436  0.13155688  -9.18347
-0.427313  0.09922042  -9.2616625
-0.32864818  0.06519589  -9.310414
-0.14520714  0.030207299  -9.288389
0.042387873  -0.005092122  -9.26521
-0.049254786  -0.040967952  -9.205296
-0.15170333  -0.07507373  -9.122123
-0.14889589  -0.10518303  -9.079654
0.04200709  -0.12803543  -9.419192
0.4112354  -0.14227183  -9.891935
0.50350857  -0.14976594  -10.113738
0.30669567  -0.1541478  -10.161751
0.17342608  -0.15839279  -10.149843
0.19138768  -0.16235392  -10.333589
0.240888  -0.16472065  -10.458884
0.30062443  -0.16557123  -10.366333
0.3678794  -0.1636193  -9.938247
0.32826534  -0.15745158  -9.50506
0.46536094  -0.14454702  -9.209178
0.6056945  -0.1254236  -9.284385
0.6481526  -0.10077414  -9.362568
0.4979868  -0.07368054  -9.438268
0.4705418  -0.045367837  -9.461816
0.46623796  -0.01782503  -9.700443
0.49251798  0.008145815  -9.723698
0.41855252  0.031301454  -9.685087
0.3571879  0.052170485  -9.547614
0.3406367  0.072382025  -9.347849
0.37406293  0.092777945  -9.360962
0.33554882  0.112322114  -9.431148
0.28320822  0.13020927  -9.58186
0.22829697  0.14606647  -9.716241
0.18646024  0.16158034  -9.857553
0.11737853  0.17630713  -9.840379
0.070829384  0.1901272  -9.685535
0.02970708  0.20174365  -9.548568
0.04711204  0.21315347  -9.490357
0.016975654  0.22461003  -9.530163
-0.1593256  0.23459418  -9.490013
-0.35180065  0.23836286  -9.568845
-0.46197006  0.23334777  -9.688876
-0.4861311  0.22271974  -9.830638
-0.5074265  0.21071088  -9.933273
-0.49545062  0.20016317  -10.021761
-0.5572953  0.1881115  -9.893847
-0.6089936  0.16990699  -9.767149
-0.5730379  0.14494331  -9.829876
-0.5752279  0.11736276  -10.006218
-0.594577  0.09211764  -9.9838915
-0.6322222  0.06921453  -9.783888
-0.6593612  0.046141732  -9.679038
-0.6866564  0.021038584  -9.592924
-0.92081547  -0.00837091  -9.521385
-0.96128225  -0.04138502  -9.500969
-0.8408821  -0.07735248  -9.451491
-0.6758215  -0.113253474  -9.506047
-0.5564545  -0.14836797  -9.583183
-0.3307358  -0.179061  -9.525542
0.018306836  -0.20207548  -9.439632
0.23333333  -0.21609272  -9.382755
0.20136628  -0.22513247  -9.372461
0.082128294  -0.23309986  -9.387229
0.21969548  -0.24018383  -9.372808
0.53932166  -0.24273227  -9.387132
0.6630017  -0.23949032  -9.386475
0.60166574  -0.23251124  -9.413879
0.48478347  -0.2255054  -9.38374
0.47844967  -0.21885867  -9.347775
0.5558069  -0.21125615  -9.253104
0.57486814  -0.201284  -9.192367
0.6688834  -0.18809061  -9.165579
0.75808764  -0.17157279  -8.96306
0.88022965  -0.15157692  -8.889742
1.073139  -0.12733932  -8.81616
1.1736375  -0.09750373  -8.857492
1.1935729  -0.061073165  -9.053504
1.1959971  -0.019070357  -9.439484
1.0301324  0.024629684  -9.843277
0.905223  0.0671008  -10.189728
0.9917111  0.10799039  -10.420527
1.1333413  0.15049453  -10.451923
1.2669917  0.19728883  -10.424845
1.3119564  0.24776675  -10.440328
1.2299836  0.29930556  -10.44318
1.1877911  0.34997752  -10.522733
1.0782958  0.399034  -10.684217
0.94254375  0.446208  -10.337378
1.0792059  0.49322915  -9.7172365
1.1128906  0.54324275  -9.083856
1.1885431  0.5983298  -8.571217
1.0855218  0.65490323  -8.270858
1.0196289  0.70834476  -7.968955
0.8750843  0.7551355  -8.038625
0.65913254  0.79325444  -8.321166
0.5141789  0.8202663  -8.755272
0.33493716  0.834964  -9.013208
0.36479157  0.8420093  -9.027974
0.3884678  0.8472998  -8.887079
0.41057882  0.8534169  -8.942179
0.2575146  0.8554115  -9.162637
0.06319218  0.8490159  -9.522091
0.02136154  0.83547956  -9.977384
-0.15340135  0.8186434  -10.4016285
-0.19840068  0.801094  -10.80269
-0.0015984508  0.7837567  -11.742443
-0.19041249  0.7652424  -12.269114
-0.47316906  0.7424207  -12.428222
-0.6006327  0.7121795  -12.273029
-0.5845854  0.67546105  -11.858257
-0.43900338  0.6353159  -11.544799
-0.19035415  0.5951219  -11.162003
1.0602408E-4  0.55744046  -10.836063
0.20960589  0.52462703  -10.62938
0.2711368  0.49741545  -10.646193
0.22583129  0.4749638  -10.531089
0.020985778  0.45265722  -10.150466
-0.10595715  0.42590335  -9.572914
-0.16429839  0.39218745  -8.695056
-0.19705352  0.35348746  -7.848885
-0.27857906  0.31229427  -7.122507
-0.17060843  0.271776  -6.5153103
-0.07230056  0.23457639  -6.106858
0.013484518  0.20274252  -6.1679754
-0.08599315  0.17269754  -6.629048
-0.14608154  0.14164911  -7.3431735
-0.26529995  0.10574157  -7.9109106
-0.17551449  0.06894665  -8.321659
-0.09770819  0.03346318  -8.640321
-0.13333254  0.0021040111  -8.9091215
-0.0984001  -0.02459309  -9.188286
-0.09045994  -0.046542984  -9.404665
-0.046133816  -0.06268412  -9.871656
0.006399674  -0.0751295  -10.2852
-0.018135754  -0.08574122  -10.728045
0.077731065  -0.095906444  -11.2932005
0.047822334  -0.10469481  -11.953389
0.14875063  -0.10892612  -12.455811
0.48499888  -0.10578257  -12.6549225
0.7862615  -0.09199685  -12.86344
0.6278545  -0.07135281  -13.096214
0.34948787  -0.051750924  -12.958388
0.4393591  -0.03501839  -12.242799
0.6108782  -0.015898898  -11.26089
0.87951565  0.013674871  -10.215618
0.7836474  0.05008625  -9.351854
0.62547463  0.08631643  -8.695749
0.4023767  0.11432978  -8.196321
0.16118732  0.1311658  -8.03001
0.20730346  0.13812423  -8.00476
0.25672492  0.13946095  -7.799657
0.5018558  0.14186196  -7.5745516
0.64502096  0.1500624  -7.224652
0.58178806  0.1647643  -7.0469985
0.4799113  0.18287532  -6.9918923
0.35290676  0.20030046  -7.023985
0.3159227  0.21686225  -7.2388124
0.32442728  0.23204279  -7.600308
0.35385662  0.246077  -8.271136
0.449964  0.25864804  -8.8546915
0.41803426  0.27130234  -9.528512
0.30681652  0.28420424  -10.326811
0.14826901  0.29689398  -11.095369
0.040859215  0.3069203  -11.871682
0.011110023  0.31376067  -12.532403
-0.1234978  0.31686273  -12.906234
-0.27251747  0.31634918  -12.794381
-0.24527873  0.31339455  -12.555628
-0.14733194  0.30941185  -12.178776
-0.065390885  0.30637658  -11.903517
-0.059514865  0.3043917  -11.818618
0.12734838  0.30380327  -11.844915
0.3970436  0.30711308  -11.638179
0.7019852  0.31592858  -10.88644
0.9302228  0.32840708  -9.80316
0.8427059  0.33817467  -8.732264
0.62185013  0.34276417  -7.9094815
0.39698914  0.343671  -7.3606114
0.24063486  0.34221518  -7.027595
0.10880115  0.3361661  -6.976605
0.06831866  0.32216612  -6.8349786
0.14046702  0.3040508  -6.6844044
0.24036121  0.2870185  -6.5146914
0.2404298  0.27599776  -6.51245
0.11115001  0.27046907  -7.03666
-0.053684104  0.2660897  -7.8448014
-0.13533367  0.25957966  -8.426798
-0.19749956  0.24705745  -8.877837
-0.19964914  0.22913076  -9.142341
-0.30902404  0.20658596  -9.380448
-0.40359905  0.18233603  -9.5847225
-0.66343474  0.15649655  -9.814043
-0.85774785  0.128038  -10.080402
-0.97919005  0.095689595  -10.379374
-1.0844252  0.059434313  -10.711972
-1.1668911  0.019075476  -11.052136
-1.0789554  -0.023073846  -11.452527
-1.0126585  -0.0641231  -11.930601
-0.74357903  -0.098459326  -12.512025
-0.35740286  -0.122622155  -13.102995
-0.01967457  -0.13485266  -13.562218
0.078402296  -0.13695587  -13.775189
0.17954467  -0.13118571  -13.628197
0.48898685  -0.11833175  -12.853339
0.54265887  -0.100958414  -11.568171
0.5242785  -0.08231095  -10.091034
0.36531946  -0.066528596  -8.894819
0.21417138  -0.056331117  -8.260611
0.08217967  -0.054508965  -7.9400167
0.16640106  -0.06157957  -8.235216
0.68378896  -0.07173589  -7.987988
0.9230629  -0.07823274  -7.4821115
0.9667155  -0.07657728  -7.147815
0.7583611  -0.06929401  -6.8832593
0.5749485  -0.0596593  -6.751886
0.33996606  -0.051077362  -6.9120307
0.10704846  -0.045482844  -7.2014728
0.0025358554  -0.04426096  -7.6718545
-0.20787206  -0.04932979  -8.191268
-0.3667683  -0.06037944  -8.68131
-0.5031836  -0.07584023  -9.134451
-0.47737217  -0.091073744  -9.479424
-0.40725088  -0.10320279  -9.594099
-0.42900312  -0.11178713  -9.8448715
-0.65060836  -0.12062398  -10.471316
-1.0526166  -0.13382822  -11.116325
-1.3146067  -0.15332414  -11.32642
-1.364197  -0.17513305  -11.133462
-1.130465  -0.192582  -11.016053
-0.7646075  -0.1996088  -10.93586
-0.6329318  -0.1959666  -11.352494
-0.42005333  -0.18288405  -11.817867
-0.12272082  -0.16293438  -11.793468
0.34484133  -0.13459575  -11.394383
0.74191445  -0.09941772  -11.041939
1.027348  -0.06027196  -10.836481
1.0018824  -0.02423676  -10.792006
0.84406465  0.0051333387  -10.509433
0.69697726  0.026472716  -10.033277
0.53723204  0.038799938  -9.443679
0.43538803  0.043044448  -8.741076
0.3653222  0.0410261  -8.064321
0.29354972  0.0378965  -7.6229715
0.3654097  0.037160512  -7.2756586
0.41150522  0.04094564  -7.1657853
0.34800974  0.047076877  -7.4483237
0.23750634  0.0476755  -7.825327
0.08365418  0.037452515  -8.443602
0.040677942  0.016973535  -8.907855
0.23901124  -0.0041819937  -9.114838
0.4123437  -0.019070825  -9.118182
0.42267507  -0.024619399  -9.226714
0.28816438  -0.023682168  -9.27733
-0.09542527  -0.022146383  -9.407618
-0.3278897  -0.022487702  -9.336631
-0.49782115  -0.025719473  -9.185035
-0.6377621  -0.029290298  -9.208356
-0.7088923  -0.03389356  -9.266003
-0.81837076  -0.04109003  -9.399249
-0.7930539  -0.050411236  -9.373816
-0.9251045  -0.06013036  -9.743615
-1.140746  -0.066858836  -10.100069
-0.75985384  -0.06507989  -10.565026
-0.66455394  -0.054281127  -10.926654
-0.6146697  -0.037890468  -11.1605015
-0.76187617  -0.02661112  -11.137004
-0.9137809  -0.024410402  -11.353726
-0.3822631  -0.02663567  -11.742439
0.44356537  -0.023642836  -11.995366
0.92090666  -0.012715607  -12.049265
0.83256334  -0.001298926  -11.825619
0.5090128  7.496029E-5  -11.18539
0.27864173  -0.010581766  -10.455305
0.22968401  -0.027766548  -9.688897
0.23417242  -0.044437155  -9.138356
0.2747494  -0.056841478  -8.839357
0.22475937  -0.06550736  -8.4838705
0.25511962  -0.07090842  -8.210015
0.167999  -0.07504159  -7.725855
0.015077389  -0.08046833  -7.287075
-0.07710913  -0.08939887  -6.745929
-0.10821457  -0.101391196  -6.4762063
-0.18348612  -0.114037775  -6.3458776
-0.370949  -0.12636943  -6.5751853
-0.42504847  -0.13878907  -7.030698
-0.24527594  -0.15179479  -7.660714
0.010480245  -0.16431217  -8.460615
0.14497706  -0.17508854  -9.213755
0.046012264  -0.18362291  -9.980252
-0.30550683  -0.19038154  -10.767088
-0.6767823  -0.19779937  -11.470282
-0.8165366  -0.20592612  -12.013237
-0.5717972  -0.21149689  -12.5227375
-0.47538936  -0.21167511  -13.015245
-0.6566465  -0.20740484  -13.329575
-0.8730003  -0.20448558  -13.172285
-0.8789921  -0.20330141  -12.798399
-0.45859176  -0.19729845  -12.410555
0.28670067  -0.18086489  -12.150575
0.9260691  -0.15013035  -12.0895
1.3543646  -0.107480235  -11.82684
1.3652959  -0.05482441  -11.136951
1.2797585  0.0034139864  -10.08572
1.1937203  0.058013022  -8.876508
1.0699223  0.09871561  -8.020606
0.8424653  0.118381344  -7.4642286
0.7422988  0.12261885  -6.968328
0.6117954  0.122008435  -6.5173507
0.48697314  0.12405333  -6.087883
0.5246398  0.12966509  -5.786446
0.4626674  0.13644086  -5.649911
0.39437193  0.14239524  -5.5963783
0.22312929  0.14560346  -5.7663383
0.007465363  0.14440288  -6.2378025
-0.08271544  0.13977326  -6.8176885
-0.14474992  0.13367885  -8.387232
-0.18121816  0.12891357  -9.243874
-0.3000006  0.12469392  -9.923542
-0.6609632  0.117533065  -10.625438
-0.94142765  0.10605397  -11.282533
-0.9505368  0.09148505  -11.916794
-0.86509216  0.07559817  -12.593
-0.96146977  0.05599396  -13.056009
-1.14066  0.029351339  -13.288476
-1.3076811  -0.0040864428  -13.077889
-1.2900232  -0.03764058  -12.838118
-0.5594892  -0.058204632  -13.006166
0.53227216  -0.053745497  -13.093256
1.4345139  -0.021593511  -12.65364
1.5067853  0.0278259  -11.934541
1.1438686  0.08142776  -11.156974
0.9451521  0.13328741  -10.443943
1.0948793  0.1850702  -9.718348
1.128237  0.23487437  -9.003261
1.0984929  0.2753604  -8.393561
0.9752489  0.29802525  -8.046838
0.88339317  0.30163634  -7.677468
0.8201286  0.292683  -7.3244624
0.7058826  0.27796066  -6.9162025
0.49266765  0.2611079  -6.559252
0.33118683  0.24246286  -6.479302
0.1405061  0.22263187  -6.484806
-0.14738823  0.20105426  -6.6548786
-0.2524421  0.17831458  -6.901751
-0.09202708  0.15671344  -7.2969522
-0.007101473  0.1384266  -7.934778
0.096907325  0.124755286  -8.4903145
-0.08398243  0.11201588  -8.987167
-0.2808542  0.0995335  -9.382379
-0.29782802  0.087611  -9.964277
-0.12962386  0.079683356  -10.500517
-0.08412609  0.07698356  -11.023973
-0.24786694  0.076493435  -11.764381
-0.5755464  0.073886305  -12.423271
-0.80902773  0.06934687  -12.597509
-0.89376587  0.06586585  -12.546852
-0.8620324  0.06575567  -12.633584
-0.58666384  0.069594495  -12.715908
0.16875161  0.08345703  -12.797081
0.9832184  0.116165645  -12.749324
1.5930412  0.17315476  -12.429377
1.6885326  0.24725807  -11.798733
1.7204087  0.322806  -10.902059
1.6740403  0.38206732  -9.961053
1.4704952  0.41408262  -9.043204
1.2109529  0.42224845  -8.271955
0.9124723  0.41769984  -7.5285835
0.32922843  0.40711507  -6.35662
0.031172272  0.3894204  -6.1582003
-0.032597054  0.3631198  -6.163918
0.116044454  0.33342543  -6.2897725
0.34492496  0.3077439  -6.6445527
0.5647138  0.2898601  -7.314436
0.68903756  0.27985922  -8.073705
0.7023273  0.27566174  -8.684027
0.4991648  0.2744752  -9.035586
0.23772962  0.2736371  -9.326002
-0.0041853683  0.27149218  -9.826855
-0.24626791  0.26837155  -10.106878
-0.45604715  0.26423106  -10.085176
-0.4776576  0.2578596  -10.132981
-0.46236083  0.24818833  -10.2957945
-0.33011782  0.23644836  -10.377894
-0.3376586  0.22593023  -10.410317
-0.21613875  0.22022665  -10.6154375
-0.07134716  0.22057407  -10.867846
0.08030839  0.22521412  -11.170838
0.0071869614  0.23010047  -11.133528
-0.11845159  0.23408806  -10.937791
-0.18382984  0.23975885  -10.69215
0.31382924  0.25498095  -10.806243
1.034986  0.2868636  -11.058579
1.4753478  0.33676162  -10.89876
1.3943903  0.39460596  -10.480966
1.3314426  0.44535717  -10.364285
1.4541963  0.4788268  -10.544852
1.5547314  0.4935986  -10.653853
1.7082037  0.4977869  -10.609182
1.8721311  0.49901924  -10.248996
1.7686077  0.50148183  -9.72347
1.2663622  0.5018722  -8.850115
0.7384374  0.49648252  -7.970106
0.46554524  0.48607907  -7.4769425
0.37157527  0.47795781  -7.387407
0.539757  0.47892082  -7.4164395
0.58003044  0.4896945  -7.7280645
0.52521193  0.5038647  -8.323222
0.67314833  0.5163649  -9.0205965
0.8744707  0.5260607  -9.616535
0.9857237  0.534715  -9.82811
1.0418792  0.5434742  -9.867701
1.0621885  0.5545785  -9.970183
1.0555052  0.5705077  -10.095837
1.0068644  0.59265447  -10.323415
1.0338151  0.62144065  -10.430963
0.9828024  0.65597755  -10.344563
0.7626783  0.69263744  -10.044865
0.21119902  0.72368145  -9.953578
0.15732515  0.74591607  -9.794328
1.005535  0.76910305  -10.17794
1.948014  0.8060918  -10.585292
1.6798865  0.85478234  -10.021758
1.2066581  0.9014651  -9.464405
1.0669546  0.937922  -9.013552
1.196835  0.97034246  -8.897327
1.130113  1.0044998  -9.057462
1.1575483  1.0366567  -9.2709055
0.992876  1.0562452  -9.316662
0.6457384  1.0559858  -9.188898
0.33093825  1.0380675  -8.969804
0.28120878  1.0108148  -8.7019
0.38965166  0.98138666  -8.705609
0.6451921  0.95338374  -8.799328
0.76317596  0.92635506  -9.0048275
0.9121103  0.90029407  -9.390194
1.2363584  0.8777264  -9.877539
1.4446341  0.8655598  -10.2345495
1.669717  0.87090516  -10.339513
1.6760988  0.8923876  -10.1532135
1.3110404  0.92091817  -9.8163185
0.9827633  0.94492763  -9.556919
0.8643877  0.9603613  -9.30014
0.94432646  0.9709768  -9.28996
1.3026217  0.983319  -9.30855
1.7476546  1.0011133  -9.436497
1.9264503  1.0237371  -9.789686
1.9748038  1.0491709  -9.918406
1.8875924  1.074162  -9.941355
1.9963226  1.099154  -9.815491
1.9165132  1.1239306  -9.919289
1.7645525  1.1478305  -10.091155
1.4729886  1.1675581  -10.134748
1.2015452  1.1829265  -10.135838
1.2243768  1.2009101  -10.154742
1.4784282  1.2265874  -10.0770035
1.6353229  1.2540326  -9.963372
1.5174487  1.2681098  -9.86551
1.3942994  1.26731  -9.709436
1.4870617  1.2632753  -9.421166
1.5396309  1.267604  -8.938956
1.4643527  1.2770538  -8.605075
1.375767  1.286182  -8.3328285
1.3543029  1.2927555  -8.054896
1.3908393  1.3005366  -8.1843605
1.2652289  1.3117794  -8.751492
1.2835681  1.3300208  -9.417189
1.0556599  1.3517485  -9.823207
0.7589179  1.371159  -9.873733
0.36357436  1.3791414  -9.6158085
-0.08987924  1.3720545  -9.552834
-0.2657085  1.3506423  -9.944622
-0.43792474  1.3163353  -10.200662
-0.92857873  1.2679529  -10.24408
-1.3393954  1.202614  -10.360062
-1.6427383  1.1220478  -10.39913
-1.7363042  1.0352396  -10.413254
-1.6489679  0.9519255  -10.427726
-1.570911  0.87679243  -10.387929
-1.555062  0.8067331  -9.948334
-1.7161146  0.7330902  -9.441297
-1.9115916  0.64811444  -8.99098
-1.9600981  0.55029464  -8.747577
-1.8452224  0.44505548  -8.675008
-1.7102239  0.3403852  -8.925873
-1.5987647  0.23841362  -9.29392
-1.5665842  0.13956171  -9.6627655
-1.6018692  0.04285236  -10.003891
-1.4800466  -0.04791202  -10.2914095
-1.2846991  -0.12944627  -10.375163
-1.090606  -0.20124497  -10.112397
-0.96973115  -0.26836893  -9.48597
-0.7348241  -0.33441785  -8.797886
-0.4648685  -0.39738655  -8.199714
-0.19652297  -0.45241702  -7.9663005
-0.10360891  -0.5002301  -7.989687
0.07497472  -0.54325  -8.568784
0.14503029  -0.583756  -9.6475525
0.109234296  -0.6212608  -10.465567
-0.098013006  -0.6586512  -10.723475
-0.16186263  -0.6982026  -10.473175
0.27924734  -0.73515636  -10.017271
0.7510663  -0.7635932  -9.482744
0.938084  -0.7787419  -9.119114
0.7525991  -0.78481966  -9.062627
0.61356455  -0.78365207  -9.342958
0.52808523  -0.7756739  -9.995023
0.44767308  -0.7610319  -10.376448
0.505456  -0.7399697  -10.43784
0.5837492  -0.7106262  -9.969954
0.7848869  -0.6682189  -9.6302805
0.90277106  -0.61097705  -9.365104
0.77169275  -0.5445161  -9.121193
0.65715665  -0.47637138  -9.193768
0.5866034  -0.41181913  -9.481439
0.58077055  -0.35071293  -9.851179
0.5675706  -0.2898145  -9.902816
0.5422883  -0.22617196  -9.874582
0.5953288  -0.15864427  -9.735495
0.6588992  -0.08907548  -9.540737
0.80266684  -0.018960305  -9.448858
1.0159144  0.051703516  -9.37875
1.0302154  0.12322546  -9.339292
1.0120701  0.19568305  -9.398399
1.0202005  0.26708105  -9.558775
0.9644483  0.33526006  -9.540621
0.80484545  0.39678642  -9.579616
0.80720645  0.45161545  -9.446808
0.8751233  0.500526  -9.317823
1.0195053  0.5456303  -9.285625
1.093591  0.58622694  -9.289957
1.0862378  0.6229337  -9.186745
1.0133001  0.65458447  -9.277653
0.89671594  0.68124986  -9.442943
0.89484566  0.7041723  -9.872021
0.9705499  0.7283006  -10.049626
1.1229892  0.7573657  -10.1732235
1.2595602  0.7882335  -10.390337
1.2924914  0.8142205  -10.58332
1.260739  0.8312982  -10.55643
1.1299415  0.8427928  -10.547796
1.2489828  0.8551578  -10.359203
1.592967  0.8743952  -10.090934
2.1045463  0.9054801  -10.234941
1.685931  0.9416118  -10.700925
0.31230682  0.96537024  -11.147039
-1.0833905  0.9564883  -11.273929
-1.4739887  0.91466904  -11.27839
-0.97562313  0.8591843  -11.060367
-0.66422343  0.80876344  -10.702135
-0.66587305  0.7687526  -10.121091
-0.93212575  0.7309122  -9.476247
-1.2197216  0.68875796  -8.95945
-1.2986705  0.64115477  -8.633633
-1.1675291  0.59123707  -8.4715
-0.9323027  0.5431351  -8.074182
-0.6174227  0.49893007  -7.5021024
-0.2603761  0.4592302  -6.8329463
0.049861804  0.4251864  -6.422912
0.4259204  0.39886424  -6.3127303
0.7311195  0.38168287  -6.5732083
0.9679622  0.37361142  -6.943325
1.0886296  0.37359488  -7.40021
1.1765069  0.37967446  -7.9295173
1.2015059  0.3887436  -8.508779
1.081835  0.3957622  -9.176735
0.9073528  0.39763698  -10.004461
0.77196985  0.3935798  -11.093904
0.30743566  0.38240972  -12.061537
-0.050867576  0.36419013  -12.739583
-0.014501062  0.34046057  -13.13762
0.24987033  0.3165938  -13.422238
0.35034204  0.29434684  -13.426141
0.06985595  0.26950398  -13.353066
-0.44449088  0.23525088  -13.265831
-1.0306213  0.18693565  -12.985317
-1.468716  0.12557454  -12.453827
-1.5260507  0.054601848  -11.950908
-0.9994985  -0.019158853  -10.081451
-0.94374514  -0.09708285  -8.860174
-0.8655583  -0.17293699  -7.7060905
-0.6109891  -0.23333587  -6.8109045
-0.3245683  -0.25848368  -6.215287
-0.009890003  -0.24645011  -5.932224
0.07973431  -0.21609564  -5.8379254
0.067411706  -0.18599294  -5.888879
0.05066223  -0.16281211  -6.236005
-0.21486332  -0.14276183  -6.6006546
-0.37022686  -0.12162024  -7.167146
-0.31887504  -0.09804106  -7.9009533
-0.1721528  -0.07188675  -8.65381
-0.15296413  -0.04638203  -9.10498
-0.10128618  -0.025170438  -9.395831
0.21152173  -0.008805863  -9.86656
0.45854118  0.004126677  -10.672109
0.72645277  0.015062873  -11.27489
0.5887221  0.020311145  -11.522263
0.42220756  0.01672207  -11.504888
0.33906162  0.0034098376  -11.496588
0.30274877  -0.016674241  -11.448563
0.43081886  -0.038841028  -11.535804
0.4185432  -0.060208958  -11.870939
-0.32088012  -0.084859066  -12.207129
-1.2450187  -0.12104901  -12.219553
-1.8352898  -0.17093742  -11.788902
-1.3560826  -0.22153862  -11.144799
-0.6610782  -0.25945082  -10.385226
-0.33656505  -0.2829529  -9.909523
-0.5448191  -0.30265823  -9.69922
-0.91374016  -0.32548407  -9.4788685
-1.3215777  -0.35100117  -9.2794
-1.3818907  -0.37148222  -8.940284
-1.0541284  -0.3790171  -8.558274
-0.69836295  -0.37076703  -8.162775
-0.31805193  -0.35295478  -7.646962
-0.04596569  -0.33066857  -7.310624
0.032732956  -0.30772856  -7.0544353
0.06372268  -0.28485098  -7.072752
-0.07664721  -0.2679906  -7.122959
-0.08026757  -0.26009932  -7.516781
0.0020106188  -0.25917506  -8.085052
0.09279433  -0.26031134  -8.746341
-0.003057439  -0.2612934  -9.072267
-0.14043047  -0.26086658  -9.319357
-0.24941431  -0.25955617  -9.724332
-0.28431344  -0.25742832  -10.201621
-0.5200334  -0.25921082  -10.484174
-0.5020194  -0.2653439  -10.99902
-0.26705673  -0.2733319  -11.420713
-0.075651914  -0.2807578  -11.897361
-0.09576723  -0.29008424  -12.804529
-1.0257642  -0.3141  -12.555307
-1.7971319  -0.3575479  -11.95951
-2.0313075  -0.41858113  -11.221066
-1.5879756  -0.48123303  -10.432035
-1.2331108  -0.5360146  -9.731463
-1.1053649  -0.5823024  -9.299317
-1.1473086  -0.62524587  -8.769905
-1.1552578  -0.6616941  -8.213884
-0.97493833  -0.68141776  -7.701789
-0.6353965  -0.67553264  -7.265693
-0.3278452  -0.65240103  -7.043315
0.02467198  -0.6254206  -7.081102
0.25590903  -0.6040644  -7.405596
0.123471834  -0.58604115  -7.7259884
-0.066812634  -0.5665254  -8.01476
-0.19065735  -0.54202414  -8.4641695
-0.3487448  -0.5141446  -8.9536295
-0.363879  -0.48771575  -9.33795
-0.22622104  -0.46738675  -9.621594
-0.061540615  -0.4542488  -9.68414
0.067928635  -0.4464474  -9.601762
0.108629614  -0.442315  -9.563676
0.07786457  -0.44042674  -9.772009
0.20568123  -0.4369789  -10.018648
0.42009598  -0.42960083  -10.40742
0.43899566  -0.41830754  -10.685313
0.31596845  -0.40756193  -11.093772
0.016491447  -0.40126833  -11.550816
-0.43911043  -0.40178645  -11.959554
-1.2740378  -0.41385826  -12.286871
-1.8348778  -0.44046816  -12.136982
-1.6274015  -0.47456586  -11.565629
-1.214806  -0.5057762  -10.777393
-0.8154481  -0.52770716  -10.065363
-0.55506325  -0.5438238  -9.368426
-0.47157863  -0.5568202  -8.93844
-0.58769155  -0.5606828  -8.978099
-0.89670545  -0.55176896  -9.301071
-1.1895602  -0.5315816  -9.614433
-1.3323787  -0.51308364  -9.651967
-1.2848678  -0.5034022  -9.4157915
-0.9992836  -0.50053257  -8.838706
-0.80997145  -0.49690604  -8.376708
-0.66383135  -0.48825005  -8.069022
-0.5126551  -0.47629595  -7.870569
-0.4381719  -0.4656392  -8.073936
-0.48228684  -0.46096265  -8.155544
-0.44445348  -0.46491027  -8.316529
-0.3312841  -0.47612098  -8.686976
-0.16894367  -0.48860928  -9.115883
-0.21217705  -0.49809977  -9.331923
-0.52216166  -0.50522274  -9.978397
-0.91113645  -0.51484555  -10.045852
-0.900688  -0.5280928  -10.015451
-0.76784784  -0.54328567  -10.3007965
-0.5943684  -0.5582048  -10.819925
-0.8191897  -0.57636744  -11.189515
-1.4845055  -0.6042664  -11.122701
-2.1723416  -0.6480669  -11.075513
-2.0637286  -0.70466644  -11.013212
-1.9340421  -0.7683123  -10.762739
-1.7883077  -0.8317461  -10.056854
-1.5916888  -0.89183027  -9.117941
-1.2660676  -0.9419926  -8.349114
-0.96841204  -0.9764326  -7.918746
-0.83959615  -0.98918647  -7.864009
-0.56042856  -0.97826433  -8.113345
-0.5974731  -0.9529049  -8.192805
-0.6797972  -0.9266143  -8.463382
-0.6871474  -0.9109361  -8.853254
-0.72785956  -0.9063943  -9.231575
-0.8164533  -0.90999967  -9.461082
-0.7976815  -0.91673726  -9.426498
-0.70274025  -0.92007893  -9.412742
-0.7119352  -0.91580486  -9.37254
-0.7139876  -0.90386057  -9.390298
-0.7455475  -0.8887186  -9.468691
-0.72802305  -0.8754873  -9.45157
-0.79793847  -0.8678705  -9.405029
-0.78500783  -0.8663695  -9.3597
-0.73903054  -0.86947614  -9.297399
-0.69073427  -0.8750327  -9.398848
-0.80916536  -0.88249403  -9.611197
-0.86140543  -0.8917199  -9.686513
-0.9305313  -0.9041559  -9.777103
-0.8405004  -0.9197832  -9.781698
-0.91611975  -0.93806785  -9.619115
-0.93973035  -0.95467025  -9.52195
-0.8671156  -0.96464705  -9.638859
-0.92159367  -0.96829945  -10.303746
-0.9480484  -0.96975404  -11.294915
-0.96795803  -0.97507524  -11.811958
-0.7037251  -0.9791338  -11.441113
-0.65816706  -0.9738725  -11.693451
-0.8058971  -0.95249987  -12.321384
-0.6304886  -0.9189256  -12.126421
-0.31733721  -0.87803316  -11.079328
0.028808706  -0.83296776  -10.216906
0.103210576  -0.78547955  -9.806541
0.044829022  -0.74082285  -9.62234
0.016420353  -0.7038727  -9.318619
0.094261564  -0.6739691  -8.787982
0.078161396  -0.65029055  -8.176996
0.09817854  -0.6292896  -7.315983
0.09534025  -0.6097584  -7.294012
0.03236371  -0.58947784  -7.360908
-0.073479146  -0.5695794  -7.439764
-0.14756247  -0.55066484  -7.4607434
-0.0395749  -0.5313928  -7.637156
-0.030529555  -0.5119557  -8.052344
-0.03994843  -0.4924899  -8.676077
-0.14554879  -0.4747803  -9.194184
-0.20885235  -0.45832548  -9.67835
-0.12583312  -0.4425169  -10.168802
7.7257934E-4  -0.42457616  -10.718479
-0.002726505  -0.4043615  -11.191124
-0.34095827  -0.38603684  -11.704462
-0.8186882  -0.37629238  -12.222476
-0.72725546  -0.3730329  -12.403263
-0.51704603  -0.3702707  -12.3678665
-0.1887978  -0.3594559  -12.227605
-0.113504656  -0.34266806  -12.084492
-0.23537253  -0.32276547  -11.635096
-0.39931956  -0.304727  -11.229603
-0.45841894  -0.28963575  -11.005467
-0.4085879  -0.27609766  -10.678733
-0.43416566  -0.2628052  -10.203077
-0.51040393  -0.24906035  -9.478785
-0.4007509  -0.23726024  -8.552575
-0.3767979  -0.22761305  -7.7366567
-0.30585322  -0.21757245  -7.000592
-0.16890645  -0.20606323  -6.5348697
-0.05743967  -0.19475283  -6.2775292
-0.10905233  -0.18934895  -6.6326795
-0.30072305  -0.19195913  -7.1224103
-0.34156197  -0.20055342  -7.7053523
-0.4828555  -0.21249418  -8.010077
-0.5187899  -0.22637121  -8.289181
-0.4259148  -0.2413379  -8.553815
-0.75261766  -0.25955942  -9.073214
-0.84210163  -0.28078458  -9.478589
-0.8915994  -0.3058976  -9.577046
-0.82887673  -0.33012724  -9.694874
-0.834587  -0.35203817  -10.073622
-0.96309566  -0.3739451  -10.673388
-0.9955136  -0.39779258  -11.242903
-1.1063645  -0.42515293  -11.658
-0.92942035  -0.45122027  -11.691919
-0.6819296  -0.4727329  -11.319681
-0.16767827  -0.48475876  -10.800315
0.100891784  -0.48859954  -10.797259
0.038645208  -0.4876769  -11.331383
-1.4109653E-4  -0.48321107  -11.732736
0.2535561  -0.46974412  -11.408261
0.63719386  -0.44402638  -10.757792
0.78077745  -0.40944752  -10.483578
0.6898537  -0.37666115  -9.718538
0.6915632  -0.34905425  -9.164862
0.63692605  -0.32538745  -8.931443
0.51338166  -0.30140534  -8.690554
0.34443083  -0.27744377  -8.450125
0.37701845  -0.2542849  -8.044048
0.4904262  -0.23101594  -7.602025
0.5630162  -0.20524168  -7.523505
0.26781  -0.18055122  -7.814037
0.016174449  -0.16078311  -8.392192
-0.20124781  -0.14998554  -8.8201065
-0.3368873  -0.14693372  -8.917564
-0.11369119  -0.14804138  -9.09033
-0.06548019  -0.14971417  -9.3836775
-0.043689106  -0.14745162  -9.628321
-0.033043366  -0.1418116  -9.50671
0.007902224  -0.13203095  -9.607885
-0.19426882  -0.1216254  -9.966542
-0.49423835  -0.11470914  -10.56127
-0.6052897  -0.110972784  -10.865407
-0.47971168  -0.10688579  -10.742006
-0.2868542  -0.0965667  -10.533945
-0.24616495  -0.08221627  -10.56205
-0.15772106  -0.064954035  -10.894917
0.029340012  -0.044102054  -11.023911
0.05378119  -0.018929861  -10.930566
0.11908294  0.0113217905  -10.850701
0.2616064  0.043412242  -10.624455
0.37513962  0.07557467  -10.504876
0.40981224  0.1017375  -10.086979
0.54328096  0.12096852  -9.477163
0.41364267  0.13388406  -9.008531
0.3517034  0.14471026  -8.846053
0.22789481  0.15120268  -8.884281
0.23107064  0.1504625  -9.134696
0.19364123  0.14102803  -9.208212
0.24102364  0.12767537  -9.23542
0.30409056  0.114495374  -8.965112
0.33445254  0.103951156  -8.839194
0.33754313  0.09593462  -8.776467
0.24206729  0.09055799  -8.960115
0.13066588  0.08570101  -9.113746
0.013255139  0.078053914  -9.303879
0.047204554  0.06657859  -9.232323
0.2931723  0.057619143  -9.124825
0.053383272  0.05342247  -9.297012
0.02110451  0.056060657  -10.007373
-0.14674166  0.060224608  -10.262876
-0.47663972  0.0606834  -9.817056
-0.63180286  0.053839643  -9.381628
-0.2916981  0.0429389  -9.12697
0.07530666  0.03640203  -8.9895735
0.18038943  0.036706  -8.599702
-0.37337145  0.037647992  -8.648714
-0.4560889  0.03793997  -8.952781
-0.34949178  0.039003342  -9.849791
-0.012538323  0.046050746  -10.254017
0.271541  0.05791524  -9.756395
0.47615495  0.07409939  -9.335204
0.4308015  0.09140714  -9.06591
0.089801386  0.10410441  -9.081293
-0.20985785  0.107672416  -9.736553
-0.1623532  0.10318524  -9.924481
0.06386447  0.0963073  -9.73637
0.037829366  0.088747226  -9.818468
-0.040528208  0.07962323  -9.721188
-0.09339252  0.06643506  -9.820584
-0.016564881  0.052386727  -9.703735
0.07011193  0.03990087  -9.680324
-0.101071745  0.030264148  -9.832398
-0.19777039  0.020640083  -10.117024
-0.15687576  0.010377816  -10.224012
0.089661784  0.0017600359  -10.118109
-0.025528088  -0.0059390157  -9.916389
0.10120994  -0.012552193  -9.179383
0.48347518  -0.016412651  -8.830355
0.3793207  -0.015950216  -8.937978
0.09374002  -0.013670034  -9.340106
-0.06834435  -0.013496623  -9.380128
-0.22170594  -0.01708399  -9.7545
-0.13306366  -0.024276083  -10.141466
-0.05329673  -0.031700402  -10.099126
0.009651705  -0.036740854  -10.299655
0.24739406  -0.03418527  -10.273418
0.28599253  -0.023580505  -9.880479
0.23610692  -0.004833488  -9.628899
0.043339465  0.013366324  -9.534964
-0.21192668  0.021845156  -9.515605
-0.21355265  0.018640177  -9.53478
-0.1917262  0.014014897  -9.572737
-0.025425171  0.016036812  -9.4712925
0.03011816  0.025221245  -9.428463
-0.038847946  0.032480177  -9.531428
-0.20331457  0.031354662  -9.9693575
-0.21993934  0.020268926  -10.028953
-0.06839981  0.0048045623  -9.771052
0.1838775  -0.005391913  -9.644412
0.16359323  -0.005685192  -9.391391
-0.11110611  -8.8172685E-4  -9.561948
-0.20264366  5.829961E-4  -9.509717
-0.23533991  -0.003939507  -9.518334
-0.19588389  -0.010375  -9.51528
-0.13061924  -0.014687515  -9.669874
-0.15505147  -0.017752968  -9.77818
-0.24880533  -0.022332879  -9.764301
-0.28892535  -0.028307488  -9.714773
