0.0  0.0  0.0 0.0 0.0
0.0  0.0  0.0 0.0 0.0
0.0  0.0  0.0 0.0 0.0
0.0  0.0  0.0 0.0 0.0
0.0  0.0  0.0 0.0 0.0
0.0  0.0  0.0 0.0 0.0
0.0  0.0  0.0 0.0 0.0
0.0  0.0  0.0 0.0 0.0
0.0  0.0  14.600247 7.0 0.0
14.607488  8.0  14.600247 7.0 0.0
14.607488  8.0  14.606904 9.0 0.0
14.607472  10.0  14.606904 9.0 0.0
14.607472  10.0  14.606904 9.0 0.0
14.607472  10.0  14.606904 9.0 0.0
14.607472  10.0  14.606904 9.0 0.0
14.607472  10.0  14.606904 9.0 0.0
14.607472  10.0  14.606904 9.0 0.0
14.607472  10.0  14.606904 9.0 0.0
14.607472  10.0  14.575587 17.0 0.0
14.607472  10.0  14.575587 17.0 0.0
14.607472  10.0  14.575587 17.0 0.0
14.607472  10.0  14.575587 17.0 0.0
14.607472  10.0  14.575587 17.0 0.0
14.607472  10.0  14.575587 17.0 0.0
14.607472  10.0  14.575587 17.0 0.0
14.606683  24.0  14.575587 17.0 0.0
14.606683  24.0  14.606281 25.0 0.0
14.606683  24.0  14.606281 25.0 0.0
14.606683  24.0  14.606281 25.0 0.0
14.609134  28.0  14.606281 25.0 0.0
14.609134  28.0  14.606281 25.0 0.0
14.609134  28.0  14.606281 25.0 0.0
14.609134  28.0  14.606281 25.0 0.0
14.609134  28.0  14.606281 25.0 0.0
14.609134  28.0  14.598947 33.0 0.0
14.609134  28.0  14.598947 33.0 0.0
14.599557  35.0  14.598947 33.0 0.0
14.599557  35.0  14.598947 33.0 0.0
14.599557  35.0  14.598947 33.0 0.0
14.599557  35.0  14.598947 33.0 0.0
14.599557  35.0  14.59169 39.0 0.0
14.599557  35.0  14.59169 39.0 0.0
14.599557  35.0  14.59169 39.0 0.0
14.599557  35.0  14.59169 39.0 0.0
14.599557  35.0  14.59169 39.0 0.0
14.599557  35.0  14.59169 39.0 0.0
14.599557  35.0  14.59169 39.0 0.0
14.599557  35.0  14.59169 39.0 0.0
14.599557  35.0  14.59169 39.0 0.0
14.599557  35.0  14.59169 39.0 0.0
15.012874  49.0  14.59169 39.0 0.0
15.012874  49.0  15.009098 50.0 0.0
15.012874  49.0  15.009098 50.0 0.0
15.012874  49.0  15.009098 50.0 0.0
15.012874  49.0  15.009098 50.0 0.0
15.012874  49.0  15.009098 50.0 0.0
15.012874  49.0  15.009098 50.0 0.0
15.338639  56.0  15.009098 50.0 0.0
15.338639  56.0  15.009098 50.0 0.0
15.338639  56.0  15.009098 50.0 0.0
15.338639  56.0  15.009098 50.0 0.0
15.338639  56.0  15.009098 50.0 0.0
15.338639  56.0  15.009098 50.0 0.0
15.338639  56.0  15.009098 50.0 0.0
15.338639  56.0  15.009098 50.0 0.0
15.338639  56.0  15.009098 50.0 0.0
15.338639  56.0  15.009098 50.0 0.0
15.338639  56.0  15.009098 50.0 0.0
15.338639  56.0  15.009098 50.0 0.0
15.338639  56.0  13.32085 68.0 1.0
15.338639  56.0  13.32085 68.0 1.0
15.338639  56.0  13.32085 68.0 1.0
15.338639  56.0  13.32085 68.0 1.0
15.338639  56.0  13.32085 68.0 1.0
15.338639  56.0  13.32085 68.0 1.0
14.031971  74.0  13.32085 68.0 1.0
14.031971  74.0  13.32085 68.0 1.0
14.031971  74.0  13.967065 76.0 1.0
14.031971  74.0  13.967065 76.0 1.0
14.031971  74.0  13.967065 76.0 1.0
14.031971  74.0  13.967065 76.0 1.0
14.031971  74.0  13.967065 76.0 1.0
14.031971  74.0  13.967065 76.0 1.0
14.031971  74.0  13.967065 76.0 1.0
14.031971  74.0  13.967065 76.0 1.0
14.031971  74.0  13.967065 76.0 1.0
14.031971  74.0  13.967065 76.0 1.0
14.031971  74.0  13.967065 76.0 1.0
14.031971  74.0  13.967065 76.0 1.0
14.031971  74.0  13.967065 76.0 1.0
14.031971  74.0  13.967065 76.0 1.0
14.031971  74.0  13.967065 76.0 1.0
14.031971  74.0  13.967065 76.0 1.0
14.031971  74.0  13.227687 12.0 1.0
14.031971  74.0  13.227687 12.0 1.0
14.031971  74.0  13.227687 12.0 1.0
14.031971  74.0  13.227687 12.0 1.0
14.031971  74.0  13.227687 12.0 1.0
14.031971  74.0  13.227687 12.0 1.0
14.031971  74.0  13.227687 12.0 1.0
14.031971  74.0  13.227687 12.0 1.0
14.031971  74.0  13.227687 12.0 1.0
14.031971  74.0  13.227687 12.0 1.0
14.031971  74.0  13.227687 12.0 1.0
14.031971  74.0  13.227687 12.0 1.0
15.820106  24.0  13.227687 12.0 1.0
15.820106  24.0  13.227687 12.0 1.0
15.820106  24.0  13.227687 12.0 1.0
15.820106  24.0  13.227687 12.0 1.0
15.820106  24.0  13.227687 12.0 1.0
15.820106  24.0  13.227687 12.0 1.0
15.820106  24.0  13.227687 12.0 1.0
15.820106  24.0  13.227687 12.0 1.0
15.820106  24.0  13.227687 12.0 1.0
15.820106  24.0  13.227687 12.0 1.0
15.820106  24.0  13.227687 12.0 1.0
15.820106  24.0  13.227687 12.0 1.0
15.820106  24.0  13.227687 12.0 1.0
15.820106  24.0  13.227687 12.0 1.0
15.820106  24.0  13.227687 12.0 1.0
15.820106  24.0  13.227687 12.0 1.0
15.820106  24.0  13.024301 40.0 2.0
15.820106  24.0  13.024301 40.0 2.0
15.820106  24.0  13.024301 40.0 2.0
15.820106  24.0  13.024301 40.0 2.0
15.820106  24.0  13.024301 40.0 2.0
15.820106  24.0  13.024301 40.0 2.0
15.820106  24.0  13.024301 40.0 2.0
15.820106  24.0  13.024301 40.0 2.0
15.820106  24.0  13.024301 40.0 2.0
13.574853  49.0  13.024301 40.0 2.0
13.574853  49.0  13.024301 40.0 2.0
13.574853  49.0  13.024301 40.0 2.0
13.574853  49.0  13.024301 40.0 2.0
13.574853  49.0  13.024301 40.0 2.0
13.574853  49.0  13.024301 40.0 2.0
13.574853  49.0  13.024301 40.0 2.0
13.574853  49.0  13.024301 40.0 2.0
13.574853  49.0  13.024301 40.0 2.0
13.574853  49.0  13.024301 40.0 2.0
13.574853  49.0  13.024301 40.0 2.0
13.574853  49.0  12.909684 60.0 2.0
13.574853  49.0  12.909684 60.0 2.0
13.574853  49.0  12.909684 60.0 2.0
13.574853  49.0  12.909684 60.0 2.0
13.574853  49.0  12.909684 60.0 2.0
13.574853  49.0  12.909684 60.0 2.0
13.574853  49.0  12.909684 60.0 2.0
13.574853  49.0  12.909684 60.0 2.0
13.574853  49.0  12.909684 60.0 2.0
13.574853  49.0  12.909684 60.0 2.0
13.574853  49.0  12.909684 60.0 2.0
13.574853  49.0  12.909684 60.0 2.0
13.574853  49.0  12.909684 60.0 2.0
13.574853  49.0  12.909684 60.0 2.0
13.574853  49.0  12.909684 60.0 2.0
13.574853  49.0  12.909684 60.0 2.0
15.65179  76.0  12.909684 60.0 2.0
15.65179  76.0  12.909684 60.0 2.0
15.65179  76.0  12.909684 60.0 2.0
15.65179  76.0  12.909684 60.0 2.0
15.65179  76.0  12.909684 60.0 2.0
15.65179  76.0  12.909684 60.0 2.0
15.65179  76.0  12.909684 60.0 2.0
15.65179  76.0  12.909684 60.0 2.0
15.65179  76.0  12.909684 60.0 2.0
15.65179  76.0  12.909684 60.0 2.0
15.65179  76.0  12.909684 60.0 2.0
15.65179  76.0  12.909684 60.0 2.0
15.65179  76.0  12.909684 60.0 2.0
15.65179  76.0  12.909684 60.0 2.0
15.65179  76.0  12.909684 60.0 2.0
15.65179  76.0  12.539334 11.0 3.0
15.65179  76.0  12.539334 11.0 3.0
15.65179  76.0  12.539334 11.0 3.0
15.65179  76.0  12.539334 11.0 3.0
12.663231  15.0  12.539334 11.0 3.0
12.663231  15.0  12.654327 16.0 3.0
12.663231  15.0  12.654327 16.0 3.0
12.663231  15.0  12.654327 16.0 3.0
12.663231  15.0  12.654327 16.0 3.0
13.229182  20.0  12.654327 16.0 3.0
13.229182  20.0  12.654327 16.0 3.0
13.229182  20.0  12.654327 16.0 3.0
13.229182  20.0  12.654327 16.0 3.0
13.229182  20.0  12.654327 16.0 3.0
13.229182  20.0  12.654327 16.0 3.0
13.229182  20.0  12.654327 16.0 3.0
13.229182  20.0  12.654327 16.0 3.0
13.229182  20.0  12.654327 16.0 3.0
13.229182  20.0  12.654327 16.0 3.0
13.229182  20.0  12.654327 16.0 3.0
13.229182  20.0  12.654327 16.0 3.0
13.229182  20.0  12.492583 32.0 3.0
13.229182  20.0  12.492583 32.0 3.0
13.229182  20.0  12.492583 32.0 3.0
13.229182  20.0  12.492583 32.0 3.0
13.229182  20.0  12.492583 32.0 3.0
13.229182  20.0  12.492583 32.0 3.0
13.229182  20.0  12.492583 32.0 3.0
13.229182  20.0  12.492583 32.0 3.0
13.229182  20.0  12.492583 32.0 3.0
13.229182  20.0  12.492583 32.0 3.0
13.229182  20.0  12.492583 32.0 3.0
13.229182  20.0  12.492583 32.0 3.0
13.229182  20.0  12.492583 32.0 3.0
13.229182  20.0  12.492583 32.0 3.0
13.229182  20.0  12.492583 32.0 3.0
15.95061  47.0  12.492583 32.0 3.0
15.95061  47.0  12.492583 32.0 3.0
15.95061  47.0  12.492583 32.0 3.0
15.95061  47.0  12.492583 32.0 3.0
15.95061  47.0  12.492583 32.0 3.0
15.95061  47.0  12.492583 32.0 3.0
15.95061  47.0  12.492583 32.0 3.0
15.95061  47.0  12.492583 32.0 3.0
15.95061  47.0  12.492583 32.0 3.0
15.95061  47.0  12.492583 32.0 3.0
15.95061  47.0  12.492583 32.0 3.0
15.95061  47.0  12.492583 32.0 3.0
15.95061  47.0  12.492583 32.0 3.0
15.95061  47.0  12.492583 32.0 3.0
15.95061  47.0  12.492583 32.0 3.0
15.95061  47.0  12.492583 32.0 3.0
15.95061  47.0  12.311444 63.0 4.0
15.95061  47.0  12.311444 63.0 4.0
15.95061  47.0  12.311444 63.0 4.0
15.95061  47.0  12.311444 63.0 4.0
15.95061  47.0  12.311444 63.0 4.0
15.95061  47.0  12.311444 63.0 4.0
15.95061  47.0  12.311444 63.0 4.0
13.159553  70.0  12.311444 63.0 4.0
13.159553  70.0  12.311444 63.0 4.0
13.159553  70.0  12.311444 63.0 4.0
13.159553  70.0  12.311444 63.0 4.0
13.159553  70.0  12.311444 63.0 4.0
13.159553  70.0  12.311444 63.0 4.0
13.159553  70.0  12.311444 63.0 4.0
13.159553  70.0  12.311444 63.0 4.0
13.159553  70.0  12.311444 63.0 4.0
13.159553  70.0  12.311444 63.0 4.0
13.159553  70.0  12.311444 63.0 4.0
13.159553  70.0  12.311444 63.0 4.0
13.159553  70.0  12.311444 63.0 4.0
13.159553  70.0  12.202805 3.0 5.0
13.159553  70.0  12.202805 3.0 5.0
13.159553  70.0  12.202805 3.0 5.0
13.159553  70.0  12.202805 3.0 5.0
13.159553  70.0  12.202805 3.0 5.0
13.159553  70.0  12.202805 3.0 5.0
13.159553  70.0  12.202805 3.0 5.0
13.159553  70.0  12.202805 3.0 5.0
13.159553  70.0  12.202805 3.0 5.0
13.159553  70.0  12.202805 3.0 5.0
13.159553  70.0  12.202805 3.0 5.0
13.159553  70.0  12.202805 3.0 5.0
13.159553  70.0  12.202805 3.0 5.0
13.159553  70.0  12.202805 3.0 5.0
13.159553  70.0  12.202805 3.0 5.0
13.159553  70.0  12.202805 3.0 5.0
15.195102  19.0  12.202805 3.0 5.0
15.195102  19.0  12.202805 3.0 5.0
15.195102  19.0  12.202805 3.0 5.0
15.195102  19.0  12.202805 3.0 5.0
15.195102  19.0  12.202805 3.0 5.0
15.195102  19.0  12.202805 3.0 5.0
15.195102  19.0  12.202805 3.0 5.0
15.195102  19.0  14.399864 26.0 5.0
15.195102  19.0  14.399864 26.0 5.0
15.195102  19.0  14.399864 26.0 5.0
15.195102  19.0  14.399864 26.0 5.0
14.502248  30.0  14.399864 26.0 5.0
14.502248  30.0  14.399864 26.0 5.0
14.502248  30.0  14.489102 32.0 5.0
14.489978  33.0  14.489102 32.0 5.0
14.489978  33.0  14.489102 32.0 5.0
14.489978  33.0  14.482236 35.0 5.0
14.489978  33.0  14.482236 35.0 5.0
14.489978  33.0  14.482236 35.0 5.0
14.489978  33.0  14.482236 35.0 5.0
14.510029  39.0  14.482236 35.0 5.0
14.510029  39.0  14.509273 40.0 5.0
14.510029  39.0  14.509273 40.0 5.0
14.510029  39.0  14.509273 40.0 5.0
14.510029  39.0  14.509273 40.0 5.0
14.510029  39.0  14.509273 40.0 5.0
14.510029  39.0  14.509273 40.0 5.0
14.510029  39.0  14.509273 40.0 5.0
14.510029  39.0  14.509273 40.0 5.0
14.510029  39.0  14.509273 40.0 5.0
14.510029  39.0  14.509273 40.0 5.0
14.510029  39.0  14.509273 40.0 5.0
15.663859  51.0  14.509273 40.0 5.0
15.663859  51.0  14.509273 40.0 5.0
15.663859  51.0  14.509273 40.0 5.0
15.663859  51.0  14.509273 40.0 5.0
15.663859  51.0  14.509273 40.0 5.0
15.663859  51.0  14.509273 40.0 5.0
15.663859  51.0  14.509273 40.0 5.0
15.663859  51.0  14.509273 40.0 5.0
15.663859  51.0  14.509273 40.0 5.0
15.663859  51.0  14.509273 40.0 5.0
15.663859  51.0  14.509273 40.0 5.0
15.663859  51.0  14.509273 40.0 5.0
15.663859  51.0  14.509273 40.0 5.0
15.663859  51.0  14.509273 40.0 5.0
15.663859  51.0  12.726529 65.0 6.0
15.663859  51.0  12.726529 65.0 6.0
15.663859  51.0  12.726529 65.0 6.0
15.663859  51.0  12.726529 65.0 6.0
15.663859  51.0  12.726529 65.0 6.0
15.663859  51.0  12.726529 65.0 6.0
15.663859  51.0  12.726529 65.0 6.0
15.663859  51.0  12.726529 65.0 6.0
15.663859  51.0  12.726529 65.0 6.0
15.663859  51.0  12.726529 65.0 6.0
15.663859  51.0  12.726529 65.0 6.0
13.788522  76.0  12.726529 65.0 6.0
13.788522  76.0  12.726529 65.0 6.0
13.788522  76.0  12.726529 65.0 6.0
13.788522  76.0  12.726529 65.0 6.0
13.788522  76.0  12.726529 65.0 6.0
13.788522  76.0  12.726529 65.0 6.0
13.788522  76.0  12.726529 65.0 6.0
13.788522  76.0  12.726529 65.0 6.0
13.788522  76.0  12.726529 65.0 6.0
13.788522  76.0  12.726529 65.0 6.0
13.788522  76.0  12.726529 65.0 6.0
13.788522  76.0  12.74237 7.0 7.0
13.788522  76.0  12.74237 7.0 7.0
13.788522  76.0  12.74237 7.0 7.0
13.788522  76.0  12.74237 7.0 7.0
13.788522  76.0  12.74237 7.0 7.0
13.788522  76.0  12.74237 7.0 7.0
13.788522  76.0  12.74237 7.0 7.0
13.788522  76.0  12.74237 7.0 7.0
13.788522  76.0  12.74237 7.0 7.0
13.788522  76.0  12.74237 7.0 7.0
13.788522  76.0  12.74237 7.0 7.0
13.788522  76.0  12.74237 7.0 7.0
13.788522  76.0  12.74237 7.0 7.0
13.788522  76.0  12.74237 7.0 7.0
15.836705  21.0  12.74237 7.0 7.0
15.836705  21.0  12.74237 7.0 7.0
15.836705  21.0  12.74237 7.0 7.0
15.836705  21.0  12.74237 7.0 7.0
15.836705  21.0  12.74237 7.0 7.0
15.836705  21.0  15.188449 26.0 7.0
15.836705  21.0  15.188449 26.0 7.0
15.224616  28.0  15.188449 26.0 7.0
15.224616  28.0  15.188449 26.0 7.0
15.224616  28.0  15.188449 26.0 7.0
15.224616  28.0  15.188449 26.0 7.0
15.224616  28.0  15.188449 26.0 7.0
15.224616  28.0  15.188449 26.0 7.0
15.224616  28.0  15.188449 26.0 7.0
15.224616  28.0  15.188449 26.0 7.0
15.224616  28.0  15.188449 26.0 7.0
15.224616  28.0  15.188449 26.0 7.0
15.224616  28.0  15.188449 26.0 7.0
15.224616  28.0  15.188449 26.0 7.0
15.224616  28.0  15.188449 26.0 7.0
15.224616  28.0  15.188449 26.0 7.0
15.224616  28.0  15.188449 26.0 7.0
15.224616  28.0  15.188449 26.0 7.0
15.224616  28.0  15.188449 26.0 7.0
15.224616  28.0  15.188449 26.0 7.0
15.224616  28.0  12.597782 46.0 8.0
15.224616  28.0  12.597782 46.0 8.0
15.224616  28.0  12.597782 46.0 8.0
12.652574  49.0  12.597782 46.0 8.0
12.652574  49.0  12.597782 46.0 8.0
12.652574  49.0  12.597782 46.0 8.0
12.652574  49.0  12.597782 46.0 8.0
12.652574  49.0  12.597782 46.0 8.0
12.652574  49.0  12.597782 46.0 8.0
12.652574  49.0  12.597782 46.0 8.0
12.652574  49.0  12.597782 46.0 8.0
12.652574  49.0  12.597782 46.0 8.0
12.652574  49.0  12.597782 46.0 8.0
12.652574  49.0  12.597782 46.0 8.0
12.652574  49.0  12.597782 46.0 8.0
12.652574  49.0  12.597782 46.0 8.0
12.652574  49.0  12.597782 46.0 8.0
12.652574  49.0  12.597782 46.0 8.0
12.652574  49.0  12.023566 64.0 8.0
12.652574  49.0  12.023566 64.0 8.0
12.652574  49.0  12.023566 64.0 8.0
12.652574  49.0  12.023566 64.0 8.0
12.652574  49.0  12.023566 64.0 8.0
12.652574  49.0  12.023566 64.0 8.0
12.652574  49.0  12.023566 64.0 8.0
12.652574  49.0  12.023566 64.0 8.0
12.652574  49.0  12.023566 64.0 8.0
12.652574  49.0  12.023566 64.0 8.0
12.652574  49.0  12.023566 64.0 8.0
12.652574  49.0  12.023566 64.0 8.0
12.652574  49.0  12.023566 64.0 8.0
12.652574  49.0  12.023566 64.0 8.0
12.652574  49.0  12.023566 64.0 8.0
12.652574  49.0  12.023566 64.0 8.0
12.652574  49.0  12.023566 64.0 8.0
12.652574  49.0  12.023566 64.0 8.0
12.652574  49.0  12.023566 64.0 8.0
12.652574  49.0  12.023566 64.0 8.0
15.474908  4.0  12.023566 64.0 8.0
15.474908  4.0  12.023566 64.0 8.0
15.474908  4.0  12.023566 64.0 8.0
15.474908  4.0  12.023566 64.0 8.0
15.474908  4.0  12.023566 64.0 8.0
15.474908  4.0  12.023566 64.0 8.0
15.474908  4.0  12.023566 64.0 8.0
15.474908  4.0  12.023566 64.0 8.0
15.474908  4.0  12.023566 64.0 8.0
15.474908  4.0  12.023566 64.0 8.0
15.474908  4.0  12.023566 64.0 8.0
15.474908  4.0  12.023566 64.0 8.0
15.474908  4.0  13.094481 16.0 9.0
15.474908  4.0  13.094481 16.0 9.0
15.474908  4.0  13.094481 16.0 9.0
15.474908  4.0  13.094481 16.0 9.0
15.474908  4.0  13.094481 16.0 9.0
15.474908  4.0  13.094481 16.0 9.0
13.614331  22.0  13.094481 16.0 9.0
13.614331  22.0  13.604701 23.0 9.0
13.613358  24.0  13.604701 23.0 9.0
13.613358  24.0  13.604701 23.0 9.0
13.613358  24.0  13.604701 23.0 9.0
13.613358  24.0  13.604701 23.0 9.0
13.613358  24.0  13.567165 28.0 9.0
13.571266  29.0  13.567165 28.0 9.0
13.571266  29.0  13.567165 28.0 9.0
13.571266  29.0  13.567165 28.0 9.0
13.571266  29.0  13.567165 28.0 9.0
13.571266  29.0  13.567165 28.0 9.0
13.571266  29.0  13.567165 28.0 9.0
13.571266  29.0  13.567165 28.0 9.0
13.571266  29.0  13.567165 28.0 9.0
13.571266  29.0  13.567165 28.0 9.0
13.571266  29.0  13.567165 28.0 9.0
13.571266  29.0  13.567165 28.0 9.0
13.571266  29.0  12.714799 40.0 9.0
13.571266  29.0  12.714799 40.0 9.0
13.571266  29.0  12.714799 40.0 9.0
13.571266  29.0  12.714799 40.0 9.0
13.571266  29.0  12.714799 40.0 9.0
