-0.095056415  -0.22469984  -9.524561
-0.08120623  -0.21748596  -9.519331
-0.06024794  -0.20613712  -9.524631
-0.02238557  -0.19173573  -9.526567
0.011980464  -0.17969137  -9.52587
0.034460507  -0.1691383  -9.521672
0.049378205  -0.15229392  -9.525292
0.06220755  -0.13111673  -9.540491
0.0725789  -0.115067594  -9.558589
0.07863664  -0.10612149  -9.576346
0.07870701  -0.09896923  -9.593574
0.0766929  -0.09143113  -9.609464
0.075365834  -0.078735225  -9.625291
0.07832577  -0.07117552  -9.646219
0.08090956  -0.063952185  -9.667777
0.08257396  -0.059220422  -9.686913
0.08262194  -0.052397568  -9.695531
0.08298719  -0.04791932  -9.697632
0.08193529  -0.046071853  -9.696065
0.07921282  -0.04662812  -9.696021
0.074797936  -0.050034553  -9.697339
0.067599855  -0.05633791  -9.69686
0.05617441  -0.06327344  -9.690954
0.042149145  -0.069750614  -9.678765
0.02778244  -0.07462663  -9.665036
0.01595453  -0.07837072  -9.654102
0.0060483776  -0.08134323  -9.647571
-0.0017077202  -0.084175505  -9.642761
-0.008342045  -0.08748826  -9.637776
-0.014221544  -0.089436926  -9.632217
-0.01943746  -0.08891188  -9.6270485
-0.023490697  -0.08689317  -9.623625
-0.027544908  -0.08473777  -9.62185
-0.03174418  -0.08309332  -9.621398
-0.03624695  -0.08164894  -9.620773
-0.039406408  -0.07923773  -9.621433
-0.041221384  -0.074337006  -9.623718
-0.042408418  -0.06741444  -9.627991
-0.044709444  -0.05934843  -9.632842
-0.049147666  -0.052677006  -9.638489
-0.05593698  -0.048283596  -9.643842
-0.0626828  -0.044968244  -9.647746
-0.067544095  -0.04356544  -9.649961
-0.07044944  -0.042926986  -9.65014
-0.07261864  -0.042261798  -9.648852
-0.07506991  -0.040370286  -9.645394
-0.077581614  -0.03937499  -9.641006
-0.08050957  -0.03993371  -9.635711
-0.082944125  -0.042807937  -9.630218
-0.08553034  -0.04428109  -9.623125
-0.08740047  -0.045951992  -9.615826
-0.09023119  -0.047509294  -9.607815
-0.093424864  -0.050085593  -9.601969
-0.09660583  -0.05161203  -9.59739
-0.09757453  -0.051584173  -9.595284
-0.096672006  -0.05008516  -9.592395
-0.09505367  -0.046641152  -9.588422
-0.09301411  -0.04215643  -9.5837555
-0.08917147  -0.037843995  -9.583062
-0.083058245  -0.03401335  -9.588857
-0.07472622  -0.030814866  -9.599469
-0.06634129  -0.027807102  -9.61023
-0.059066337  -0.025201002  -9.617741
-0.05402805  -0.022094196  -9.622247
-0.0495705  -0.018851127  -9.626258
-0.044546425  -0.015940627  -9.632787
-0.038777377  -0.014112166  -9.6407175
-0.034582388  -0.012881142  -9.645587
-0.030356394  -0.012062644  -9.647385
-0.025301278  -0.011577912  -9.647557
-0.018609831  -0.01154177  -9.649707
-0.013101569  -0.012660101  -9.650423
-0.008249406  -0.014813094  -9.64933
-0.0040489277  -0.018160976  -9.647159
2.4657658E-5  -0.023345506  -9.645714
0.002802485  -0.028681228  -9.645947
0.005432124  -0.03142203  -9.648204
0.0073072948  -0.03171763  -9.651755
0.0072235577  -0.030004768  -9.653726
0.0055408706  -0.029260566  -9.652459
0.00390901  -0.029451812  -9.649011
0.0039112084  -0.03086769  -9.646245
0.0058261994  -0.031857748  -9.645064
0.007813862  -0.031021483  -9.645513
0.0076655936  -0.029198341  -9.645643
0.0041355975  -0.027770529  -9.643857
-6.5246626E-4  -0.02701333  -9.641389
-0.003949283  -0.026472738  -9.640355
-0.004870662  -0.02566071  -9.641998
-0.0047249477  -0.024566581  -9.644521
-0.005906685  -0.023666957  -9.645616
-0.008794605  -0.023348898  -9.646213
-0.011606923  -0.02422694  -9.648089
-0.01262783  -0.024337752  -9.653564
-0.011031016  -0.02329456  -9.660419
-0.009203873  -0.020795561  -9.6663475
-0.008055466  -0.018303875  -9.667565
-0.008413253  -0.016861059  -9.66502
-0.008547921  -0.015296386  -9.660125
-0.0066559673  -0.013888485  -9.656817
-0.0042506442  -0.01175156  -9.654225
-0.002452466  -0.010767966  -9.649834
-0.0021614463  -0.01153548  -9.643123
-0.0011575402  -0.013263469  -9.6389475
4.6648216E-4  -0.014760594  -9.638942
0.001437792  -0.015515771  -9.642404
0.0018479183  -0.015638946  -9.645143
0.002432318  -0.015416578  -9.646783
0.003290647  -0.015206151  -9.647327
0.0042671375  -0.014911228  -9.645696
0.0054801665  -0.013199572  -9.642974
0.008567163  -0.009901717  -9.638752
0.012936515  -0.0065173376  -9.634492
0.016685572  -0.0063206996  -9.6289625
0.018701218  -0.00891231  -9.623841
0.019149376  -0.012494746  -9.621493
0.019046767  -0.0145219965  -9.623349
0.0189785  -0.014636363  -9.627383
0.017610779  -0.0141721815  -9.629812
0.016504373  -0.014144135  -9.62897
0.01612374  -0.014885563  -9.627219
0.018210588  -0.015384016  -9.626514
0.021960571  -0.015625292  -9.6274
0.025775792  -0.015472221  -9.62791
0.028490776  -0.015698487  -9.62716
0.02936286  -0.016933287  -9.62555
0.029647151  -0.01863247  -9.624871
0.030844888  -0.020052131  -9.625802
0.032461565  -0.019403452  -9.626531
0.03383411  -0.01719981  -9.623805
0.03346297  -0.014807408  -9.617671
0.031787783  -0.014640287  -9.610673
0.028870994  -0.016950356  -9.606625
0.025620425  -0.02025985  -9.606042
0.022891684  -0.02294842  -9.6078
0.019537563  -0.024040801  -9.609017
0.016493618  -0.023809334  -9.608218
0.01374386  -0.023171535  -9.6052265
0.012295894  -0.022066936  -9.601833
0.01033323  -0.021790775  -9.598077
0.0074098483  -0.021147477  -9.595233
0.00436589  -0.020935386  -9.594003
8.7851594E-4  -0.020156661  -9.595489
-0.0035521006  -0.019365689  -9.59861
-0.010204443  -0.018228589  -9.601409
-0.017246395  -0.01641076  -9.603673
-0.02326989  -0.013893555  -9.605014
-0.027618572  -0.011194366  -9.605418
-0.031084066  -0.0095990645  -9.604355
-0.032337673  -0.007877403  -9.603436
-0.031512145  -0.0053926506  -9.603016
-0.029058622  -0.0014153778  -9.603642
-0.02744065  0.0025552704  -9.6040945
-0.027062831  0.005817667  -9.604211
-0.026687836  0.008378438  -9.604508
-0.02609428  0.009599275  -9.606442
-0.024914669  0.009773663  -9.608731
-0.023759872  0.008744423  -9.610843
-0.023446346  0.008423553  -9.610607
-0.023330064  0.009074441  -9.6090975
-0.024689512  0.010257646  -9.607081
-0.025817418  0.011137585  -9.606888
-0.026583875  0.011232684  -9.607785
-0.026406378  0.011182311  -9.608116
-0.025552258  0.010557209  -9.607148
-0.024401853  0.008941785  -9.606533
-0.023254117  0.0073935203  -9.606278
-0.021463132  0.007723994  -9.605277
-0.01845449  0.010991164  -9.603508
-0.013880174  0.015527229  -9.60151
-0.009229041  0.019175494  -9.600055
-0.0061922134  0.020077204  -9.598656
-0.0052636038  0.01921446  -9.598599
-0.0060365177  0.017919494  -9.602057
-0.007608672  0.016882034  -9.609537
-0.008192912  0.01652571  -9.618445
-0.007552769  0.01562379  -9.624608
-0.006547939  0.014641978  -9.62461
-0.006552184  0.013180462  -9.620116
-0.0056973123  0.01221515  -9.613984
-0.0025553708  0.0114948405  -9.6101675
0.0015235808  0.009563003  -9.609425
0.0044414042  0.005844811  -9.609981
0.004918694  0.001151368  -9.610766
0.00477262  -0.002169052  -9.611728
0.0027656015  -0.004640352  -9.613444
-5.177293E-4  -0.0065782038  -9.615717
-0.0055904244  -0.009732  -9.61695
-0.009915276  -0.013369194  -9.617088
-0.013311919  -0.017930634  -9.617232
-0.015422623  -0.022849808  -9.618277
-0.018001286  -0.026135892  -9.620221
-0.02124256  -0.027347332  -9.621978
-0.026065312  -0.025714442  -9.623019
-0.031451914  -0.02452221  -9.62374
-0.036012206  -0.023918906  -9.625915
-0.036846418  -0.02338242  -9.629628
-0.035425972  -0.021796763  -9.632893
-0.03290552  -0.019350933  -9.632108
-0.03155316  -0.018396238  -9.627739
-0.031175286  -0.019435609  -9.62252
-0.031623494  -0.022824809  -9.618995
-0.03152321  -0.026720924  -9.618541
-0.030500377  -0.029796766  -9.619487
-0.030330764  -0.032543957  -9.619343
-0.032937985  -0.03475441  -9.617618
-0.038069084  -0.03798883  -9.616515
-0.04242018  -0.041070897  -9.617938
-0.04480349  -0.0448501  -9.621133
-0.044929385  -0.047346026  -9.622978
-0.044220597  -0.048244346  -9.621877
-0.044017952  -0.047534402  -9.617692
-0.044718724  -0.046283215  -9.61208
-0.045480162  -0.044469666  -9.608645
-0.04461235  -0.04307333  -9.60718
-0.043091547  -0.041994695  -9.608422
-0.042254064  -0.04136814  -9.610229
-0.042216107  -0.040219743  -9.612769
-0.04289949  -0.038462177  -9.616229
-0.04333545  -0.036422137  -9.620954
-0.04404803  -0.035443455  -9.62552
-0.043287396  -0.034271523  -9.628959
-0.040690828  -0.03311454  -9.629639
-0.03587198  -0.030391688  -9.62879
-0.030273601  -0.027764173  -9.62737
-0.025097663  -0.024389727  -9.626294
-0.02182356  -0.02080859  -9.625962
-0.019591192  -0.018592268  -9.624026
-0.017978054  -0.018310929  -9.621031
-0.014637384  -0.019707477  -9.618378
-0.010020666  -0.020302866  -9.616757
-0.0056866393  -0.019859644  -9.614755
-0.0040359814  -0.019858189  -9.610826
-0.004678762  -0.020360515  -9.607331
-0.006767532  -0.021339351  -9.60716
-0.007966936  -0.020140322  -9.610756
-0.007786915  -0.017534724  -9.616115
-0.0066663963  -0.014017529  -9.621427
-0.007390116  -0.011420821  -9.624249
-0.010683186  -0.009778175  -9.625157
-0.01449354  -0.008338706  -9.625918
-0.015591507  -0.006691703  -9.627723
-0.013538919  -0.004009547  -9.629624
-0.010205597  -5.641868E-4  -9.629849
-0.008213136  0.002645606  -9.628831
-0.008612656  0.004174825  -9.62881
-0.010754318  0.003320893  -9.630509
-0.011958596  0.0017382005  -9.63475
-0.011029386  9.60843E-4  -9.639468
-0.008117508  8.258551E-4  -9.64194
-0.004701978  9.330714E-4  -9.641487
-0.0014641745  -1.5735393E-5  -9.638513
0.0026511715  -0.0014192577  -9.635348
0.0070968396  -0.002074263  -9.632343
0.0118189575  -0.0015043626  -9.627856
0.014805593  -8.4506226E-4  -9.620862
0.016378136  -4.9376424E-4  -9.61355
0.016765773  -8.323694E-4  -9.608649
0.016324071  -0.0010485445  -9.609038
0.014119548  -0.0014498141  -9.611469
0.010535193  -0.0011124847  -9.613376
0.0067142826  -0.0010932352  -9.61294
0.005829682  -9.644316E-4  -9.611903
0.008574967  3.6944452E-4  -9.614772
0.01393509  0.003498694  -9.621003
0.01806505  0.0065596104  -9.626892
0.020223614  0.008040368  -9.630298
0.021360299  0.008649707  -9.632832
0.023293307  0.010044188  -9.6371565
0.025845146  0.011869286  -9.641458
0.028625585  0.013778466  -9.644293
0.029565012  0.014465202  -9.6457205
0.028490731  0.013806132  -9.647382
0.026111694  0.012918853  -9.650346
0.024676902  0.011948127  -9.654564
0.024752557  0.010930118  -9.65802
0.024951639  0.009214072  -9.658929
0.02417328  0.006761365  -9.6565895
0.022591783  0.0039946786  -9.653178
0.02044229  0.0016145107  -9.6508665
0.019106118  9.1144606E-4  -9.64961
0.019177945  0.0014648908  -9.647027
0.021399878  0.0022472816  -9.642926
0.024081945  0.0016650431  -9.63919
0.028306352  -2.074192E-4  -9.638709
0.03226846  -0.0028177537  -9.640981
0.035777792  -0.0048691626  -9.64381
0.037477624  -0.0061442703  -9.645222
0.03788881  -0.006486837  -9.644656
0.03856017  -0.0061133425  -9.643173
0.038717587  -0.004904849  -9.642971
0.040412348  -0.0025217652  -9.6450815
0.042236324  -6.7762734E-4  -9.648823
0.043836992  7.732368E-4  -9.651837
0.044119153  0.0019566745  -9.6521635
0.04554971  0.0036150934  -9.65083
0.04840685  0.006079542  -9.648371
0.053062905  0.009539188  -9.645488
0.057419773  0.013228059  -9.640604
0.060271714  0.015214719  -9.633778
0.061658263  0.015095771  -9.625744
0.06238093  0.013813094  -9.617927
0.06348077  0.013028988  -9.611003
0.06448126  0.011688733  -9.604094
0.06569447  0.009735447  -9.597738
0.068420015  0.0075055487  -9.591355
0.07274505  0.007398535  -9.584182
0.078633554  0.012039152  -9.573639
0.08396735  0.022403657  -9.558703
0.08840561  0.036150377  -9.541981
0.09114757  0.04877529  -9.531577
0.09277985  0.0578635  -9.533871
0.09501586  0.06481511  -9.546937
0.09701073  0.07574765  -9.557782
0.09958657  0.093942374  -9.555388
0.102924146  0.1173132  -9.54
0.11059233  0.13980938  -9.523185
0.12375683  0.15814237  -9.515962
0.14039584  0.17323779  -9.521972
0.15772672  0.18685116  -9.535885
0.17129463  0.20042296  -9.549876
0.18279375  0.21563955  -9.558925
0.19391693  0.2334559  -9.5629
0.20684832  0.2542851  -9.564471
0.22153024  0.27643794  -9.565127
0.23583914  0.2987541  -9.563184
0.25038084  0.3190598  -9.559117
0.2629514  0.33692434  -9.555648
0.27436522  0.35403016  -9.557312
0.2842904  0.37179494  -9.566399
0.29398456  0.3897076  -9.581355
0.30195248  0.4068927  -9.59946
0.3084105  0.4228997  -9.617776
0.31313208  0.43968213  -9.633878
0.31843317  0.45819855  -9.648009
0.32481632  0.47902283  -9.658211
0.33174154  0.5010612  -9.665885
0.33882704  0.52371055  -9.674946
0.34769544  0.5445873  -9.684945
0.35984787  0.56411916  -9.695606
0.37334052  0.57960844  -9.703225
0.38558677  0.58912164  -9.719213
0.39289108  0.58737874  -9.753314
0.3924071  0.57277256  -9.8102865
0.38198197  0.5470286  -9.88207
0.36210838  0.51134676  -9.953689
0.335776  0.4688854  -10.00574
0.30505386  0.42252684  -10.02974
0.2719092  0.37738875  -10.031647
0.23899734  0.33009014  -10.031593
0.20602168  0.27545336  -10.039147
0.1725914  0.21227472  -10.05027
0.13677481  0.149221  -10.052326
0.09809931  0.0939853  -10.035915
0.05959344  0.04832652  -9.999475
0.024465827  0.009326043  -9.947383
-0.0053271023  -0.024784401  -9.884689
-0.033606064  -0.056510907  -9.8161955
-0.06169178  -0.08884812  -9.745001
-0.08669501  -0.1224564  -9.677402
-0.10658928  -0.156074  -9.620507
-0.12253276  -0.18837912  -9.578937
-0.13629468  -0.22039004  -9.550359
-0.14724843  -0.25096667  -9.527027
-0.15401344  -0.2797509  -9.499759
-0.1588698  -0.30259737  -9.469218
-0.16267045  -0.32392287  -9.445637
-0.1644669  -0.34532297  -9.444079
-0.16338678  -0.3707466  -9.47162
-0.16468284  -0.40054306  -9.522153
-0.17720266  -0.43809983  -9.578137
-0.20166384  -0.48070338  -9.626305
-0.23102713  -0.5221797  -9.667622
-0.26039347  -0.56447273  -9.714945
-0.29624286  -0.6164381  -9.772285
-0.34374848  -0.6812978  -9.825984
-0.3999573  -0.743701  -9.859522
-0.4554381  -0.7867047  -9.858356
-0.50320977  -0.80563456  -9.822692
-0.5395694  -0.81140214  -9.759571
-0.56310534  -0.81412524  -9.683646
-0.5736998  -0.8149937  -9.605103
-0.57370454  -0.8060949  -9.531037
-0.56469876  -0.7863261  -9.460928
-0.55150586  -0.7627477  -9.391684
-0.53546596  -0.7403037  -9.321724
-0.51946336  -0.71733874  -9.263318
-0.5016559  -0.6872459  -9.227839
-0.48496267  -0.6508368  -9.215622
-0.47086582  -0.61396116  -9.214335
-0.46395245  -0.58115715  -9.21375
-0.46302676  -0.55481213  -9.220425
-0.4654107  -0.5325515  -9.256104
-0.46973753  -0.5133307  -9.330556
-0.47824398  -0.49571308  -9.442185
-0.4940101  -0.48403445  -9.571961
-0.5162626  -0.4804565  -9.702109
-0.54232144  -0.48170653  -9.815795
-0.5724074  -0.4826069  -9.9103155
-0.60672885  -0.48622736  -9.998727
-0.64942557  -0.5020104  -10.087325
-0.69532937  -0.5342639  -10.159867
-0.7381565  -0.5706156  -10.190537
-0.7736432  -0.60084844  -10.165313
-0.8062615  -0.6178544  -10.091977
-0.8368936  -0.6276717  -9.994712
-0.85978466  -0.6355705  -9.903083
-0.8688572  -0.65223837  -9.834258
-0.86917835  -0.67858535  -9.77615
-0.865684  -0.699972  -9.698995
-0.8580281  -0.69976836  -9.592692
-0.8418446  -0.68144894  -9.474837
-0.8154339  -0.66276145  -9.367592
-0.78377146  -0.6518552  -9.276486
-0.7496955  -0.64074975  -9.199872
-0.71556264  -0.6257785  -9.142987
-0.6802485  -0.61331016  -9.108382
-0.64459825  -0.60706735  -9.101993
-0.6078847  -0.6069882  -9.125468
-0.57352626  -0.60889345  -9.17837
-0.5434599  -0.6105618  -9.250839
-0.5211753  -0.6065715  -9.333946
-0.50093246  -0.59550565  -9.420058
-0.48089993  -0.58285636  -9.506153
-0.4619576  -0.5786135  -9.590833
-0.44666496  -0.58982044  -9.678389
-0.43572304  -0.6144028  -9.770149
-0.43018553  -0.6399412  -9.858607
-0.43519208  -0.66180503  -9.924991
-0.4474982  -0.6868867  -9.960046
-0.46179256  -0.726361  -9.958853
-0.47267213  -0.77169925  -9.927476
-0.48129973  -0.8048361  -9.874326
-0.48892584  -0.82082623  -9.811444
-0.4940997  -0.8283205  -9.743159
-0.49502483  -0.83501357  -9.659479
-0.48604098  -0.83291596  -9.5637245
-0.46808067  -0.8164961  -9.472641
-0.4494542  -0.7905809  -9.403334
-0.4391425  -0.7669725  -9.353976
-0.435848  -0.75636894  -9.319509
-0.42999646  -0.7529313  -9.294351
-0.41796353  -0.7407264  -9.2690525
-0.40490034  -0.70482093  -9.237076
-0.392892  -0.65417486  -9.207204
-0.37917432  -0.611245  -9.201739
-0.36181435  -0.5836894  -9.237166
-0.34500813  -0.5579578  -9.30523
-0.33803764  -0.5261922  -9.394393
-0.3419385  -0.50427085  -9.497767
-0.355788  -0.513409  -9.617728
-0.37593707  -0.5481842  -9.744451
-0.40205336  -0.5826628  -9.86024
-0.43383858  -0.5990093  -9.950531
-0.47145185  -0.60093814  -10.013856
-0.5140463  -0.6067992  -10.057705
-0.558831  -0.62777275  -10.091973
-0.60235727  -0.66425383  -10.113662
-0.6434447  -0.70203656  -10.106488
-0.680738  -0.7271726  -10.056294
-0.70989436  -0.7360727  -9.969752
-0.729811  -0.7344517  -9.866828
-0.7398259  -0.7342248  -9.767544
-0.73926836  -0.74410766  -9.679267
-0.72462463  -0.7595217  -9.598162
-0.6968215  -0.76566476  -9.516898
-0.66271657  -0.74830014  -9.430772
-0.6304762  -0.71580124  -9.342113
-0.6032076  -0.6861067  -9.25543
-0.5757212  -0.6674476  -9.1793165
-0.5418947  -0.65310544  -9.119969
-0.50152713  -0.6355818  -9.082031
-0.45914888  -0.620496  -9.067792
-0.41889712  -0.6152943  -9.080238
-0.37942076  -0.6197098  -9.124633
-0.34241498  -0.6263528  -9.195565
-0.311123  -0.6293899  -9.280548
-0.29011124  -0.6334307  -9.366417
-0.2766544  -0.64322484  -9.453965
-0.26618832  -0.66283554  -9.544525
-0.25754237  -0.6855765  -9.633708
-0.25589505  -0.70558864  -9.7091675
-0.26513836  -0.72546816  -9.764158
-0.2844703  -0.75578713  -9.806351
-0.30724812  -0.79867905  -9.838677
-0.32955015  -0.83973163  -9.855565
-0.34969866  -0.85995144  -9.839549
-0.3692688  -0.84928006  -9.786218
-0.38682798  -0.8213542  -9.70757
-0.39944854  -0.79426116  -9.618978
-0.40274048  -0.7796019  -9.530608
-0.39517406  -0.7637616  -9.442997
-0.37820968  -0.73285556  -9.355521
-0.3556893  -0.6905778  -9.2722025
-0.33386827  -0.65573096  -9.208284
-0.3170921  -0.6415152  -9.171524
-0.30698225  -0.6389659  -9.1606865
-0.2995145  -0.62981087  -9.161348
-0.2921765  -0.6024707  -9.163905
-0.28572202  -0.5589877  -9.163329
-0.28221992  -0.5166244  -9.170678
-0.2842473  -0.48565972  -9.196256
-0.2918819  -0.47143507  -9.251134
-0.30382645  -0.4633142  -9.333923
-0.31688535  -0.4605782  -9.440134
-0.33154556  -0.46790805  -9.559291
-0.34926513  -0.4839803  -9.6802435
-0.37061787  -0.49794284  -9.797481
-0.39541647  -0.49648032  -9.901761
-0.42650637  -0.4889134  -9.98385
-0.46429205  -0.49336728  -10.034101
-0.50168896  -0.5210838  -10.060048
-0.53050834  -0.55669236  -10.066932
-0.5436196  -0.5805944  -10.060212
-0.5529321  -0.5804073  -10.03506
-0.5619313  -0.57049435  -9.98796
-0.5753196  -0.5651918  -9.923219
-0.58063644  -0.57025784  -9.84922
-0.57218206  -0.5751409  -9.774472
-0.5488543  -0.56862885  -9.69429
-0.51678056  -0.5487489  -9.602661
-0.4833347  -0.518897  -9.499323
-0.44981948  -0.48644653  -9.398739
-0.41160467  -0.4667702  -9.319475
-0.36687267  -0.46204188  -9.277572
-0.32078394  -0.46981502  -9.273937
-0.28288293  -0.47809383  -9.292296
-0.25546035  -0.4855224  -9.315558
-0.23499621  -0.492561  -9.337757
-0.21578635  -0.49814597  -9.366997
-0.19801308  -0.5017772  -9.40924
-0.18324302  -0.505202  -9.471447
-0.17296125  -0.515072  -9.550648
-0.1677677  -0.53412944  -9.639607
-0.16848324  -0.5552729  -9.724006
-0.17597508  -0.5721989  -9.797371
-0.1868571  -0.58671147  -9.861424
-0.19651692  -0.61027604  -9.918297
-0.2011197  -0.64570045  -9.959577
-0.2012674  -0.6839923  -9.974652
-0.19979487  -0.7074048  -9.959619
-0.19843619  -0.7053402  -9.919306
-0.20061485  -0.6898115  -9.863384
-0.20571476  -0.6795222  -9.796813
-0.21236455  -0.68309456  -9.722751
-0.21537612  -0.6867431  -9.643899
-0.21370055  -0.6721346  -9.563819
-0.20970397  -0.6324875  -9.48573
-0.20690282  -0.5830657  -9.411236
-0.2124352  -0.54060155  -9.341882
-0.21899544  -0.5201573  -9.282541
-0.22556283  -0.5075803  -9.241101
-0.22622831  -0.48989987  -9.221954
-0.22986789  -0.45779908  -9.223642
-0.23860966  -0.42300415  -9.23553
-0.25353548  -0.39491335  -9.260096
-0.26935664  -0.37372187  -9.308923
-0.28166747  -0.35869434  -9.396469
-0.28956172  -0.35222408  -9.516195
-0.29786265  -0.35443202  -9.645515
-0.31101236  -0.36237785  -9.760522
-0.33125642  -0.364944  -9.849095
-0.36025298  -0.35806715  -9.91899
-0.3984331  -0.35238528  -9.982739
-0.44227555  -0.3629078  -10.042323
-0.4856633  -0.3938781  -10.086823
-0.52091813  -0.42993888  -10.101491
-0.5459172  -0.45634082  -10.080316
-0.5603974  -0.46776378  -10.028043
-0.56683844  -0.46843818  -9.9569025
-0.564417  -0.46852207  -9.879098
-0.55437154  -0.4725783  -9.800418
-0.5399774  -0.473802  -9.711516
-0.52537465  -0.457953  -9.610849
-0.50976783  -0.4210223  -9.5062685
-0.49133885  -0.3762333  -9.412904
-0.4687988  -0.34179297  -9.336079
-0.44361177  -0.32402024  -9.276525
-0.41534328  -0.31648815  -9.235805
-0.38593468  -0.3098695  -9.217652
-0.35815158  -0.3041374  -9.220265
-0.33528522  -0.30074906  -9.240565
-0.3179914  -0.30156705  -9.274421
-0.30339712  -0.30435076  -9.31897
-0.28767073  -0.30640587  -9.373384
-0.26797226  -0.30565348  -9.436232
-0.2446912  -0.30551174  -9.51039
-0.2204721  -0.31338313  -9.596293
-0.19951326  -0.33196673  -9.685712
-0.18531275  -0.35532644  -9.764702
-0.17657048  -0.3750343  -9.832763
-0.1707343  -0.39299107  -9.890755
-0.16672844  -0.41978788  -9.9339485
-0.16904259  -0.45493174  -9.946195
-0.1786753  -0.48657075  -9.924851
-0.19251795  -0.49952412  -9.883588
-0.20535903  -0.49676463  -9.834526
-0.21292408  -0.49337876  -9.782551
-0.20993696  -0.49900714  -9.7231455
-0.19432046  -0.50108784  -9.654049
-0.17002927  -0.48106948  -9.579081
-0.14629185  -0.43370828  -9.502959
-0.13017473  -0.37514123  -9.42915
-0.12380346  -0.3225012  -9.358292
-0.12382101  -0.28000048  -9.294591
-0.12574357  -0.24514608  -9.249146
-0.12647425  -0.21446614  -9.232253
-0.1265055  -0.18819524  -9.246745
-0.1288749  -0.16540512  -9.284898
-0.13777149  -0.14724468  -9.3409395
-0.15726836  -0.13569684  -9.408953
-0.18660639  -0.13583076  -9.490638
-0.2231081  -0.14681208  -9.582501
-0.2643165  -0.16711907  -9.6786585
-0.3086475  -0.18783997  -9.765578
-0.35186327  -0.20396638  -9.835128
-0.38843584  -0.21510671  -9.891948
-0.4148769  -0.23080565  -9.944557
-0.43277594  -0.25996768  -9.992378
-0.44750834  -0.29762778  -10.026673
-0.46324208  -0.33299565  -10.04037
-0.48090288  -0.35887277  -10.03184
-0.5017863  -0.3781251  -9.999176
-0.5277126  -0.39501205  -9.941077
-0.55788785  -0.41097882  -9.865037
-0.5851874  -0.42554903  -9.783029
-0.60309327  -0.43344164  -9.69634
-0.60929424  -0.42861176  -9.599487
-0.6068821  -0.40673533  -9.494643
-0.5964584  -0.3746562  -9.39631
-0.5808684  -0.34330693  -9.31494
-0.5614795  -0.3231065  -9.249184
-0.53998655  -0.31115362  -9.199685
-0.5156259  -0.29919893  -9.167382
-0.49051416  -0.28413847  -9.153325
-0.46833476  -0.27059788  -9.155202
-0.45045066  -0.26691508  -9.1752
-0.43375984  -0.27429894  -9.219025
-0.41487405  -0.28937945  -9.289529
-0.39203033  -0.30760184  -9.385966
-0.36973736  -0.3254049  -9.498519
-0.35309017  -0.33835912  -9.612521
-0.34698752  -0.3459252  -9.711343
-0.35018632  -0.34986725  -9.783282
-0.35845217  -0.3554565  -9.830536
-0.36342034  -0.3658847  -9.861534
-0.35822403  -0.38274363  -9.888098
-0.34213796  -0.40299284  -9.905793
-0.31957772  -0.41798246  -9.903163
-0.29579166  -0.42067984  -9.871269
-0.27185717  -0.41137066  -9.815625
-0.24872017  -0.3976345  -9.747569
-0.22608282  -0.38465333  -9.674541
-0.20460618  -0.36817  -9.6009245
-0.18409438  -0.3392216  -9.532101
-0.16582076  -0.30067143  -9.472932
-0.1505931  -0.2630438  -9.420742
-0.13867192  -0.23508693  -9.373168
-0.1258742  -0.21009  -9.332645
-0.107728444  -0.17978127  -9.308316
-0.08399997  -0.14136909  -9.303996
-0.059937667  -0.102930106  -9.314855
-0.042704355  -0.07428974  -9.338929
-0.03545654  -0.058179323  -9.374592
-0.035802487  -0.048313607  -9.4243355
-0.0408963  -0.040609505  -9.4877405
-0.04853274  -0.035746872  -9.564496
-0.061340053  -0.038617842  -9.652584
-0.081498675  -0.049545873  -9.743842
-0.106941245  -0.0675694  -9.829303
-0.13386495  -0.08666413  -9.902225
-0.15620148  -0.100444995  -9.963548
-0.17277662  -0.11107073  -10.016303
-0.1854527  -0.12700132  -10.056462
-0.19867428  -0.15428434  -10.073381
-0.21500261  -0.1840312  -10.056857
-0.23123646  -0.20801198  -10.011141
-0.24410115  -0.2286834  -9.948701
-0.25411484  -0.25497514  -9.882846
-0.2622443  -0.2933388  -9.821455
-0.26771286  -0.33618465  -9.76463
-0.26802072  -0.36922944  -9.70266
-0.26494613  -0.3776141  -9.6240225
-0.25958717  -0.35882008  -9.5260515
-0.25215945  -0.3246155  -9.423464
-0.24085234  -0.2910524  -9.335355
-0.22723399  -0.26793  -9.275466
-0.21350966  -0.25623068  -9.2446785
-0.20322679  -0.24935679  -9.236466
-0.19762929  -0.24414705  -9.239229
-0.195378  -0.23866582  -9.248521
-0.1918347  -0.23379867  -9.265765
-0.18427622  -0.22914557  -9.301188
-0.17376895  -0.2266559  -9.359149
-0.16527271  -0.22956705  -9.433658
-0.16249558  -0.23673807  -9.511715
-0.16328442  -0.2445031  -9.583664
-0.16490203  -0.24724692  -9.649098
-0.16650659  -0.2443826  -9.71218
-0.16934538  -0.24334997  -9.783023
-0.17535472  -0.2594505  -9.860637
-0.1839826  -0.2984003  -9.930453
-0.19396806  -0.34632125  -9.9691
-0.20084965  -0.37928143  -9.961911
-0.202222  -0.38689116  -9.909818
-0.2006378  -0.37674525  -9.826774
-0.19767047  -0.3644779  -9.732142
-0.19395812  -0.3593539  -9.638497
-0.1880272  -0.35395327  -9.548284
-0.18018384  -0.33630538  -9.464395
-0.17125325  -0.30186912  -9.394341
-0.16244948  -0.26352027  -9.345225
-0.1567073  -0.23398946  -9.313197
-0.15361905  -0.21234836  -9.290457
-0.14792663  -0.18702763  -9.273526
-0.13598733  -0.14850324  -9.26339
-0.1207247  -0.100849606  -9.259763
-0.10826507  -0.057555992  -9.266761
-0.10149471  -0.028685937  -9.291617
-0.09661156  -0.013839416  -9.347955
-0.095328964  -0.011155494  -9.437565
-0.099210896  -0.017262593  -9.552271
-0.112036265  -0.03365164  -9.677423
-0.13189268  -0.052337527  -9.797035
-0.15535045  -0.06712674  -9.8982935
-0.18078868  -0.073061176  -9.974866
-0.20654786  -0.07527109  -10.032677
-0.23248923  -0.08713374  -10.083198
-0.25892517  -0.11843437  -10.125385
-0.28788134  -0.16318543  -10.146186
-0.3186151  -0.20443785  -10.133312
-0.3471404  -0.23307307  -10.089127
-0.37022725  -0.25620386  -10.02666
-0.3865838  -0.28727546  -9.956735
-0.3963772  -0.32712734  -9.878247
-0.3973118  -0.3629482  -9.78329
-0.38830099  -0.3746698  -9.670414
-0.36961558  -0.35355532  -9.552393
-0.34566507  -0.3125321  -9.443992
-0.32295075  -0.2706735  -9.353677
-0.304518  -0.24221814  -9.284374
-0.28882214  -0.22543852  -9.239978
-0.27248168  -0.21591379  -9.225625
-0.2534196  -0.2107898  -9.242669
-0.234843  -0.2122817  -9.284308
-0.22041221  -0.22074075  -9.336048
-0.21248059  -0.23118885  -9.387849
-0.20625174  -0.2371998  -9.43875
-0.19774504  -0.23588108  -9.494157
-0.18600285  -0.2304881  -9.554439
-0.17576069  -0.22729985  -9.615701
-0.17013502  -0.22902472  -9.676412
-0.16996862  -0.23392706  -9.736458
-0.17557319  -0.23753542  -9.791649
-0.18729842  -0.24359512  -9.8393755
-0.20614922  -0.26333332  -9.879179
-0.22714822  -0.29991665  -9.907611
-0.24751616  -0.3424416  -9.913983
-0.26539576  -0.37179562  -9.886984
-0.28228068  -0.3809394  -9.829492
-0.2983959  -0.3802528  -9.7582245
-0.311396  -0.38515148  -9.688565
-0.32028458  -0.39819074  -9.62389
-0.3242215  -0.40400705  -9.55733
-0.32372534  -0.38740245  -9.490079
-0.31952623  -0.3532057  -9.430385
-0.31325367  -0.31900334  -9.387031
-0.30803695  -0.29686633  -9.360108
-0.3054367  -0.2816069  -9.3447075
-0.3060459  -0.26003042  -9.33571
-0.30905727  -0.2287883  -9.332091
-0.31506452  -0.19531727  -9.337845
-0.3245888  -0.17086606  -9.35752
-0.33658564  -0.15958792  -9.392077
-0.34807214  -0.1560281  -9.443595
-0.3564557  -0.15762012  -9.510281
-0.36438012  -0.15992542  -9.58702
-0.37651178  -0.16397333  -9.66517
-0.39500085  -0.16797192  -9.73542
-0.42038834  -0.17308317  -9.787702
-0.44975653  -0.17742693  -9.816577
-0.48068777  -0.1795354  -9.828522
-0.50848645  -0.18178718  -9.837271
-0.5344352  -0.18912436  -9.851997
-0.5604665  -0.20922096  -9.871807
-0.591394  -0.24423748  -9.886784
-0.62771404  -0.2898338  -9.886808
-0.66762143  -0.3383746  -9.863441
-0.7051785  -0.38283336  -9.822824
-0.7363772  -0.42085958  -9.772529
-0.75978774  -0.45117244  -9.717888
-0.7780967  -0.47110808  -9.653609
-0.7905231  -0.47838783  -9.587726
-0.7940209  -0.47897062  -9.537037
-0.7862242  -0.48219392  -9.514655
-0.77059096  -0.49650073  -9.516018
-0.75418806  -0.5163074  -9.523803
-0.73976296  -0.5299444  -9.526324
-0.7284097  -0.5340746  -9.520907
-0.71953756  -0.53577304  -9.514516
-0.71323043  -0.5459179  -9.517447
-0.70750666  -0.56498545  -9.53642
-0.7006407  -0.58885574  -9.569648
-0.6931796  -0.61218476  -9.608846
-0.6865192  -0.6342916  -9.643543
-0.68073577  -0.65639615  -9.672919
-0.67518824  -0.68137956  -9.697577
-0.6697894  -0.7084336  -9.718999
-0.6657562  -0.7348447  -9.733745
-0.66534144  -0.75965  -9.741839
-0.67001086  -0.78644204  -9.741704
-0.6776933  -0.8154966  -9.73491
-0.68215704  -0.845721  -9.722951
-0.6780875  -0.87045056  -9.707011
-0.6664074  -0.88783807  -9.6856985
-0.65188223  -0.89672536  -9.657959
-0.6382684  -0.9013448  -9.628734
-0.6248691  -0.9056317  -9.602836
-0.6100875  -0.9092426  -9.580369
-0.59338695  -0.90908605  -9.555312
-0.57549137  -0.8986556  -9.521979
-0.55576223  -0.87693053  -9.485547
-0.53171784  -0.8449448  -9.45596
-0.50365233  -0.80898553  -9.442866
-0.47274402  -0.7751791  -9.44477
-0.44027662  -0.7464493  -9.457434
-0.4059997  -0.7190754  -9.474632
-0.371452  -0.6884363  -9.49331
-0.3410841  -0.6537545  -9.50648
-0.31858012  -0.6166898  -9.509776
-0.3040762  -0.5799478  -9.504272
-0.29427773  -0.54508936  -9.499928
-0.2850669  -0.51400584  -9.504411
-0.27685872  -0.4881821  -9.520014
-0.27076724  -0.46627346  -9.54256
-0.26711884  -0.44587564  -9.565915
-0.26423922  -0.4227308  -9.582731
-0.26087645  -0.3963919  -9.589145
-0.2577481  -0.36804414  -9.587091
-0.25388888  -0.3402357  -9.581597
-0.24906357  -0.3123741  -9.578084
-0.24287277  -0.2866998  -9.578253
-0.23553467  -0.26165012  -9.581798
-0.22712982  -0.23740728  -9.5854845
-0.21786217  -0.21216154  -9.587817
-0.20871925  -0.18669714  -9.588771
-0.1986667  -0.16212328  -9.592553
-0.18792377  -0.13909595  -9.601424
-0.17734282  -0.1168811  -9.612753
-0.16980152  -0.095170595  -9.621246
-0.1645385  -0.073367365  -9.624973
-0.15959728  -0.053677782  -9.628355
-0.15282984  -0.03543571  -9.633376
-0.14434105  -0.018905172  -9.63857
-0.1353827  -0.0039457437  -9.640906
-0.12757115  0.0081699835  -9.640099
-0.12117935  0.017313473  -9.63781
-0.114670046  0.025041545  -9.634977
-0.107197136  0.030539455  -9.631265
-0.098928235  0.033895522  -9.6265
-0.091995634  0.034881577  -9.621426
-0.08774081  0.03423963  -9.618682
-0.085584514  0.03134322  -9.620425
-0.08454292  0.026253367  -9.626634
-0.0831481  0.020247253  -9.634242
-0.082447246  0.014258799  -9.639985
-0.08034443  0.009429108  -9.644185
-0.07600192  0.0050509865  -9.646243
-0.069007695  0.0013675516  -9.647851
-0.06024225  -0.001518503  -9.648877
-0.050394725  -0.0038543076  -9.6505995
-0.039273303  -0.0057307086  -9.653251
-0.028040363  -0.00839145  -9.655799
-0.01700976  -0.009940756  -9.657525
-0.0063419  -0.009973227  -9.658538
0.0033029185  -0.008179753  -9.659057
0.012345803  -0.0073290584  -9.658832
0.019410642  -0.0062117106  -9.658002
0.024775118  -0.0059971362  -9.6591
0.02714409  -0.005810668  -9.663077
0.027681792  -0.0071897903  -9.668869
0.028101929  -0.008504116  -9.6736145
0.029440396  -0.007836058  -9.674787
0.031965334  -0.004088145  -9.671276
0.033791933  9.379399E-4  -9.664693
0.035127703  0.0050458605  -9.658285
0.0355048  0.0062018386  -9.652957
0.03532521  0.006949781  -9.648726
0.035082877  0.007432644  -9.646676
0.035898536  0.008639101  -9.647717
0.038113616  0.008755387  -9.650924
0.041398864  0.008777812  -9.65541
0.045147642  0.008344506  -9.660454
0.048879832  0.007948042  -9.665154
0.05212894  0.009998291  -9.668251
0.055887494  0.014734954  -9.671017
0.06017953  0.021541847  -9.6721735
0.06525478  0.026648663  -9.6713295
0.06975887  0.029944053  -9.667205
0.07395964  0.033521857  -9.661437
0.07824236  0.038885254  -9.65548
0.0834826  0.046281606  -9.650799
0.08774463  0.052569937  -9.645944
0.08927837  0.058352794  -9.640558
0.08818131  0.06306273  -9.633889
0.086888425  0.06788801  -9.629575
0.08750903  0.07227017  -9.629253
0.08732399  0.07548507  -9.631315
0.0849228  0.07709636  -9.632112
0.080602266  0.07645792  -9.629825
0.07755765  0.07520779  -9.62646
0.07665607  0.07396468  -9.624572
0.07559874  0.072324105  -9.625772
0.07299677  0.068891175  -9.626955
0.06879106  0.06419052  -9.624657
0.06505973  0.059988204  -9.618718
0.062720165  0.05790579  -9.613156
0.061316695  0.05692965  -9.610339
0.05945948  0.054960202  -9.609515
0.056316536  0.049956653  -9.609576
0.05337082  0.043367013  -9.610517
0.051677108  0.037049066  -9.612733
0.0514268  0.0337304  -9.616244
0.051707774  0.032269105  -9.618146
0.05118156  0.032248612  -9.615894
0.049310956  0.031805675  -9.610196
0.045248087  0.030161897  -9.606273
0.039905325  0.027116356  -9.607027
0.034047663  0.023758382  -9.612651
0.028600661  0.021675145  -9.620644
0.023388894  0.019003304  -9.628995
0.017423896  0.01651473  -9.633536
0.0107011  0.01448856  -9.635013
0.0041338275  0.015279394  -9.635086
-0.0022994026  0.016915914  -9.634455
-0.00844715  0.01741684  -9.631992
-0.0151362615  0.016657956  -9.628424
-0.020807859  0.014155391  -9.626291
-0.025004819  0.011255521  -9.626517
-0.027529577  0.0074134176  -9.626719
-0.029594965  0.0039528385  -9.626182
-0.031217195  -1.6901559E-4  -9.624526
-0.032396708  -0.0053830226  -9.622832
-0.031692553  -0.010785629  -9.621131
-0.029792702  -0.014187187  -9.6194725
-0.027761752  -0.014910046  -9.618055
-0.027221417  -0.014335945  -9.617756
-0.028220663  -0.013682579  -9.618361
-0.029454956  -0.012930232  -9.619511
-0.030088099  -0.011561944  -9.620491
-0.030525645  -0.0102911135  -9.621283
-0.032366727  -0.009116468  -9.62062
-0.034483675  -0.009530135  -9.618642
-0.035873834  -0.009920612  -9.617219
-0.035215333  -0.00968874  -9.618178
-0.03453315  -0.0077561457  -9.622089
-0.03437208  -0.0053970725  -9.627641
-0.034492657  -0.0032382486  -9.633903
-0.033137098  -0.0018710481  -9.639949
-0.02950822  -0.001228521  -9.64688
-0.024518812  -0.0021816695  -9.653957
-0.019514075  -0.0041328617  -9.659385
-0.014099303  -0.0050501344  -9.658672
-0.00796453  -0.0054844427  -9.652351
-0.0012929904  -0.0057941102  -9.641871
0.0035462454  -0.007469988  -9.630826
0.0063289143  -0.00879199  -9.620519
0.007738681  -0.009180818  -9.612422
0.009724942  -0.009465509  -9.607612
0.011410848  -0.0106730675  -9.604962
0.013929081  -0.0128989145  -9.606641
0.01609655  -0.014999968  -9.6108465
0.018956194  -0.016981384  -9.616675
0.020402908  -0.018747224  -9.620677
0.021382257  -0.021230916  -9.623372
0.022110341  -0.023587046  -9.626788
0.022997579  -0.024962658  -9.630229
0.022308728  -0.02468566  -9.632983
0.019207394  -0.02301081  -9.633405
0.01477565  -0.021851609  -9.632171
0.010545273  -0.021839214  -9.63018
0.0073542115  -0.023220465  -9.628339
0.004734343  -0.025079062  -9.626492
0.0025943902  -0.02708446  -9.624097
0.001510812  -0.028623959  -9.620994
0.0027017056  -0.029503673  -9.618831
0.0064546335  -0.028402725  -9.618016
0.012138936  -0.027022557  -9.62048
0.017048161  -0.02583827  -9.624554
0.020600935  -0.026727164  -9.628722
0.022491045  -0.027688041  -9.6299715
0.024903415  -0.027883055  -9.62725
0.027981043  -0.026572123  -9.620771
0.03077844  -0.025844885  -9.611934
0.031142116  -0.025425462  -9.60365
0.02942135  -0.02569818  -9.597187
0.026966661  -0.02463895  -9.593499
0.024862165  -0.022736808  -9.593112
0.021550752  -0.021107694  -9.595242
0.017083867  -0.019658947  -9.598435
0.0123879695  -0.018850649  -9.601956
0.009636548  -0.017398065  -9.607677
0.008218174  -0.015956504  -9.615392
0.005970258  -0.014825094  -9.622517
0.003445042  -0.0132313175  -9.626936
0.001862954  -0.0111771235  -9.628314
0.0018008911  -0.007848494  -9.626159
0.0022361751  -0.0042714407  -9.62058
0.0026899471  -0.0011382924  -9.612815
0.0051898197  0.0017198724  -9.605259
0.009062049  0.00520826  -9.599948
0.013850786  0.008803173  -9.596124
0.018192777  0.011330728  -9.593891
0.022827402  0.012943235  -9.592173
0.028604671  0.014716982  -9.59121
0.03545571  0.019336494  -9.590588
0.042600553  0.025526486  -9.591338
0.048701677  0.03232339  -9.593215
0.05310099  0.03676543  -9.596619
0.05595393  0.038763635  -9.602263
0.056842428  0.039497845  -9.610562
0.05507778  0.039294578  -9.619698
0.049433697  0.037562255  -9.625427
0.042450637  0.03588662  -9.626232
0.036138266  0.03492242  -9.624713
0.03139636  0.03551505  -9.623309
0.026620558  0.035214435  -9.621885
0.02145417  0.03386124  -9.620624
0.016126562  0.031691328  -9.620812
0.010639045  0.030099904  -9.622844
0.0051208097  0.029152734  -9.622167
1.032041E-4  0.029700309  -9.616862
-0.0039838925  0.029427135  -9.609401
-0.007077862  0.028216079  -9.6025095
-0.008879791  0.025430784  -9.601758
-0.010310173  0.02201511  -9.605149
-0.012778812  0.018949468  -9.611381
-0.016552718  0.015831506  -9.611869
-0.01931342  0.01434783  -9.607514
-0.017784921  0.013329691  -9.604224
-0.015389728  0.010856595  -9.6043825
-0.013913907  0.006831892  -9.606095
-0.015168122  0.002621556  -9.606056
-0.014430185  3.2732388E-4  -9.607953
-0.013002708  -0.0026549988  -9.615827
-0.013047136  -0.0073057483  -9.626142
-0.016309334  -0.011583584  -9.633094
-0.019821532  -0.011759728  -9.634401
-0.021138556  -0.008417712  -9.633729
-0.021630036  -0.0050282944  -9.633789
-0.023376076  -0.003122827  -9.634105
-0.02781412  -0.004035019  -9.63515
-0.03291821  -0.0061208997  -9.63581
-0.037034776  -0.008694783  -9.63652
-0.03833659  -0.009624529  -9.63595
-0.036751617  -0.010083624  -9.635287
-0.03314025  -0.010428914  -9.632283
-0.027955713  -0.0096792355  -9.62715
-0.022140617  -0.0067814067  -9.621525
-0.016660955  -0.00355486  -9.618202
-0.012547738  -0.0022026545  -9.615775
-0.0098061  -0.0032377467  -9.613328
-0.00810027  -0.005243031  -9.61057
-0.0062533454  -0.0064837546  -9.607818
-0.0030729938  -0.006473793  -9.605882
0.0031879593  -0.0054475707  -9.60539
0.010899766  -0.004527295  -9.610211
0.016541986  -0.0052910424  -9.619563
0.018570466  -0.005526597  -9.629624
0.017633252  -0.003975292  -9.637383
0.01588499  0.0011923298  -9.639026
0.013337262  0.007975432  -9.637597
0.011360592  0.01478016  -9.634032
0.010909091  0.02041688  -9.633084
0.012186728  0.02400841  -9.63435
0.012609114  0.026404167  -9.634103
0.0125449  0.028824858  -9.632408
0.011321074  0.030128216  -9.6314
0.011675842  0.029416002  -9.633012
0.010865756  0.027267179  -9.634021
0.011254276  0.027411534  -9.629566
0.01140185  0.030003564  -9.622994
0.011961338  0.03120931  -9.617995
0.010530789  0.027730951  -9.617967
0.007152544  0.020982439  -9.618983
0.004221837  0.015278626  -9.619495
0.0030738495  0.011737869  -9.619221
0.0036409365  0.01016041  -9.618315
0.00477352  0.008362201  -9.615572
0.005024966  0.006083038  -9.613837
0.004788674  0.004397278  -9.6146345
0.0020969256  0.0044470164  -9.617007
-0.0028861228  0.0051515773  -9.618555
-0.010438435  0.0043347217  -9.621169
-0.016490627  0.0018155224  -9.626128
-0.01982487  -9.386686E-4  -9.6313715
-0.020102337  -0.0017931467  -9.634503
-0.018801376  -9.373629E-4  -9.633818
-0.016251124  5.396383E-4  -9.633277
-0.01331199  0.0010180015  -9.633106
-0.012559216  -5.015157E-4  -9.634056
-0.014906976  -0.0032235545  -9.633733
-0.019305037  -0.0070676436  -9.630744
-0.022723213  -0.010079549  -9.627294
-0.023651019  -0.013566186  -9.624889
-0.022806369  -0.017516548  -9.624584
-0.020411776  -0.022132464  -9.624704
-0.0154174315  -0.024746044  -9.622626
-0.0075488896  -0.02536975  -9.618377
5.9276004E-4  -0.024332985  -9.614386
0.005430179  -0.023804376  -9.612073
0.0077705323  -0.023499561  -9.612006
0.00832351  -0.023340484  -9.612011
0.008441371  -0.022503825  -9.611801
0.0062741865  -0.022029541  -9.611801
0.0039975303  -0.022912702  -9.613928
0.0024961655  -0.025003733  -9.618815
0.0046651126  -0.027054444  -9.62381
0.010013872  -0.026544755  -9.6277075
0.017619384  -0.024376765  -9.628268
0.01602654  -0.024672441  -9.628722
0.004602645  -0.029612713  -9.628776
-0.01694769  -0.038981818  -9.628926
-0.03855397  -0.048450824  -9.6272745
-0.06080966  -0.05706978  -9.625064
-0.08313317  -0.06308537  -9.621248
-0.1072266  -0.069074914  -9.615654
-0.13098755  -0.075668044  -9.609131
-0.15348242  -0.08576009  -9.603718
-0.165206  -0.09353659  -9.59911
-0.1692095  -0.09785514  -9.595506
-0.16693807  -0.09738504  -9.593942
-0.16645572  -0.096277714  -9.596493
-0.16695547  -0.09520621  -9.603557
-0.16821979  -0.09308692  -9.612614
-0.1713825  -0.09031489  -9.620887
-0.17485599  -0.08705623  -9.625201
-0.17761992  -0.08340035  -9.626801
-0.17836958  -0.07847415  -9.627546
-0.17876518  -0.074176066  -9.627963
-0.1802945  -0.07156629  -9.627903
-0.1828398  -0.070773125  -9.627513
-0.18509503  -0.07002255  -9.628287
-0.18652354  -0.06987702  -9.631236
-0.18855228  -0.06998656  -9.633274
-0.19150402  -0.069824226  -9.631069
-0.19407566  -0.068514735  -9.6245365
-0.19540453  -0.06730222  -9.616389
-0.19519417  -0.0663218  -9.610995
-0.19376914  -0.06463062  -9.60894
-0.19157076  -0.06162445  -9.609735
-0.19029184  -0.058611173  -9.609837
-0.19135772  -0.056817383  -9.606554
-0.19439368  -0.05616032  -9.602471
-0.19766168  -0.055592086  -9.600465
-0.2004723  -0.053375315  -9.603292
-0.19265872  -0.04710677  -9.606817
-0.17621274  -0.037326574  -9.6091
-0.15226214  -0.023963459  -9.6092615
-0.13051586  -0.009622469  -9.610599
-0.108920984  0.005037338  -9.614035
-0.086081326  0.017215315  -9.617784
-0.061375905  0.027875917  -9.620507
-0.035769597  0.039380994  -9.619848
-0.010057595  0.054631263  -9.617303
0.007080221  0.06818915  -9.613267
0.017192526  0.07708969  -9.609952
0.021993631  0.08028588  -9.606563
0.028899431  0.08394581  -9.600609
0.03684621  0.09012571  -9.588965
0.04575244  0.09950844  -9.5712595
0.055991363  0.11003568  -9.549905
0.06710667  0.1203504  -9.527277
0.07489313  0.13008751  -9.504468
0.07583505  0.14298074  -9.484135
0.06898444  0.16262263  -9.46951
0.05885559  0.18795341  -9.46462
0.050891254  0.2105304  -9.471595
0.047759816  0.22188777  -9.491504
0.049418475  0.22069025  -9.519883
0.053705577  0.21620928  -9.5496435
0.05795084  0.21883798  -9.5754
0.060284447  0.2324586  -9.594647
0.060613025  0.24979775  -9.603589
0.06258435  0.26663038  -9.599628
0.06806918  0.28277534  -9.583267
0.07793588  0.30399385  -9.55722
0.08973485  0.33110288  -9.52275
0.10191375  0.3622414  -9.479584
0.1123902  0.3937954  -9.427336
0.12107112  0.42272273  -9.365407
0.12833394  0.4490757  -9.292022
0.13536794  0.47499028  -9.209511
0.14175937  0.5010436  -9.123837
0.1461154  0.52363497  -9.044662
0.1457209  0.53809184  -8.979632
0.1387208  0.5428841  -8.934896
0.12437875  0.54037756  -8.913602
0.10385108  0.5328986  -8.915877
0.08002  0.51994014  -8.942538
0.05631818  0.5005728  -8.998262
0.036499955  0.4754033  -9.08692
0.023231382  0.44331193  -9.201171
0.013525452  0.40648547  -9.326227
0.0037758227  0.36951312  -9.451385
-0.008614921  0.336339  -9.574887
-0.02028391  0.30227613  -9.692108
-0.028687356  0.26300043  -9.789853
-0.03462095  0.22339185  -9.855763
-0.037765637  0.18939658  -9.889464
-0.034265194  0.15916537  -9.900532
-0.019614955  0.1251226  -9.892999
0.0041979435  0.08663929  -9.860774
0.029739121  0.05125013  -9.790527
0.048161924  0.03339612  -9.677967
0.05669077  0.04253066  -9.535427
0.060073745  0.068470515  -9.386557
0.06742138  0.088334106  -9.2463045
0.082754254  0.08586774  -9.119595
0.10233373  0.07184109  -9.008908
0.118061654  0.05645865  -8.915673
0.1261921  0.04082932  -8.840964
0.1261298  0.01578507  -8.79003
0.120971926  -0.019708484  -8.774097
0.11051849  -0.060090017  -8.802009
0.0937764  -0.09943304  -8.872371
0.07056126  -0.13535747  -8.984258
0.045528363  -0.1729229  -9.140624
0.02383338  -0.2184539  -9.33878
0.005615192  -0.26974148  -9.56252
-0.011354645  -0.31784526  -9.781837
-0.03002724  -0.3535112  -9.970648
-0.04784055  -0.37703082  -10.114616
-0.05940096  -0.39225972  -10.210285
-0.06074403  -0.40284517  -10.258664
-0.054567438  -0.4082363  -10.263895
-0.04736896  -0.40608552  -10.230319
-0.045223366  -0.39887652  -10.15762
-0.04937077  -0.3878334  -10.040234
-0.05857216  -0.36960053  -9.886916
-0.06733181  -0.34240556  -9.7080345
-0.07353511  -0.30583948  -9.520162
-0.07865093  -0.26325926  -9.3335085
-0.08476499  -0.2158554  -9.168033
-0.09081882  -0.16950582  -9.037673
-0.09463608  -0.13010333  -8.941896
-0.09957576  -0.09923934  -8.871251
-0.109794356  -0.07257274  -8.82348
-0.12742203  -0.04955265  -8.800981
-0.15209371  -0.030184321  -8.815399
-0.17896406  -0.024782108  -8.881168
-0.2022466  -0.042471465  -9.012601
-0.22129607  -0.0828278  -9.201783
-0.2453983  -0.13040109  -9.423485
-0.28153512  -0.16776429  -9.646634
-0.32396343  -0.19145225  -9.854571
-0.3643372  -0.19897623  -10.047293
-0.39626518  -0.19313757  -10.234676
-0.41714883  -0.18422008  -10.416741
-0.42200908  -0.18934959  -10.573547
-0.41414365  -0.20940681  -10.680806
-0.39890137  -0.23067714  -10.720981
-0.38340673  -0.24071653  -10.688138
-0.368932  -0.23884945  -10.579684
-0.35745946  -0.22722435  -10.4074545
-0.3446873  -0.20802689  -10.193725
-0.32652414  -0.18345869  -9.967011
-0.2984571  -0.1572721  -9.7485285
-0.2653334  -0.13196681  -9.550747
-0.23230839  -0.11185423  -9.384217
-0.20241205  -0.09840375  -9.257058
-0.17321217  -0.088364005  -9.169015
-0.14299461  -0.07646697  -9.103405
-0.112906255  -0.057533532  -9.045231
-0.085063756  -0.03248492  -9.001805
-0.057529125  -0.013234768  -8.98725
-0.03072103  -0.010294721  -9.0135565
-0.005889108  -0.025904855  -9.075828
0.0131191285  -0.0499537  -9.169618
0.025247516  -0.07736664  -9.283089
0.031324066  -0.10916684  -9.410461
0.030334271  -0.14439714  -9.551164
0.025400162  -0.18138476  -9.701837
0.022904383  -0.21886474  -9.851763
0.028332546  -0.25317347  -9.991554
0.042975504  -0.28039452  -10.114472
0.06171046  -0.2937043  -10.20973
0.07870696  -0.2934228  -10.258431
0.09077277  -0.28099433  -10.254724
0.1033009  -0.2622482  -10.206956
0.120488875  -0.24007852  -10.133447
0.14073026  -0.21878569  -10.046747
0.16044115  -0.20632207  -9.946091
0.17639495  -0.20574729  -9.821193
0.18681626  -0.2050078  -9.663472
0.18415432  -0.18333213  -9.48682
0.17285115  -0.1392728  -9.3153925
0.15863468  -0.09120336  -9.17188
0.14835744  -0.057199944  -9.061207
0.13764451  -0.0367652  -8.9839945
0.1245415  -0.021829827  -8.937036
0.10765854  -0.009708553  -8.918217
0.08895173  -0.0049849865  -8.928777
0.069116496  -0.01370697  -8.969032
0.046227966  -0.034425385  -9.037658
0.017352564  -0.058755893  -9.125593
-0.020144776  -0.07903526  -9.227022
-0.06235975  -0.09527868  -9.345402
-0.10396617  -0.118986964  -9.4894905
-0.13984531  -0.16022404  -9.656915
-0.17301784  -0.21221955  -9.829221
-0.20866458  -0.25633076  -9.983528
-0.24623688  -0.27781025  -10.112468
-0.27816257  -0.28613192  -10.214417
-0.29846883  -0.29580423  -10.287765
-0.30868372  -0.3112611  -10.323733
-0.31256893  -0.32118142  -10.313041
-0.30910715  -0.31693104  -10.253556
-0.29713735  -0.29572546  -10.155814
-0.28238386  -0.26343068  -10.03353
-0.27289402  -0.22896688  -9.898967
-0.26935846  -0.20141077  -9.755914
-0.26630533  -0.18424594  -9.607693
-0.25969148  -0.17094697  -9.459524
-0.24851203  -0.15657586  -9.315692
-0.2340929  -0.14080869  -9.186527
-0.21566439  -0.1304514  -9.078016
-0.19699533  -0.12825449  -8.99043
-0.17957346  -0.13303159  -8.920459
-0.16377163  -0.14109655  -8.871929
-0.14910693  -0.15190493  -8.860658
-0.13619815  -0.16893478  -8.897378
-0.13011093  -0.19693564  -8.980206
-0.13328783  -0.23227835  -9.100037
-0.1434828  -0.2681146  -9.249698
-0.15539962  -0.29922137  -9.416679
-0.1661732  -0.3271576  -9.584645
-0.17653358  -0.35441145  -9.742602
-0.18518315  -0.3793347  -9.891994
-0.18974747  -0.3971741  -10.033691
-0.18525684  -0.40323675  -10.159867
-0.17007749  -0.39704394  -10.255307
-0.14450747  -0.38409796  -10.302388
-0.1145351  -0.37063107  -10.290253
-0.08445098  -0.35126194  -10.222948
-0.058336746  -0.31647563  -10.118458
-0.035161067  -0.26766828  -9.993579
-0.0141508775  -0.21643108  -9.848657
0.0036903024  -0.17638783  -9.686751
0.015178002  -0.1428965  -9.513532
0.019657584  -0.10983065  -9.347223
0.021694994  -0.07268761  -9.204751
0.023669949  -0.03765789  -9.099689
0.02455953  -0.0126215145  -9.033859
0.019753022  -0.003129171  -8.99739
0.008378686  -0.008593007  -8.983773
-0.006897614  -0.024076154  -8.995431
-0.024507133  -0.043138634  -9.040452
-0.044232506  -0.060749635  -9.122666
-0.06683799  -0.0816953  -9.23256
-0.09418028  -0.11126997  -9.355712
-0.12798375  -0.14968327  -9.478932
-0.16952865  -0.18833826  -9.601605
-0.21421349  -0.22241275  -9.726328
-0.2587699  -0.2495194  -9.853281
-0.30400681  -0.26635584  -9.97866
-0.3487935  -0.2735709  -10.096595
-0.38777533  -0.276938  -10.198081
-0.41332737  -0.2845598  -10.269375
-0.4216435  -0.29564437  -10.296009
-0.4156449  -0.30266896  -10.277179
-0.3970256  -0.29698884  -10.228055
-0.3694657  -0.27617726  -10.164184
-0.33444837  -0.244814  -10.086208
-0.29726973  -0.2073522  -9.980585
-0.26332912  -0.1640874  -9.841877
-0.23440929  -0.11584327  -9.678701
-0.21130116  -0.06903318  -9.510722
-0.192806  -0.028901914  -9.357597
-0.17912787  0.0026048452  -9.229014
-0.17004943  0.025251566  -9.12257
-0.16430555  0.03781096  -9.032703
-0.15956593  0.039353874  -8.967327
-0.15272166  0.029663349  -8.951357
-0.14312927  0.01289349  -8.995349
-0.13432474  -0.009137888  -9.094007
-0.12950589  -0.033836443  -9.222778
-0.13418572  -0.059922397  -9.365548
-0.14648558  -0.084739216  -9.514992
-0.16218907  -0.10626336  -9.671171
-0.17551775  -0.12384421  -9.827904
-0.18649329  -0.13335475  -9.971619
-0.19620012  -0.1308673  -10.086421
-0.20385249  -0.117140494  -10.16809
-0.20697017  -0.09950587  -10.214262
-0.20626903  -0.08207952  -10.226669
-0.20259722  -0.06444127  -10.207585
-0.19593997  -0.04307847  -10.163232
-0.18400979  -0.018250579  -10.09771
-0.16757984  0.010119258  -10.011731
-0.14740904  0.03735158  -9.905855
-0.12512876  0.060029548  -9.779738
-0.10308558  0.08183983  -9.631198
-0.08442273  0.10838967  -9.461213
-0.071014136  0.14659308  -9.284389
-0.06165619  0.18967335  -9.125432
-0.056878086  0.22704713  -9.004882
-0.059015226  0.24459632  -8.92954
-0.07083576  0.23842447  -8.899228
-0.092289984  0.21454336  -8.915298
-0.12049717  0.18023442  -8.9793005
-0.15116672  0.13684674  -9.08642
-0.18238251  0.0835588  -9.226749
-0.21269204  0.025742399  -9.387616
-0.24088354  -0.025560169  -9.560061
-0.26546794  -0.05988862  -9.732198
-0.28511417  -0.07485155  -9.896116
-0.29653272  -0.079661794  -10.051722
-0.2977766  -0.08301076  -10.197358
-0.29126993  -0.09028176  -10.31898
-0.2829596  -0.10024026  -10.390189
-0.27462766  -0.109104134  -10.400096
-0.2647694  -0.11121712  -10.356102
-0.24848545  -0.104186215  -10.272069
-0.2273825  -0.09127038  -10.153794
-0.2051642  -0.076782055  -10.00493
-0.1856268  -0.060789812  -9.8371725
-0.16630974  -0.04183115  -9.666768
-0.1443274  -0.021383291  -9.50718
-0.121143706  -0.0016421084  -9.356645
-0.1008147  0.014915615  -9.213291
-0.08551928  0.029748516  -9.079282
-0.07346041  0.04442739  -8.96833
-0.060286287  0.057000775  -8.8928385
-0.04434508  0.061613172  -8.863146
-0.026656078  0.053044792  -8.883149
-0.015074094  0.036495578  -8.951753
-0.010739986  0.019686585  -9.066662
-0.011344234  0.004692258  -9.225445
-0.011731341  -0.011076896  -9.423515
-0.01410263  -0.03083902  -9.645431
-0.024901425  -0.05026345  -9.871025
-0.045021817  -0.06730219  -10.080875
-0.067931466  -0.07967357  -10.266918
-0.084403865  -0.08735904  -10.424142
-0.09155036  -0.09136593  -10.539131
-0.093195796  -0.08838645  -10.590613
-0.09226454  -0.074111246  -10.569566
-0.0877525  -0.04386923  -10.48664
-0.07834949  -0.0039537107  -10.360757
-0.06791713  0.033701625  -10.202121
-0.059799373  0.057963192  -10.017854
-0.055864364  0.07003933  -9.816031
-0.05700196  0.08299913  -9.603549
-0.06434328  0.10710303  -9.388393
-0.07538807  0.14240693  -9.1842575
-0.08644704  0.18048884  -9.007989
-0.098187484  0.214186  -8.8734865
-0.10994909  0.23884107  -8.787534
-0.11996829  0.25036696  -8.761535
-0.12277269  0.24833447  -8.80347
-0.121834345  0.23701967  -8.910758
-0.121073894  0.2204277  -9.069421
-0.12399707  0.19782305  -9.262864
-0.13036649  0.16828875  -9.47459
-0.13907847  0.13604023  -9.690854
-0.15094605  0.1097503  -9.900772
-0.16393243  0.08983571  -10.105877
-0.17394638  0.06761611  -10.304272
-0.17975323  0.036460616  -10.479226
-0.18429278  0.004791505  -10.605512
-0.19056134  -0.013336371  -10.66783
-0.1941285  -0.015396918  -10.66816
-0.18851054  -0.012043588  -10.608888
-0.17191064  -0.010785415  -10.491767
-0.1472169  -0.00693907  -10.321765
-0.115247816  0.009899207  -10.119401
-0.07449066  0.039402053  -9.906968
-0.02655018  0.07355399  -9.700467
0.0201929  0.102992326  -9.497838
0.057742685  0.12701105  -9.295331
0.085346796  0.15166928  -9.105557
0.10676634  0.17520468  -8.955389
0.12452554  0.18786885  -8.862794
0.13656817  0.17826843  -8.827327
0.14255486  0.1524522  -8.840817
0.14424111  0.12368701  -8.905854
0.14420567  0.099717796  -9.023978
0.14101827  0.07583714  -9.18691
0.13092808  0.046117723  -9.37446
0.11139238  0.010775227  -9.56737
0.08500313  -0.020160208  -9.755642
0.054745737  -0.039558318  -9.936795
0.02421184  -0.057313293  -10.111776
-0.008449995  -0.09002471  -10.280824
-0.043925744  -0.1408038  -10.428298
-0.086594544  -0.18972997  -10.528811
-0.1317534  -0.22255898  -10.563874
-0.17363627  -0.24133168  -10.534702
-0.20752998  -0.25421664  -10.455743
-0.23556398  -0.26315975  -10.3451
-0.25936484  -0.26712015  -10.220357
-0.27725342  -0.26815346  -10.09166
-0.29041076  -0.26562423  -9.957654
-0.30424842  -0.2554163  -9.816774
-0.32152516  -0.23425768  -9.683698
-0.3391527  -0.20681685  -9.578958
-0.35381496  -0.18444912  -9.516711
-0.3646175  -0.17569435  -9.496537
-0.3789889  -0.17904384  -9.512822
-0.40262535  -0.18857522  -9.559018
-0.43692565  -0.20111592  -9.632903
-0.47500315  -0.22422029  -9.727259
-0.5131316  -0.26114488  -9.830752
-0.54873145  -0.30689642  -9.925514
-0.58175606  -0.34698662  -10.004863
-0.60765386  -0.37253726  -10.07348
-0.62767  -0.3859981  -10.136384
-0.6432338  -0.39395368  -10.192212
-0.65672714  -0.39969793  -10.237445
-0.66720945  -0.4016445  -10.271317
-0.67306304  -0.4004391  -10.294055
-0.67376024  -0.39743772  -10.297456
-0.67123455  -0.3939776  -10.274686
-0.6669007  -0.39100876  -10.226769
-0.6580703  -0.3921478  -10.168651
-0.64124274  -0.40065137  -10.111757
-0.61841226  -0.41767538  -10.055585
-0.59222484  -0.43847513  -9.992527
-0.56317  -0.44567692  -9.912658
-0.53038216  -0.42364454  -9.81265
-0.49519324  -0.37294093  -9.699511
-0.45819595  -0.3179601  -9.595474
-0.4204656  -0.27916986  -9.519569
-0.38500392  -0.25766274  -9.47549
-0.3556783  -0.24154204  -9.456883
-0.3311801  -0.22430716  -9.454154
-0.31013095  -0.20830548  -9.461749
-0.29197782  -0.19831686  -9.475151
-0.27573603  -0.19410773  -9.493497
-0.2574356  -0.18958998  -9.51678
-0.23611426  -0.18024771  -9.542836
-0.21442974  -0.1693856  -9.567611
-0.19553398  -0.16096951  -9.587847
-0.18099944  -0.15395695  -9.601796
-0.16736269  -0.14452279  -9.61136
-0.15181565  -0.13273816  -9.616988
-0.13370329  -0.12127861  -9.614556
-0.11722823  -0.10807697  -9.601716
-0.10170422  -0.09178128  -9.580838
-0.087001465  -0.0717363  -9.56154
-0.072777204  -0.051411584  -9.550484
-0.0632938  -0.036245104  -9.54728
-0.05804627  -0.030329244  -9.549678
-0.054253954  -0.03183649  -9.557942
-0.0500246  -0.033645425  -9.57251
-0.046108693  -0.030121095  -9.587569
-0.0449646  -0.020060811  -9.596432
-0.046484977  -0.008381517  -9.596099
-0.04924898  0.0028498173  -9.591969
-0.04955177  0.013777341  -9.589619
-0.047477543  0.02951467  -9.589295
-0.04518023  0.05161141  -9.590394
-0.044534642  0.07534581  -9.593097
-0.046230678  0.092175245  -9.601203
-0.049215153  0.09780886  -9.6112995
-0.05371949  0.094721325  -9.6196785
-0.05841097  0.08935898  -9.623801
-0.063199125  0.08715615  -9.62247
-0.06697323  0.08943275  -9.615475
-0.06880528  0.09326825  -9.604971
-0.06805124  0.09396613  -9.595372
-0.06611977  0.09132215  -9.589942
-0.064424455  0.08819168  -9.587487
-0.06284034  0.08612742  -9.5878935
-0.06078331  0.08312731  -9.589041
-0.06053077  0.07815549  -9.590794
-0.062429518  0.072316684  -9.592917
-0.06654769  0.067320235  -9.595963
-0.070118494  0.06403624  -9.598502
-0.07221218  0.0620417  -9.600452
-0.072010376  0.06147517  -9.601677
-0.07022179  0.06100746  -9.603185
-0.06803599  0.060005736  -9.60485
-0.066149026  0.057483774  -9.606634
-0.06621481  0.055175398  -9.608494
-0.066443495  0.054114074  -9.610015
-0.06654856  0.054347124  -9.61137
-0.0650075  0.05485353  -9.614095
-0.062587515  0.05416025  -9.618353
-0.06000465  0.05167803  -9.621726
-0.058395132  0.048367526  -9.621368
-0.058103397  0.045652  -9.618691
-0.059504345  0.041879285  -9.616582
-0.061155837  0.037546363  -9.617333
-0.061062325  0.032698255  -9.62017
-0.059122305  0.030846626  -9.6236725
-0.05700737  0.030960515  -9.6261
-0.056646958  0.031478915  -9.625514
-0.057325717  0.031021973  -9.622323
-0.056498557  0.03039918  -9.619613
-0.053470388  0.03053402  -9.622167
-0.048336465  0.031626415  -9.628342
-0.04416402  0.033417735  -9.633588
-0.042405326  0.03465739  -9.63417
-0.042895366  0.036188778  -9.630986
-0.044062298  0.040438708  -9.626473
-0.043248728  0.047311533  -9.620048
-0.040606562  0.054987326  -9.6128025
-0.035814535  0.058960367  -9.605143
-0.03111091  0.06008124  -9.599689
-0.027257005  0.059212983  -9.597859
-0.023654567  0.056953546  -9.598617
-0.02164915  0.053221554  -9.598445
-0.020810148  0.048696782  -9.593715
-0.02226554  0.045878187  -9.584292
-0.023897799  0.045858443  -9.573882
-0.025738722  0.047638983  -9.565576
-0.027417293  0.048768956  -9.5607195
-0.028822964  0.0472315  -9.559365
-0.030862609  0.043882627  -9.559821
-0.03254472  0.04024083  -9.5623045
-0.034670297  0.03677507  -9.564941
-0.0349223  0.033894435  -9.567138
-0.034368847  0.031057812  -9.56829
-0.033111032  0.029087534  -9.569286
-0.032425076  0.02654998  -9.570989
-0.032081652  0.024236323  -9.572866
-0.03244666  0.02202856  -9.573275
-0.033401918  0.02188558  -9.570918
-0.03583883  0.021621928  -9.565026
-0.040128905  0.020798469  -9.55593
-0.044887874  0.017556623  -9.547886
-0.047667194  0.012486332  -9.545017
-0.047893774  0.006838765  -9.548644
-0.04750697  0.0016734628  -9.554504
-0.04826042  -0.0018552286  -9.556315
-0.04893328  -0.0041251704  -9.55429
-0.04811147  -0.005954128  -9.552303
-0.045209292  -0.007183882  -9.554934
-0.040225502  -0.007753679  -9.560937
-0.03514664  -0.007176243  -9.5667715
-0.030963251  -0.0067028403  -9.570025
-0.02909857  -0.005087831  -9.570952
-0.028158426  -0.0034961377  -9.57162
-0.029242195  -0.0016979618  -9.573993
-0.031361904  -0.0020904257  -9.573612
-0.033269223  -2.8084693E-4  -9.572658
-0.032690223  0.0024890418  -9.571412
-0.030006468  0.0065552257  -9.574406
-0.027627014  0.009831228  -9.578308
-0.025293216  0.012430412  -9.583159
-0.022892036  0.014296693  -9.587682
-0.01988325  0.014486212  -9.591177
-0.017918644  0.015187035  -9.5915365
-0.017387554  0.018072335  -9.589986
-0.01676381  0.0220949  -9.588807
-0.01607643  0.025134297  -9.588748
-0.015832333  0.025688516  -9.589991
-0.016740637  0.025086949  -9.592274
-0.018401181  0.025342742  -9.593411
-0.019698342  0.027946547  -9.591621
-0.02124449  0.032818183  -9.587429
-0.022778243  0.03628556  -9.584886
-0.024054348  0.036704406  -9.587849
-0.024126165  0.033608798  -9.596201
-0.022732137  0.031047678  -9.607369
-0.019145934  0.029830499  -9.617738
-0.01488655  0.030181788  -9.623217
-0.0110120075  0.030881481  -9.621942
-0.008530608  0.03143276  -9.614951
-0.0056649186  0.032415245  -9.607231
-0.0018593855  0.033478275  -9.602461
0.0016232949  0.033346947  -9.600265
0.0054722405  0.035988238  -9.601879
0.010756679  0.040562514  -9.603363
0.015880266  0.0471285  -9.603339
0.01828072  0.051365256  -9.598487
0.017025009  0.05451725  -9.5927515
0.014191101  0.056407794  -9.58989
0.011034027  0.05734333  -9.590863
0.009515639  0.057443276  -9.594298
0.009554936  0.05884519  -9.599601
0.012871335  0.059465546  -9.60052
0.015937971  0.059899587  -9.598626
0.019437306  0.06104059  -9.596351
0.02227213  0.06341191  -9.59943
0.025607413  0.06675498  -9.604358
0.030152073  0.06862132  -9.606467
0.033920866  0.06960591  -9.604707
0.037535753  0.070145205  -9.602632
0.040138613  0.07088131  -9.602166
0.04322956  0.07303131  -9.60373
0.048242997  0.075513475  -9.605592
0.056120664  0.07938849  -9.606051
0.065414764  0.08281777  -9.603667
0.075238876  0.08516083  -9.598474
0.0837785  0.08381438  -9.593466
0.09073573  0.0800197  -9.591678
0.096613295  0.07753178  -9.592541
0.10338062  0.078881495  -9.591418
0.112510435  0.08398429  -9.58599
0.12273157  0.08811446  -9.578689
0.1302694  0.08982008  -9.573371
0.13368857  0.08875968  -9.5721245
0.13353233  0.08739051  -9.57397
0.13355999  0.08742031  -9.577643
0.13577253  0.088057995  -9.581086
0.14010721  0.08891664  -9.583233
0.1451554  0.0901762  -9.583709
0.14730686  0.08829671  -9.580688
0.14472203  0.08330884  -9.577406
0.1396873  0.07575797  -9.576143
0.1366847  0.06977125  -9.580256
0.13756245  0.064344555  -9.584905
0.14061451  0.058769584  -9.58726
0.14362943  0.05327325  -9.585795
0.14641665  0.0500045  -9.582989
0.14906873  0.048360985  -9.582498
0.14900047  0.047177106  -9.586383
0.14659117  0.04632711  -9.590793
0.14151199  0.0453561  -9.589887
0.13618535  0.044942696  -9.583443
0.13037951  0.04380563  -9.577722
0.12382775  0.043299306  -9.577546
0.118097164  0.04378818  -9.581575
0.113231875  0.043970346  -9.584327
0.10973377  0.04209983  -9.5826235
0.10601014  0.03827284  -9.5776415
0.10192653  0.035624307  -9.573428
0.09687322  0.034635153  -9.572234
0.09114075  0.034451168  -9.574603
0.08409276  0.033369493  -9.580714
0.07655988  0.03286339  -9.586468
0.071057916  0.033631254  -9.588096
0.067519955  0.034279495  -9.585793
0.06488975  0.033392124  -9.584733
0.061397944  0.030100232  -9.587948
0.057729963  0.026341373  -9.59193
0.056260098  0.022614757  -9.59475
0.0572352  0.019252952  -9.595075
0.060285524  0.015376185  -9.594753
0.062725954  0.010132613  -9.592988
0.06337776  0.0049133687  -9.590228
0.061956648  -8.7589474E-4  -9.586102
0.05987111  -0.0067337095  -9.580196
0.057925005  -0.01284534  -9.571009
0.05654575  -0.018823443  -9.55996
0.0544523  -0.026785202  -9.550134
0.05066793  -0.037595168  -9.544452
0.043366935  -0.050613075  -9.545125
0.031676397  -0.06317769  -9.552558
0.015880385  -0.073593944  -9.56713
-0.0033481556  -0.082767196  -9.585775
-0.024677137  -0.09124833  -9.6044855
-0.04737866  -0.10036629  -9.621793
-0.06898343  -0.1074894  -9.638199
-0.0890129  -0.11136195  -9.6535015
-0.10710186  -0.11379082  -9.665099
-0.12537421  -0.119137906  -9.669902
-0.14463185  -0.12937021  -9.668504
-0.16552909  -0.14073478  -9.663524
-0.18691732  -0.14927006  -9.657332
-0.20825453  -0.15323777  -9.650077
-0.22763015  -0.15575503  -9.638606
-0.24583381  -0.16152942  -9.621819
-0.26307982  -0.17242138  -9.603878
-0.279733  -0.18584186  -9.591178
-0.29315957  -0.1963933  -9.5891905
-0.30199143  -0.20200892  -9.602106
-0.30960998  -0.20378454  -9.630691
-0.3199803  -0.20757242  -9.673116
-0.33395398  -0.21556415  -9.725419
-0.34911966  -0.22489779  -9.789063
-0.36173454  -0.22675388  -9.868046
-0.37104106  -0.21890597  -9.95762
-0.37573734  -0.20654953  -10.048996
-0.37815192  -0.19689395  -10.130776
-0.37857112  -0.189081  -10.204754
-0.37971166  -0.17774303  -10.274579
-0.38042438  -0.15536228  -10.341801
-0.37994957  -0.12438453  -10.399937
-0.3763484  -0.093506694  -10.437179
-0.36895695  -0.073667206  -10.446159
-0.35755715  -0.06646321  -10.426394
-0.34211764  -0.06702239  -10.386086
-0.32114065  -0.06787196  -10.334791
-0.29366836  -0.06612993  -10.275776
-0.26005545  -0.061149757  -10.205747
-0.22134574  -0.055177033  -10.122512
-0.17887229  -0.04921398  -10.0333605
-0.13323106  -0.040390015  -9.947436
-0.0861465  -0.027531633  -9.864998
-0.037324023  -0.017363401  -9.782924
0.011974695  -0.014722232  -9.703091
0.060710113  -0.01962751  -9.634643
0.1053103  -0.025434015  -9.584662
0.14594541  -0.0323672  -9.556891
0.18136288  -0.041571323  -9.553568
0.21218775  -0.052737053  -9.579612
0.2368614  -0.055433866  -9.648177
0.2611983  -0.047376055  -9.748859
0.29122394  -0.03188835  -9.865289
0.3291314  -0.016833441  -9.969504
0.3679805  -0.004002006  -10.057155
0.39991435  0.009763963  -10.1211815
0.42623463  0.022947798  -10.158516
0.450632  0.03826053  -10.16473
0.47454962  0.057238713  -10.14224
0.49588478  0.07906813  -10.092857
0.5108476  0.09774401  -10.021926
0.5180192  0.110989235  -9.934482
0.516742  0.12060838  -9.834431
0.51122904  0.12827255  -9.727532
0.50427586  0.13313924  -9.616233
0.4987216  0.13198818  -9.502662
0.4930158  0.120048344  -9.390253
0.4856129  0.09996154  -9.287914
0.47570157  0.080827765  -9.206174
0.46420082  0.073472  -9.148313
0.45172274  0.07820177  -9.110507
0.43569556  0.08946792  -9.085494
0.41486478  0.101125725  -9.06741
0.3909184  0.110758156  -9.054238
0.3669493  0.11682137  -9.051562
0.3421823  0.11921566  -9.073899
0.3131763  0.11942649  -9.127126
0.28149903  0.1185368  -9.202789
0.25163957  0.11416817  -9.293213
0.22761564  0.1139643  -9.398624
0.21060626  0.12781538  -9.521104
0.20098925  0.15916494  -9.651357
0.19738044  0.19477046  -9.777308
0.19791846  0.22323859  -9.888396
0.20632732  0.24577044  -9.972836
0.22561054  0.2710571  -10.019111
0.2516226  0.29427177  -10.020066
0.26858473  0.31200853  -9.992019
0.26844776  0.32352242  -9.947196
0.25436214  0.3334334  -9.902654
0.23834224  0.34257054  -9.853648
0.22920728  0.3462424  -9.800557
0.22697522  0.34389648  -9.739104
0.22862358  0.3343122  -9.670251
0.23092036  0.3169267  -9.596145
0.23383176  0.2915379  -9.519193
0.23973744  0.259848  -9.437893
0.25063625  0.22700159  -9.358508
0.26515546  0.2010935  -9.293172
0.27997908  0.18592818  -9.249381
0.2927352  0.17447309  -9.222985
0.30388024  0.1605122  -9.207007
0.31608686  0.1442104  -9.198579
0.3301138  0.12938485  -9.199871
0.34301493  0.11639487  -9.229591
0.35162342  0.10065636  -9.2965975
0.3584962  0.084381044  -9.400868
0.3710808  0.0726071  -9.516651
0.39341283  0.06784455  -9.633084
0.418703  0.07015612  -9.752288
0.4396236  0.07798173  -9.877195
0.45678857  0.09409655  -9.991076
0.48014355  0.11488075  -10.07113
0.5127653  0.13017751  -10.110553
0.5462579  0.13691574  -10.117891
0.56702256  0.1336387  -10.105907
0.56679565  0.12503129  -10.08121
0.5482261  0.11505118  -10.046804
0.52285534  0.11070344  -9.999158
0.49985704  0.11559499  -9.93513
0.47833034  0.12136626  -9.8609495
0.45226565  0.118098795  -9.784163
0.42421234  0.10470998  -9.703176
0.4022764  0.08841135  -9.61343
0.38948497  0.075635016  -9.519177
0.3813757  0.06748363  -9.4269
0.37399638  0.062302325  -9.33855
0.36653486  0.060913358  -9.252536
0.35861722  0.065017074  -9.171406
0.35010305  0.072901644  -9.102158
0.34048963  0.08197927  -9.049525
0.32845986  0.09033301  -9.021571
0.31285536  0.10085129  -9.023034
0.29433072  0.114252806  -9.053283
0.27646562  0.12714685  -9.105443
0.26113513  0.13590278  -9.175372
0.25007844  0.14565384  -9.2615
0.24504757  0.1595031  -9.3588
0.24570543  0.17752945  -9.461011
0.24999134  0.19238566  -9.566558
0.2543778  0.20085199  -9.6625595
0.25608242  0.20684373  -9.741254
0.25383446  0.21340168  -9.795091
0.24772988  0.22378413  -9.843375
0.23811108  0.24137908  -9.890074
0.22866781  0.26613796  -9.922721
0.22270423  0.2902412  -9.922294
0.21879677  0.30189833  -9.8865385
0.21132481  0.29810646  -9.831716
0.19667833  0.2896661  -9.770618
0.17920472  0.28430268  -9.710472
0.1666974  0.2850017  -9.648759
0.16433938  0.28260407  -9.582303
0.17124826  0.26935622  -9.510967
0.18096113  0.24623185  -9.440962
0.18865211  0.22152452  -9.377576
0.19524638  0.20558314  -9.319446
0.20349015  0.19883035  -9.266425
0.21121912  0.19395876  -9.225814
0.21820642  0.1879918  -9.200263
0.22319758  0.18131463  -9.186418
0.22976635  0.17575793  -9.180447
0.2340023  0.16761775  -9.191539
0.23345606  0.15479642  -9.234301
0.22726691  0.1407683  -9.316621
0.22114992  0.13262336  -9.432657
0.22186999  0.13375367  -9.5666
0.23244177  0.14262994  -9.69764
0.2494859  0.1489734  -9.8152685
0.26542702  0.1475154  -9.919052
0.27669704  0.14210373  -10.012337
0.28154704  0.14435636  -10.091956
0.28302464  0.15523624  -10.150299
0.28025147  0.1668731  -10.184527
0.27464342  0.16641925  -10.197382
0.26620856  0.15742253  -10.187512
0.25848767  0.1503542  -10.153863
0.25302038  0.15703811  -10.101639
0.2473798  0.17842992  -10.042279
0.2397485  0.2032187  -9.973289
0.23035292  0.21404491  -9.888528
0.22217058  0.20212473  -9.792432
0.21409123  0.17803602  -9.702927
0.20540023  0.1584291  -9.631667
0.19419019  0.1538289  -9.580821
0.17938888  0.15871073  -9.5496435
0.16081245  0.16584839  -9.530843
0.14110672  0.1695958  -9.512664
0.12404102  0.17236467  -9.485391
0.1099309  0.1780064  -9.448783
0.0983514  0.18496668  -9.409351
0.086185545  0.18564196  -9.377462
0.07081447  0.17421031  -9.3623495
0.05182861  0.15348479  -9.369359
0.035264086  0.13503657  -9.393264
0.022882404  0.12509881  -9.4382715
0.015483711  0.12268733  -9.509856
0.00947496  0.123239726  -9.610599
0.0055796863  0.12738986  -9.724822
0.004599193  0.13603592  -9.830764
0.0069055795  0.14465739  -9.9156
0.010867204  0.1463619  -9.977675
0.011742302  0.13779952  -10.024336
0.006804393  0.12504552  -10.065567
-0.0029365495  0.11900631  -10.102764
-0.0128507735  0.12926531  -10.123965
-0.019063123  0.15290628  -10.107219
-0.015320055  0.17123778  -10.045182
-0.0018682266  0.16891618  -9.949716
0.018482782  0.14920902  -9.841268
0.03662604  0.13218649  -9.733001
0.050168943  0.12880859  -9.630612
0.060798157  0.13271303  -9.538066
0.07292038  0.12731312  -9.454157
0.09000792  0.10837781  -9.372397
0.1096158  0.079702295  -9.292035
0.12792943  0.053565647  -9.214925
0.1422035  0.032258578  -9.14864
0.15446983  0.01314067  -9.096355
0.1680318  -0.0074225925  -9.0660715
0.18555887  -0.030572971  -9.061967
0.20714337  -0.052401464  -9.086497
0.232549  -0.07281629  -9.139798
0.25959742  -0.09151008  -9.22012
0.28763625  -0.10941134  -9.325291
0.31647357  -0.12158721  -9.453559
0.34332633  -0.12261647  -9.601673
0.367623  -0.108816095  -9.760122
0.38798502  -0.08493812  -9.914893
0.40549693  -0.059699986  -10.05326
0.41757044  -0.040957082  -10.167667
0.42360735  -0.029426659  -10.2526045
0.42242053  -0.017969342  -10.304
0.41414747  -6.9161644E-5  -10.31585
0.4027901  0.021089429  -10.282678
0.39361095  0.036183868  -10.208466
0.3904387  0.041293424  -10.105274
0.3902792  0.043045785  -9.988259
0.3890402  0.051441547  -9.867087
0.38386273  0.0672083  -9.742673
0.37616113  0.0824459  -9.615048
0.36797038  0.08299831  -9.488884
0.35964426  0.06387818  -9.3779745
0.34741583  0.03724004  -9.288614
0.32932547  0.020880818  -9.21998
0.30573454  0.020967929  -9.166938
0.28186312  0.026665768  -9.127767
0.26104173  0.025782725  -9.104072
0.24443895  0.01643667  -9.096902
0.2302754  0.007877306  -9.110255
0.2176963  0.0050122645  -9.152337
0.20619719  0.01002127  -9.230507
0.19768822  0.020563915  -9.344916
0.19378221  0.037736688  -9.4787035
0.19529293  0.058486838  -9.613318
0.1992383  0.07579071  -9.736247
0.20026751  0.08587333  -9.842659
0.19695635  0.0866468  -9.928027
0.18866491  0.08275034  -9.991655
0.1758066  0.07804439  -10.039814
0.15735354  0.07948472  -10.073518
0.13437687  0.08666248  -10.08726
0.111424215  0.09616363  -10.0714245
0.09363896  0.10157156  -10.024859
0.08346056  0.10375303  -9.949855
0.08022972  0.10449124  -9.852002
0.08044203  0.10422313  -9.741768
0.08076196  0.09787161  -9.627753
0.082468145  0.08016309  -9.504758
0.087490775  0.048442047  -9.37961
0.09534594  0.00872698  -9.26588
0.101320095  -0.027243206  -9.182567
0.10407242  -0.051064834  -9.125629
0.10763059  -0.065235555  -9.08244
0.11569855  -0.07709943  -9.044831
0.13019371  -0.09275808  -9.01517
0.14947772  -0.11377865  -9.002319
0.17259733  -0.1371538  -9.015466
0.19614565  -0.15874633  -9.062042
0.21674931  -0.17280354  -9.144242
0.23345856  -0.17926843  -9.259853
0.24840784  -0.1809438  -9.399631
0.2636917  -0.1782819  -9.55297
0.2787936  -0.16847186  -9.7055025
0.2916151  -0.15032369  -9.843387
0.30098173  -0.1317575  -9.954391
0.3058797  -0.12230363  -10.033038
0.30866596  -0.1254516  -10.07821
0.31140158  -0.13836826  -10.0937605
0.3119088  -0.14985158  -10.08933
0.3033422  -0.15044539  -10.0803
0.28053394  -0.1349681  -10.074825
0.24798997  -0.10832599  -10.063702
0.21457624  -0.077803515  -10.028122
0.19007297  -0.054298233  -9.9578285
0.17399804  -0.045295432  -9.864136
0.16083911  -0.050336916  -9.767417
0.14386946  -0.06277057  -9.680238
0.12443613  -0.077477224  -9.603465
0.1042858  -0.09123192  -9.533619
0.086055815  -0.10498015  -9.4720335
0.06951848  -0.11659875  -9.418902
0.056044817  -0.124679305  -9.370749
0.04670784  -0.12592776  -9.32117
0.03977013  -0.121203184  -9.277789
0.033752356  -0.114725985  -9.242149
0.026097767  -0.11001265  -9.220668
0.017069677  -0.10834994  -9.21419
0.004845048  -0.108415835  -9.234905
-0.011799394  -0.10641227  -9.290776
-0.033123698  -0.100022055  -9.380238
-0.05300063  -0.08704866  -9.491489
-0.0676882  -0.069515124  -9.608509
-0.07577581  -0.0509678  -9.717214
-0.0795649  -0.03637592  -9.806411
-0.07999391  -0.029943062  -9.872968
-0.07998084  -0.02913806  -9.918988
-0.08076531  -0.030347377  -9.955624
-0.08486306  -0.029006535  -9.99081
-0.09146457  -0.024503412  -10.02277
-0.09923077  -0.017172325  -10.040303
-0.10334909  -0.008625239  -10.031725
-0.101878025  -4.4189362E-4  -9.98903
-0.09624779  0.005296739  -9.906877
-0.094328426  0.006895201  -9.799632
-0.09665442  3.0970885E-4  -9.685603
-0.09706388  -0.017635396  -9.578689
-0.083518125  -0.04419587  -9.473344
-0.053900808  -0.073169924  -9.372443
-0.017218929  -0.09511914  -9.286243
0.014695029  -0.10265688  -9.219742
0.041711614  -0.09475698  -9.160568
0.07063515  -0.081635214  -9.097594
0.10729444  -0.073903754  -9.031686
0.14865552  -0.07463253  -8.97858
0.18953873  -0.07938049  -8.95512
0.2267388  -0.08393341  -8.968989
0.25908685  -0.088314086  -9.019263
0.28809753  -0.091427326  -9.096318
0.31491646  -0.093223296  -9.194139
0.34092152  -0.09286636  -9.309835
0.3656318  -0.089975536  -9.443089
0.39047265  -0.08654765  -9.586936
0.41638198  -0.08422333  -9.728775
0.44320008  -0.08184513  -9.854289
0.4676799  -0.07871369  -9.95464
0.4913803  -0.07903535  -10.02502
0.51551026  -0.08971106  -10.065337
0.5437377  -0.10590065  -10.080158
0.57023746  -0.11191564  -10.081327
0.5880792  -0.09459811  -10.081542
0.59335464  -0.054807823  -10.081328
0.59199625  -0.007922556  -10.068093
0.5908386  0.032043647  -10.022366
0.59461236  0.05536273  -9.935174
0.6013002  0.06159087  -9.817609
0.6058143  0.05618751  -9.695371
0.59974736  0.04880601  -9.594815
0.57987374  0.046548333  -9.53043
0.54976946  0.053135697  -9.50579
0.51943046  0.06833236  -9.505113
0.49447146  0.089022905  -9.510701
0.4750065  0.11128611  -9.506283
0.45499483  0.13076828  -9.493539
0.43005955  0.14723255  -9.47968
0.400534  0.16027004  -9.473813
0.37068453  0.172792  -9.4820175
0.34345606  0.18901591  -9.506756
0.319391  0.21271197  -9.547905
0.2972336  0.24203782  -9.603924
0.2754402  0.2743812  -9.666295
0.2541105  0.30752954  -9.72096
0.23471506  0.34076944  -9.759953
0.21894671  0.37513137  -9.782423
0.20589983  0.4090638  -9.795013
0.19229273  0.44206527  -9.796656
0.17395431  0.4760069  -9.777584
0.15673497  0.5032077  -9.733555
0.14084937  0.5274762  -9.671318
0.12745829  0.5468039  -9.600871
0.11320903  0.57096463  -9.5222025
0.10331285  0.5960704  -9.429949
0.099880986  0.6209994  -9.32798
0.0976755  0.64564776  -9.228052
0.08708174  0.6693826  -9.1396
0.06846238  0.6858637  -9.059734
0.05081841  0.6877098  -8.980592
0.04306826  0.6711905  -8.901605
0.044954073  0.6420913  -8.832265
0.050441545  0.6081409  -8.786587
0.054909024  0.57858807  -8.770097
0.058471788  0.5584176  -8.777585
0.06471276  0.5462332  -8.7970495
0.07849956  0.5369349  -8.821919
0.10075144  0.5266551  -8.855941
0.12631346  0.51557857  -8.905717
0.1504662  0.5061257  -8.97224
0.17164636  0.49804112  -9.048488
0.19210173  0.490141  -9.126351
0.21242444  0.47979593  -9.201573
0.23236547  0.4661611  -9.272705
0.25117293  0.45055404  -9.339316
0.2665008  0.43347383  -9.401192
0.27663228  0.4142982  -9.456132
0.28114083  0.39046678  -9.501321
0.28274956  0.36302423  -9.532273
0.28414485  0.33281016  -9.54932
0.28632256  0.30163935  -9.555581
0.287092  0.2721814  -9.555938
0.2851067  0.24626546  -9.554176
0.28049114  0.22333741  -9.550092
0.27737096  0.19787973  -9.5456085
0.28000617  0.1658336  -9.547335
0.28325227  0.13948132  -9.556496
0.28577322  0.12155465  -9.566676
0.2850618  0.112796776  -9.571224
0.28519234  0.097363316  -9.574651
0.28256238  0.076058716  -9.584498
0.27515063  0.052805934  -9.600734
0.26227742  0.03319822  -9.6165495
0.24817319  0.01591468  -9.626449
0.23580797  -0.0024646865  -9.631161
0.22666156  -0.023416342  -9.633862
0.21877013  -0.042938534  -9.638259
0.209408  -0.055223245  -9.64565
0.19739659  -0.056136012  -9.653911
0.18406498  -0.048968118  -9.659801
0.1711778  -0.041935578  -9.664005
0.159687  -0.039583962  -9.669869
0.14978905  -0.040740293  -9.676137
0.14197193  -0.039088484  -9.675672
0.13707577  -0.034514174  -9.665618
0.13434897  -0.032095592  -9.646842
0.13217412  -0.035210162  -9.626624
0.12853248  -0.04161181  -9.6092825
0.12309795  -0.044471275  -9.598661
0.11712063  -0.041267894  -9.593459
0.11301165  -0.035184514  -9.590401
0.11240538  -0.03136986  -9.58736
0.11449277  -0.031598028  -9.585494
0.11881731  -0.033263087  -9.586238
0.1233981  -0.031184494  -9.589019
0.12734795  -0.024073662  -9.590859
0.12880965  -0.014905892  -9.591774
0.12686671  -0.008423406  -9.59309
0.12144581  -0.00695763  -9.594438
0.11522534  -0.006833253  -9.593666
0.11073833  -0.0036782026  -9.591798
0.10779012  0.0033688017  -9.592908
0.10423702  0.011135778  -9.600456
0.098869234  0.017506003  -9.611943
0.09343961  0.023359673  -9.621251
0.08862144  0.03016253  -9.623902
0.08464691  0.0362137  -9.620313
0.08064137  0.03983594  -9.614918
0.07649814  0.041549522  -9.6099205
0.07234388  0.043456063  -9.603638
0.068681635  0.0466267  -9.594499
0.0649229  0.05077744  -9.584303
0.059884775  0.054860923  -9.578254
0.05367915  0.057492808  -9.575923
0.047786523  0.057851713  -9.5756445
0.043252807  0.056197036  -9.575994
0.03992394  0.054333445  -9.578521
0.03772393  0.052144825  -9.584142
0.036153916  0.04958151  -9.592306
0.034787852  0.044722468  -9.601609
0.033993345  0.038325496  -9.6091795
0.033880595  0.033030864  -9.61573
0.033242006  0.030998478  -9.622668
0.031692803  0.031359162  -9.630485
0.029702714  0.029414142  -9.635802
0.02857971  0.023497058  -9.635608
0.027684258  0.014576826  -9.631767
0.026070783  0.0068698204  -9.628163
0.02288214  0.0027410297  -9.6274805
0.018691586  0.0016829548  -9.629158
0.015071928  -8.7226275E-4  -9.631296
0.012420802  -0.0063952785  -9.635064
0.010260443  -0.013218305  -9.640362
0.009155623  -0.017688496  -9.645972
0.009614837  -0.019078687  -9.650151
0.010501512  -0.0196136  -9.654033
0.009851723  -0.021276273  -9.65691
0.008332345  -0.024902053  -9.655643
0.0075715627  -0.029721694  -9.646842
0.0077927485  -0.03467689  -9.6356535
0.007629452  -0.0395226  -9.627902
0.0070060287  -0.04421602  -9.626323
0.0066103656  -0.04847284  -9.628058
0.0070031546  -0.050327715  -9.629786
0.007954516  -0.050113663  -9.631493
0.008648753  -0.04858045  -9.635117
0.009066009  -0.04724878  -9.640922
0.009516059  -0.046615493  -9.64834
0.01157235  -0.04668678  -9.653213
0.014579018  -0.047254425  -9.656444
0.017593198  -0.047540326  -9.6578665
0.019753413  -0.046961624  -9.65931
0.02115106  -0.046056986  -9.659488
0.021692872  -0.044132173  -9.657521
0.021288171  -0.04123161  -9.653047
0.021002823  -0.036701437  -9.647191
0.020783745  -0.030842008  -9.641578
0.019364158  -0.024556167  -9.636332
0.016724536  -0.019664505  -9.630641
0.013608103  -0.016635606  -9.625038
0.010587107  -0.013145663  -9.621289
0.006938645  -0.0069231777  -9.620963
0.0019048429  0.0014607292  -9.622387
-0.0034989354  0.008301579  -9.621736
-0.007755901  0.011288538  -9.615078
-0.011489534  0.010839128  -9.603514
-0.015119289  0.00952334  -9.591363
-0.018493354  0.008910339  -9.582169
-0.020326229  0.009487229  -9.576709
-0.020004107  0.010513701  -9.572945
-0.017898927  0.011156682  -9.570834
-0.013437639  0.01134139  -9.570565
-0.0067120926  0.0118855415  -9.573457
0.0018777321  0.014325344  -9.581046
0.011367391  0.018509692  -9.591673
0.021121917  0.021050269  -9.600055
0.02910628  0.020873906  -9.603194
0.034646403  0.017973341  -9.601813
0.037950885  0.015342957  -9.601352
0.039973196  0.013307348  -9.603462
0.042235583  0.011734714  -9.608323
0.04457268  0.010816314  -9.615032
0.046691615  0.010088279  -9.621933
0.048127946  0.010092591  -9.626508
0.04769513  0.010078882  -9.6276045
0.045029987  0.009675631  -9.626092
0.039386768  0.008090685  -9.623732
0.03201222  0.006011965  -9.62148
0.024643848  0.0040601357  -9.620305
0.018801762  0.0019464325  -9.619848
0.014825913  -3.13026E-4  -9.619206
0.011694101  -0.0038315959  -9.617591
0.00942934  -0.008431899  -9.615912
0.008765838  -0.014225331  -9.615975
0.009496775  -0.019034348  -9.61734
0.011103432  -0.020904193  -9.619377
0.013535549  -0.02045271  -9.62007
0.016612383  -0.019964717  -9.621128
0.0203093  -0.020096088  -9.623965
0.022788165  -0.018762844  -9.629211
0.025175741  -0.015658211  -9.637081
0.027561048  -0.0116827255  -9.644814
0.03052781  -0.008083757  -9.651073
0.032905173  -0.004424553  -9.653863
0.034283683  -5.8445E-4  -9.654084
0.03413908  0.0023260217  -9.65297
0.032741327  0.0042282254  -9.65071
0.029208794  0.0038414747  -9.647243
0.023158679  0.0019841047  -9.641674
0.014724872  -0.002532241  -9.633382
0.004923344  -0.007653137  -9.624821
-0.004372367  -0.0116787255  -9.619569
-0.011242646  -0.01207428  -9.618869
-0.015549462  -0.009918704  -9.6215925
-0.018544363  -0.007216664  -9.623063
-0.021020597  -0.005531994  -9.622487
-0.023691302  -0.004272833  -9.618618
-0.025686344  -0.0039863065  -9.6132555
-0.027139263  -0.0041934997  -9.608409
-0.027470404  -0.0053665186  -9.60442
-0.026481198  -0.0071479953  -9.603513
-0.023557985  -0.008942367  -9.60393
-0.018499507  -0.009494211  -9.605915
-0.012435999  -0.007801262  -9.607291
-0.006755143  -0.004483131  -9.608176
-0.0022718476  -9.7317E-4  -9.60924
0.0012899274  0.0017034543  -9.610454
0.004671339  0.0042428263  -9.611676
0.0071339346  0.0065948856  -9.612894
0.008666567  0.008877467  -9.6139345
0.009856618  0.010479349  -9.615143
0.012059218  0.010112606  -9.6150255
0.014721115  0.00800118  -9.613767
0.016658649  0.0045239455  -9.611186
0.017228404  0.0024304686  -9.60938
0.018150264  0.0015964065  -9.610355
0.019482343  0.002655157  -9.613602
0.021038441  0.003559862  -9.617766
0.021951912  0.0034280748  -9.620807
0.022572314  5.840272E-4  -9.623387
0.023791313  -0.0041273846  -9.626088
0.025456548  -0.008744419  -9.629899
0.02722166  -0.012756775  -9.635199
0.028941989  -0.01491614  -9.640399
0.03100311  -0.01554379  -9.643847
0.03369234  -0.01496392  -9.645362
0.036283087  -0.014489494  -9.646511
0.038115274  -0.014057293  -9.648387
0.037763238  -0.014069572  -9.649849
0.036484364  -0.013026744  -9.650428
0.035635225  -0.012420704  -9.650271
0.03589769  -0.011357803  -9.650163
0.03621034  -0.012212043  -9.652003
0.03558433  -0.013357124  -9.655461
0.033852626  -0.013887755  -9.659085
0.03164205  -0.012357864  -9.662396
0.029956182  -0.009363983  -9.663952
0.028802218  -0.0055758655  -9.66592
0.027665824  -0.0016464834  -9.666808
0.025628947  8.127238E-4  -9.668349
0.023170477  0.0022765899  -9.669846
0.021055741  0.0043229605  -9.670646
0.019340549  0.007891881  -9.670432
0.017376794  0.010630526  -9.66912
0.014804352  0.010955374  -9.667542
0.012687814  0.010111957  -9.66557
0.012093719  0.0103882635  -9.663306
0.011905688  0.01170573  -9.662373
0.011130169  0.0131856175  -9.664346
0.010050439  0.014953273  -9.667583
0.010352102  0.01655318  -9.669739
0.011334576  0.017414669  -9.669518
0.011578386  0.017101835  -9.669436
0.011334255  0.017041115  -9.670627
0.011230387  0.01782838  -9.672399
0.011201448  0.019387217  -9.673288
0.010718596  0.02021259  -9.672877
0.009119223  0.019766303  -9.672031
0.0072110235  0.019541986  -9.670272
0.005204149  0.019779189  -9.667792
0.0039556623  0.020647457  -9.664993
0.0030929223  0.021340318  -9.662759
0.0022639942  0.02153009  -9.661431
5.3019763E-4  0.021083942  -9.659879
-0.0011630962  0.021467408  -9.655435
-0.002583464  0.020862177  -9.64659
-0.003460656  0.019296663  -9.636072
-0.0044642026  0.015425381  -9.631074
-0.0058909613  0.014231474  -9.634629
-0.00696052  0.016786674  -9.64462
-0.005038559  0.020410383  -9.653453
-2.7525183E-4  0.02142877  -9.65508
0.0044867895  0.017588446  -9.6509905
0.0059581525  0.010939888  -9.646383
0.0049366197  0.0036706158  -9.647119
0.0041640685  -0.0016785121  -9.651534
0.005449941  -0.00549376  -9.655868
0.0076861023  -0.009282159  -9.657508
0.01071127  -0.013794762  -9.656802
0.013198244  -0.017330892  -9.656676
0.015371098  -0.018232213  -9.657725
0.017073028  -0.015537928  -9.659068
0.01814103  -0.012325205  -9.659867
0.018632188  -0.00856196  -9.659232
0.018035963  -0.0067920014  -9.657048
0.017128196  -0.0060881614  -9.654096
0.015481259  -0.008030382  -9.651921
0.013897714  -0.01075304  -9.650979
0.012323428  -0.013499455  -9.649484
0.011340107  -0.015032168  -9.646424
0.010632393  -0.015639773  -9.643804
0.009973324  -0.015665997  -9.64305
0.008448426  -0.015298533  -9.645374
0.0066633574  -0.014126599  -9.648237
0.005566662  -0.014136561  -9.649596
0.005267152  -0.01642875  -9.648688
