0.094276905  0.11267257  -9.59129
0.10370018  0.1231102  -9.5954275
0.11162188  0.13755709  -9.601022
0.11623334  0.1497366  -9.6012335
0.121646404  0.15657175  -9.606488
0.13109766  0.16005266  -9.619831
0.14254892  0.15961073  -9.641632
0.15530407  0.15895818  -9.656533
0.16813736  0.16010176  -9.659782
0.18094097  0.16187246  -9.660113
0.19339836  0.16443586  -9.6648035
0.20481692  0.1694627  -9.673842
0.21597819  0.1793677  -9.678506
0.22613871  0.19559807  -9.673522
0.23509263  0.21596341  -9.66148
0.24017154  0.23909378  -9.646045
0.23899591  0.2624333  -9.633246
0.22998226  0.2844012  -9.623805
0.21441169  0.30217975  -9.617488
0.1943581  0.3144737  -9.611536
0.17224486  0.32004684  -9.606483
0.14847158  0.32111743  -9.603639
0.12351385  0.3179678  -9.604131
0.09831089  0.31008437  -9.6065035
0.0739165  0.29755822  -9.608781
0.05133618  0.28210032  -9.611289
0.030937554  0.26642084  -9.614581
0.013813272  0.25153056  -9.619348
9.3355495E-4  0.23737474  -9.621958
-0.007847163  0.22330368  -9.623371
-0.013465998  0.20938613  -9.623569
-0.018563697  0.19622104  -9.625282
-0.024445998  0.18506156  -9.627326
-0.03235809  0.17724921  -9.628219
-0.041986287  0.17248124  -9.624385
-0.05464524  0.16913424  -9.616891
-0.07172898  0.1585847  -9.607101
-0.091417134  0.14153542  -9.599063
-0.11160829  0.11685511  -9.590322
-0.1308174  0.08920593  -9.581783
-0.15047382  0.057847466  -9.571128
-0.16980834  0.02160471  -9.554656
-0.18746881  -0.018963652  -9.5273905
-0.20294721  -0.06489843  -9.494477
-0.21596491  -0.11644826  -9.459709
-0.22880073  -0.17408879  -9.426394
-0.24330597  -0.2414719  -9.399119
-0.26320103  -0.32073745  -9.380761
-0.2837923  -0.41511297  -9.372913
-0.30493957  -0.5253129  -9.370208
-0.32340935  -0.64932984  -9.367558
-0.3466545  -0.78517866  -9.348591
-0.3616492  -0.9301131  -9.3294735
-0.37051067  -1.0863396  -9.3074465
-0.37644735  -1.2489486  -9.289117
-0.39406323  -1.4158216  -9.252864
-0.41642985  -1.5749149  -9.204091
-0.431563  -1.7216011  -9.150176
-0.44772688  -1.8581676  -9.09122
-0.4715365  -1.9853897  -9.026154
-0.50993145  -2.1025827  -8.952462
-0.56034404  -2.2045076  -8.8672495
-0.6252565  -2.295577  -8.775466
-0.70855325  -2.3766901  -8.680055
-0.807741  -2.4389505  -8.590604
-0.9252681  -2.4716995  -8.506284
-1.0569762  -2.4705346  -8.432087
-1.196047  -2.4305906  -8.365711
-1.3325806  -2.3581753  -8.303741
-1.4574162  -2.2604895  -8.243161
-1.5638952  -2.1416762  -8.188167
-1.6439357  -1.999496  -8.14136
-1.6941277  -1.8328813  -8.101865
-1.7109569  -1.6534796  -8.069251
-1.6977392  -1.4682145  -8.044253
-1.6556672  -1.2799073  -8.028874
-1.5851336  -1.0907129  -8.0237
-1.489158  -0.9051502  -8.033078
-1.3742733  -0.72778195  -8.058663
-1.2515478  -0.5551733  -8.0921335
-1.1235913  -0.3818594  -8.1257515
-0.9875993  -0.20428784  -8.157867
-0.8400132  -0.028619355  -8.183436
-0.68019396  0.13717553  -8.204656
-0.51578754  0.28843784  -8.218892
-0.3443009  0.4267795  -8.23056
-0.16984701  0.5529814  -8.240037
0.01270099  0.66738033  -8.265678
0.18120117  0.7689888  -8.293939
0.33367285  0.86436796  -8.332067
0.46889743  0.9570064  -8.372975
0.6032935  1.0532156  -8.432366
0.72900766  1.1453314  -8.502549
0.83513975  1.2286109  -8.575279
0.9273734  1.3070787  -8.65428
1.0159065  1.3889089  -8.7332735
1.114029  1.4788748  -8.809672
1.2274499  1.5739671  -8.881679
1.3639725  1.6763285  -8.944897
1.5342907  1.7889289  -8.99424
1.7400659  1.9042143  -9.0177
1.9832759  2.011427  -9.020757
2.2485735  2.098603  -9.008166
2.521119  2.1489518  -8.99608
2.7744772  2.1484158  -9.000213
2.9991777  2.0833588  -9.023121
3.2040756  1.9564991  -9.037745
3.4032395  1.7914158  -9.01842
3.602905  1.6225104  -8.976042
3.774577  1.4867435  -8.942558
3.9009511  1.3979559  -8.935166
3.9738529  1.352323  -8.934946
4.0011463  1.3387288  -8.915807
3.9944084  1.3464817  -8.866038
3.9624195  1.372558  -8.7984915
3.9168532  1.4050651  -8.730998
3.8599951  1.4294065  -8.683835
3.7903507  1.4401017  -8.654756
3.7112095  1.4491  -8.642882
3.630498  1.4742908  -8.629319
3.5529797  1.528492  -8.61056
3.4704545  1.6158866  -8.599147
3.3763208  1.7383094  -8.605457
3.2662895  1.8926421  -8.627046
3.149826  2.0727112  -8.645041
3.0369158  2.2684917  -8.650483
2.9359958  2.4727058  -8.64226
2.842541  2.6815946  -8.624995
2.7507775  2.8973062  -8.596578
2.65602  3.1190693  -8.559202
2.5650146  3.338976  -8.510201
2.476868  3.5488205  -8.459487
2.3791656  3.7491417  -8.39591
2.2595732  3.946109  -8.312164
2.1132662  4.145288  -8.204333
1.9458688  4.3427086  -8.084952
1.7645975  4.533005  -7.9750304
1.5784677  4.70715  -7.881027
1.410058  4.8651586  -7.8047996
1.264511  5.0167603  -7.735947
1.1536385  5.174862  -7.6841426
1.0692004  5.360596  -7.6367965
0.9893422  5.585266  -7.6059394
0.877953  5.8321557  -7.5935593
0.71388793  6.0639243  -7.5944448
0.5231764  6.2415605  -7.580448
0.33588418  6.363266  -7.5322623
0.16609496  6.4382634  -7.4702916
0.0100039  6.482202  -7.4232116
-0.13677631  6.5089493  -7.398455
-0.27055666  6.5329666  -7.3817596
-0.3934339  6.568606  -7.357708
-0.5051499  6.631737  -7.31847
-0.6055675  6.7269864  -7.267034
-0.70058894  6.849463  -7.203625
-0.7964418  6.980021  -7.138729
-0.8929386  7.09954  -7.079023
-0.9795053  7.198654  -7.015627
-1.0579946  7.2771187  -6.937166
-1.1322297  7.3481727  -6.8347664
-1.2019941  7.4215493  -6.70935
-1.2532166  7.5034223  -6.5712914
-1.2917743  7.5844884  -6.4282265
-1.3300567  7.664553  -6.2921777
-1.3748368  7.7381988  -6.1628585
-1.4134312  7.797445  -6.0479407
-1.4439493  7.836207  -5.951271
-1.4674889  7.853159  -5.8676867
-1.4442436  7.8443723  -5.8006516
-1.3804649  7.801044  -5.7615476
-1.2721629  7.7234683  -5.761343
-1.1618104  7.6289864  -5.7961907
-1.0343931  7.5279403  -5.8525105
-0.89755696  7.425221  -5.913325
-0.7594232  7.3260784  -5.9791245
-0.6105273  7.2245445  -6.039655
-0.44938937  7.1231627  -6.0777836
-0.28048694  7.014675  -6.102988
-0.12372038  6.9039016  -6.134436
0.03300171  6.7950273  -6.195626
0.2106133  6.7054157  -6.2703815
0.42222002  6.6551075  -6.3410487
0.6649216  6.6367555  -6.400332
0.9359843  6.639631  -6.441465
1.2133999  6.6409907  -6.4580092
1.4720951  6.6247525  -6.4593105
1.6898408  6.5713496  -6.4528527
1.8714927  6.471247  -6.4480534
2.0198781  6.323609  -6.4376884
2.1498592  6.1411004  -6.4298787
2.289298  5.9389377  -6.446672
2.461946  5.725155  -6.49077
2.6689749  5.525228  -6.5674014
2.8714752  5.34618  -6.674099
3.0478728  5.2159004  -6.8141637
3.183255  5.126285  -6.950723
3.289756  5.0633674  -7.0799546
3.361901  4.9988437  -7.204553
3.4237607  4.9147563  -7.346232
3.5022862  4.8085785  -7.4894276
3.6093872  4.6946177  -7.621433
3.7329798  4.5945716  -7.7219777
3.8576584  4.5294213  -7.780575
3.9820545  4.500138  -7.795141
4.066592  4.3931975  -7.7993007
4.0977764  4.1983986  -7.830063
4.087225  3.9168904  -7.8944244
4.0953765  3.6569862  -7.982572
4.1290874  3.4414256  -8.102265
4.1686587  3.2823417  -8.268198
4.182877  3.158415  -8.44453
4.156155  3.0543091  -8.592266
4.097347  2.9565713  -8.693105
4.022606  2.8727567  -8.77385
3.956994  2.7935803  -8.844647
3.9102795  2.710303  -8.903229
3.868426  2.6095495  -8.9481
3.8169804  2.475825  -8.972454
3.747344  2.3149188  -8.983521
3.6618702  2.1463811  -8.988155
3.5782845  2.0052705  -8.997308
3.512562  1.906238  -9.015769
3.4763973  1.845171  -9.047556
3.4491825  1.783987  -9.093918
3.4211285  1.7064657  -9.157653
3.3857276  1.6201385  -9.224977
3.3419886  1.5544786  -9.266707
3.2743442  1.5106297  -9.273803
3.1769848  1.4540693  -9.237834
3.0638344  1.4114128  -9.168702
2.965606  1.3703275  -9.078748
2.9171724  1.3394445  -9.022672
2.9251728  1.2815565  -9.012688
2.980957  1.2158213  -9.026135
3.0468862  1.1804515  -9.0213995
3.1004589  1.1795021  -9.018626
3.1417043  1.1888146  -9.0348425
3.1761305  1.172512  -9.080672
3.2133007  1.1231838  -9.143805
3.2501771  1.0575806  -9.2241335
3.286787  1.1013366  -9.29733
3.349366  1.2665435  -9.338822
3.4173667  1.527203  -9.3604355
3.4754493  1.7346992  -9.384759
3.4843476  1.8504397  -9.374776
3.446147  1.8842474  -9.284971
3.3695076  1.8973418  -9.135135
3.2720032  1.921587  -8.994666
3.1638038  1.9735817  -8.906028
3.0673666  2.032935  -8.849374
3.0020387  2.0806415  -8.799706
2.9678707  2.0971804  -8.765855
2.9514256  2.082796  -8.756478
2.9211743  2.0698898  -8.779009
2.8653724  2.079559  -8.815048
2.7722275  2.102194  -8.8523855
2.6525242  2.1125789  -8.900275
2.5252411  2.1019642  -8.966901
2.4058619  2.0838995  -9.044438
2.3137784  2.0957344  -9.095941
2.246713  2.1335752  -9.094104
2.1975985  2.169782  -9.066262
2.1492856  2.1521988  -9.063077
2.0859041  2.129606  -9.114795
2.0162597  2.1344855  -9.190324
1.973946  2.135211  -9.259681
1.9712762  2.0804703  -9.303204
1.987491  1.9588736  -9.317634
1.9705426  1.8369385  -9.302276
1.9148502  1.7202821  -9.259161
1.832441  1.6014975  -9.253554
1.7571225  1.4672523  -9.294242
1.6932317  1.3287244  -9.383688
1.6435771  1.1995579  -9.471145
1.5900105  1.0860983  -9.540135
1.5278963  0.9791076  -9.59257
1.4746381  0.86796397  -9.636203
1.4364408  0.7574884  -9.661424
1.4171463  0.6574385  -9.640052
1.3745061  0.5821765  -9.543869
1.2973737  0.5303132  -9.405986
1.1999998  0.50497884  -9.27939
1.1027266  0.49792624  -9.185081
1.0136737  0.48488006  -9.107316
0.85907346  0.42636308  -9.027875
0.6270864  0.30581462  -8.981568
0.35055378  0.14356543  -9.030904
0.0975706  -0.023697302  -9.167558
-0.13031945  -0.18860345  -9.287107
-0.35647187  -0.34949788  -9.328659
-0.57112396  -0.4973751  -9.292573
-0.74289507  -0.6313677  -9.2429
-0.880886  -0.7691551  -9.180935
-1.0076766  -0.92292947  -9.1013975
-1.13213  -1.0806526  -9.019577
-1.2517486  -1.2202187  -8.970435
-1.3545243  -1.3282585  -8.980237
-1.4474369  -1.4046903  -9.028075
-1.5451978  -1.4429625  -9.065797
-1.6399785  -1.4899864  -9.059818
-1.7355078  -1.5558249  -9.0298
-1.8433465  -1.6366348  -8.990646
-1.9730679  -1.6995682  -8.95726
-2.112479  -1.7451707  -8.93463
-2.2271378  -1.7917517  -8.936324
-2.3169937  -1.828451  -8.976834
-2.3833277  -1.8471273  -9.004598
-2.4551988  -1.8486847  -8.985714
-2.5382426  -1.8465791  -8.907126
-2.6346903  -1.8465341  -8.815166
-2.7245998  -1.8485578  -8.752727
-2.8027182  -1.8494216  -8.730742
-2.882698  -1.8446045  -8.7473955
-2.9749594  -1.8378617  -8.797254
-3.0789766  -1.8193994  -8.880477
-3.1690152  -1.7815825  -9.005585
-3.2264938  -1.7171961  -9.166821
-3.2478783  -1.6548076  -9.347384
-3.2350376  -1.6309156  -9.528686
-3.2031727  -1.6348444  -9.70103
-3.0949867  -1.6279467  -9.853699
-2.9225743  -1.5748062  -9.949524
-2.734493  -1.4792243  -9.93472
-2.6024125  -1.3586698  -9.807776
-2.5093324  -1.2189456  -9.674632
-2.401759  -1.0838889  -9.608985
-2.2780523  -0.9833021  -9.631821
-2.1657073  -0.9077442  -9.690281
-2.0638192  -0.8332257  -9.767006
-1.9675179  -0.7424827  -9.852632
-1.8744377  -0.6548832  -9.923869
-1.7926372  -0.582648  -9.967034
-1.7272792  -0.5182776  -9.985663
-1.6742845  -0.45532605  -9.991035
-1.6299092  -0.39116514  -9.993183
-1.5890746  -0.32802582  -9.99108
-1.5524496  -0.26784453  -9.989928
-1.5187497  -0.21393031  -10.001241
-1.4885756  -0.16694915  -10.022566
-1.4611727  -0.12554465  -10.0440855
-1.4369121  -0.089173675  -10.053467
-1.4146506  -0.06381675  -10.051488
-1.3913689  -0.059682865  -10.037917
-1.364113  -0.06796587  -10.024383
-1.3341919  -0.075833224  -10.018756
-1.306204  -0.07041823  -10.024929
-1.2832372  -0.06006187  -10.031895
-1.2649306  -0.055023015  -10.033116
-1.2493907  -0.06425465  -10.029534
-1.2354565  -0.091501035  -10.025589
-1.2211255  -0.13737057  -10.022805
-1.2056082  -0.19921334  -10.020236
-1.1894588  -0.27221122  -10.017002
-1.1728841  -0.34807256  -10.013137
-1.1541948  -0.4191859  -10.010945
-1.1343325  -0.48127595  -10.010268
-1.113163  -0.531734  -10.011088
-1.0921205  -0.57040983  -10.011365
-1.0715958  -0.5977387  -10.011715
-1.0532981  -0.61763716  -10.01334
-1.0378547  -0.63281935  -10.016985
-1.025735  -0.6453161  -10.020381
-1.0167902  -0.65645486  -10.022782
-1.0084618  -0.67606014  -10.024525
-1.0033963  -0.7008483  -10.027
-1.0012041  -0.7251985  -10.023803
-1.006514  -0.7395673  -10.020416
-1.0157493  -0.7493768  -10.024091
-1.0252366  -0.7625328  -10.034886
-1.0302174  -0.77971727  -10.041408
-1.0269974  -0.79986787  -10.036695
-1.0185318  -0.8194866  -10.030864
-1.0071192  -0.8361319  -10.030706
-0.9963092  -0.8488237  -10.033656
-0.9878617  -0.8576595  -10.037491
-0.98285174  -0.8657424  -10.040467
-0.9810162  -0.8740986  -10.043887
-0.982362  -0.8834571  -10.045655
-0.9854591  -0.8921812  -10.046617
-0.98891234  -0.89988595  -10.047214
-0.9887739  -0.9071118  -10.04713
-0.98342186  -0.9142367  -10.046153
-0.97297144  -0.92064255  -10.046505
-0.9590053  -0.92524034  -10.0489235
-0.9434409  -0.9272035  -10.052089
-0.92641187  -0.92670935  -10.054097
-0.90928197  -0.9236789  -10.055245
-0.8918369  -0.91916484  -10.055692
-0.8751436  -0.91447896  -10.055636
-0.8587701  -0.909647  -10.054444
-0.8437228  -0.9052209  -10.053381
-0.82960176  -0.90008307  -10.053142
-0.8167262  -0.8951939  -10.054733
-0.8047597  -0.89038867  -10.058679
-0.7942751  -0.88671684  -10.063174
-0.78574115  -0.88375384  -10.066878
-0.77964026  -0.8816109  -10.067773
-0.774879  -0.8816195  -10.067821
-0.77029675  -0.8846665  -10.067932
-0.76408726  -0.89053303  -10.06777
-0.7565113  -0.89690894  -10.065967
-0.7479317  -0.9023773  -10.063098
-0.73800206  -0.90592146  -10.061199
-0.72613627  -0.90735227  -10.061134
-0.7118235  -0.9059318  -10.062339
-0.6966233  -0.90242624  -10.063675
-0.6822602  -0.8974369  -10.064462
-0.67035407  -0.8921809  -10.064457
-0.66072226  -0.8871055  -10.064483
-0.65227616  -0.88177913  -10.064183
-0.64458096  -0.8763941  -10.063231
-0.63748336  -0.8713649  -10.061895
-0.6318125  -0.8670561  -10.062364
-0.6279097  -0.863406  -10.063774
-0.62590605  -0.86107874  -10.065456
-0.62552977  -0.859679  -10.065158
-0.6273349  -0.8583341  -10.065071
-0.63162154  -0.8559589  -10.066239
-0.6380557  -0.85338753  -10.068814
-0.64459807  -0.8514819  -10.070668
-0.6500582  -0.8498357  -10.071609
-0.6546175  -0.84770316  -10.072576
-0.65898484  -0.8451236  -10.073916
-0.6640392  -0.8422801  -10.07466
-0.6695773  -0.8385803  -10.074493
-0.67495775  -0.8341134  -10.074396
-0.67983794  -0.8297477  -10.074128
-0.68386847  -0.82586557  -10.073365
-0.68754107  -0.82194185  -10.071557
-0.69063634  -0.8168493  -10.069624
-0.6939531  -0.81075287  -10.068088
-0.69753987  -0.80411893  -10.066685
-0.7016192  -0.7977471  -10.065511
-0.70602584  -0.7915693  -10.064167
-0.7111607  -0.7843814  -10.062589
-0.7161992  -0.776539  -10.061496
-0.7207807  -0.76890755  -10.061793
-0.72420603  -0.7613819  -10.063534
-0.72730446  -0.7544799  -10.064903
-0.7306103  -0.7476277  -10.0665045
-0.73577666  -0.7424665  -10.0685835
-0.7432606  -0.73902446  -10.070849
-0.75267833  -0.7371948  -10.072667
-0.76183885  -0.736737  -10.073986
-0.77105886  -0.73705274  -10.075001
-0.78076726  -0.73822546  -10.074846
-0.79082185  -0.74038786  -10.074226
-0.80021554  -0.742441  -10.074067
-0.8076307  -0.7442692  -10.072983
-0.8117941  -0.7453406  -10.071755
-0.8126959  -0.74506664  -10.071263
-0.8111345  -0.74305993  -10.072517
-0.80837387  -0.7394006  -10.073149
-0.8055636  -0.734251  -10.07149
-0.8027505  -0.72860605  -10.06887
-0.80065805  -0.72270447  -10.067085
-0.79938555  -0.71804875  -10.066051
-0.7992875  -0.7139897  -10.064635
-0.8005498  -0.7100354  -10.062576
-0.8019714  -0.7061649  -10.060747
-0.8029279  -0.70306  -10.059827
-0.80409265  -0.700789  -10.059753
-0.80559486  -0.6984207  -10.059783
-0.80723214  -0.69590193  -10.06083
-0.8087302  -0.69468576  -10.062182
-0.81083244  -0.6938614  -10.063602
-0.8129522  -0.69274825  -10.063964
-0.814688  -0.6903928  -10.063553
-0.8150771  -0.6887858  -10.063304
-0.8145902  -0.6876602  -10.063373
-0.8132057  -0.6872771  -10.064462
-0.81196123  -0.6876165  -10.066043
-0.8117063  -0.6888313  -10.06789
-0.8122201  -0.69069606  -10.068494
-0.8127635  -0.6920161  -10.069052
-0.81317085  -0.69244534  -10.069026
-0.8118546  -0.6924607  -10.068744
-0.80796856  -0.691662  -10.067725
-0.8010258  -0.6903209  -10.066566
-0.7937896  -0.68714887  -10.064944
-0.7875948  -0.68339044  -10.062699
-0.78264207  -0.6787078  -10.061252
-0.77877665  -0.6732478  -10.061473
-0.7748367  -0.6670358  -10.062737
-0.7712955  -0.66181755  -10.064809
-0.7682975  -0.6572145  -10.066281
-0.767217  -0.6533093  -10.066287
-0.76717263  -0.64947504  -10.064387
-0.76745576  -0.64706933  -10.061881
-0.7666004  -0.64661765  -10.060825
-0.7654461  -0.6474245  -10.060769
-0.7638692  -0.6487364  -10.062587
-0.7617801  -0.64845794  -10.064589
-0.7591743  -0.6471384  -10.066867
-0.756793  -0.6453696  -10.067952
-0.7552645  -0.6437443  -10.069377
-0.7539261  -0.64256907  -10.070016
-0.7519974  -0.6410248  -10.070628
-0.7494552  -0.63972026  -10.070904
-0.7469128  -0.63819337  -10.07087
-0.7445355  -0.635662  -10.070707
-0.7419718  -0.6337388  -10.069655
-0.73870593  -0.6321292  -10.06879
-0.73398906  -0.63145286  -10.068217
-0.7292044  -0.6294174  -10.068648
-0.7243785  -0.6268999  -10.0691595
-0.7197609  -0.62422246  -10.068795
-0.71490365  -0.6210238  -10.068286
-0.71058923  -0.61723906  -10.067044
-0.7079124  -0.61346644  -10.06631
-0.7069183  -0.61032337  -10.064279
-0.7066128  -0.6077904  -10.062451
-0.707592  -0.60569733  -10.060989
-0.71051675  -0.60462725  -10.060671
-0.71586657  -0.6046199  -10.060461
-0.7213245  -0.6055845  -10.061229
-0.7253862  -0.6070505  -10.062951
-0.72705036  -0.60882396  -10.06528
-0.7263072  -0.6102008  -10.06552
-0.7235996  -0.61031467  -10.064313
-0.7203674  -0.60793585  -10.062373
-0.7174154  -0.6040031  -10.061194
-0.71446234  -0.60000354  -10.060813
-0.71119905  -0.5971619  -10.061311
-0.70834464  -0.5951545  -10.062893
-0.7067774  -0.5927024  -10.064094
-0.7061567  -0.58938915  -10.064542
-0.70621324  -0.58447903  -10.062812
-0.7068228  -0.58027107  -10.061641
-0.7071549  -0.57603097  -10.061564
-0.7062521  -0.5719843  -10.064044
-0.7041316  -0.56624323  -10.066425
-0.70156366  -0.5592766  -10.068963
-0.69919705  -0.5523378  -10.070987
-0.6977844  -0.54679734  -10.072574
-0.6983056  -0.5432205  -10.073058
-0.7000251  -0.5407869  -10.072455
-0.70202106  -0.53769875  -10.071866
-0.70384574  -0.5350412  -10.071939
-0.7067066  -0.53303105  -10.073254
-0.71083516  -0.532291  -10.074983
-0.7162457  -0.5305008  -10.077386
-0.72118783  -0.52758837  -10.078803
-0.7259447  -0.5237832  -10.079244
-0.7290395  -0.52027726  -10.07931
-0.73065025  -0.51739806  -10.079541
-0.73015434  -0.51470923  -10.080834
-0.7290016  -0.51251  -10.082106
-0.72710514  -0.51029235  -10.084184
-0.72398996  -0.5084165  -10.085774
-0.7191842  -0.50574404  -10.086808
-0.7135946  -0.5029389  -10.086402
-0.7076552  -0.50024796  -10.086287
-0.70223236  -0.4986552  -10.085886
-0.69783205  -0.49833664  -10.086587
-0.6948652  -0.4999633  -10.087968
-0.6931319  -0.5031994  -10.090241
-0.692256  -0.5071589  -10.091805
-0.69169456  -0.5108044  -10.092373
-0.69081336  -0.5140565  -10.091819
-0.69026494  -0.5166681  -10.090702
-0.6897483  -0.51954585  -10.08954
-0.6891224  -0.52257556  -10.088326
-0.68793565  -0.52544105  -10.087227
-0.6871331  -0.52730876  -10.085835
-0.686603  -0.52887887  -10.0843725
-0.6853331  -0.5311106  -10.082434
-0.6828575  -0.53487945  -10.079562
-0.6806388  -0.5392584  -10.076035
-0.6793523  -0.5436682  -10.07285
-0.67766494  -0.54626244  -10.070654
-0.67520165  -0.5468994  -10.069959
-0.6726044  -0.5457105  -10.069737
-0.6706495  -0.5446285  -10.069583
-0.6684138  -0.54451644  -10.06857
-0.66557926  -0.54515004  -10.06744
-0.66132206  -0.54635024  -10.066816
-0.65516645  -0.54842204  -10.066552
-0.64794207  -0.5517787  -10.066549
-0.6402873  -0.5559698  -10.066087
-0.6341727  -0.5602749  -10.066081
-0.6290741  -0.56417555  -10.066907
-0.62517285  -0.56747013  -10.068267
-0.62232417  -0.56982946  -10.068873
-0.62065053  -0.57172257  -10.067721
-0.62047297  -0.5732774  -10.065789
-0.6212922  -0.57528096  -10.065086
-0.6232368  -0.57701695  -10.065398
-0.6258914  -0.57790637  -10.06543
-0.62855756  -0.5776434  -10.065286
-0.6304632  -0.5760252  -10.064844
-0.6324349  -0.5729148  -10.063919
-0.6333223  -0.5688438  -10.06255
-0.6327312  -0.5644699  -10.062791
-0.63028604  -0.5605202  -10.064807
-0.62742394  -0.5558698  -10.067601
-0.624363  -0.55117697  -10.06977
-0.62221813  -0.54591304  -10.072021
-0.6210945  -0.5413804  -10.074312
-0.62099224  -0.5384505  -10.076293
-0.6205036  -0.5371561  -10.077108
-0.62039304  -0.53773516  -10.076306
-0.6214211  -0.53807455  -10.075024
-0.62386394  -0.5383525  -10.074421
-0.6260467  -0.5382986  -10.074781
-0.6278601  -0.53869456  -10.074422
-0.62943953  -0.53963447  -10.073925
-0.6303587  -0.54049426  -10.073139
-0.6305768  -0.5415317  -10.073517
-0.6296919  -0.54272443  -10.073851
-0.6301714  -0.5424753  -10.07495
-0.6312843  -0.5417316  -10.075729
-0.634321  -0.5406608  -10.07584
-0.63849413  -0.541385  -10.074899
-0.64489985  -0.5416444  -10.074313
-0.6528984  -0.5421768  -10.074941
-0.6614556  -0.54139966  -10.076119
-0.6691782  -0.5411096  -10.0759
-0.6758216  -0.54100585  -10.07467
-0.6810241  -0.54149514  -10.0730295
-0.6845606  -0.54167765  -10.071677
-0.68661445  -0.5410643  -10.070179
-0.68689924  -0.5394396  -10.068526
-0.6857231  -0.5369391  -10.0676985
-0.68318105  -0.53373057  -10.067878
-0.68035096  -0.53053147  -10.068578
-0.677845  -0.5288898  -10.070001
-0.67536825  -0.5286153  -10.07156
-0.6737122  -0.52904516  -10.072978
-0.6736577  -0.5295822  -10.07283
-0.6755312  -0.5306741  -10.071659
-0.6792025  -0.5341693  -10.07021
-0.6834381  -0.53806806  -10.069756
-0.68808573  -0.54259866  -10.069275
-0.69183236  -0.54593045  -10.068671
-0.6948838  -0.54952973  -10.068264
-0.69633913  -0.5527356  -10.068943
-0.69602203  -0.55549306  -10.070302
-0.6941771  -0.55752355  -10.071692
-0.69173366  -0.5585542  -10.0729685
-0.6896197  -0.55885  -10.074832
-0.68815905  -0.5580324  -10.076853
-0.68801117  -0.557062  -10.078219
-0.688344  -0.5569663  -10.078944
-0.6879856  -0.5577528  -10.07898
-0.6869281  -0.5585274  -10.079254
-0.6847434  -0.5592582  -10.079307
-0.68237454  -0.55935246  -10.079437
-0.67726594  -0.5579302  -10.079505
-0.67111164  -0.5542993  -10.0805435
-0.6634056  -0.5508294  -10.082183
-0.6557669  -0.5478943  -10.083164
-0.6472349  -0.5464547  -10.082173
-0.6393199  -0.54395694  -10.081515
-0.6326894  -0.54154557  -10.082228
-0.62770176  -0.53991646  -10.084812
-0.62475854  -0.5401215  -10.087256
-0.62272465  -0.541853  -10.089208
-0.62142545  -0.54335994  -10.089466
-0.6192282  -0.5454841  -10.0886755
-0.6163382  -0.54819316  -10.088388
-0.6115315  -0.55181086  -10.089615
-0.60645944  -0.55143887  -10.090426
-0.598236  -0.5471683  -10.091373
-0.5829308  -0.5430867  -10.092408
-0.5572723  -0.5439907  -10.091964
-0.52469796  -0.5460648  -10.085797
-0.48967555  -0.54174715  -10.071728
-0.45138988  -0.533262  -10.050483
-0.40816844  -0.52649397  -10.025107
-0.36254057  -0.5265395  -10.002234
-0.31979  -0.52957445  -9.990558
-0.28584012  -0.527514  -9.997247
-0.25705612  -0.5166307  -10.024581
-0.22930539  -0.5006388  -10.065785
-0.19757886  -0.4872705  -10.112591
-0.16244161  -0.47814667  -10.155208
-0.1225492  -0.4692204  -10.188034
-0.07542926  -0.4561225  -10.205924
-0.017181138  -0.439548  -10.209157
0.052648086  -0.42211708  -10.201409
0.1346941  -0.4073967  -10.186127
0.22813891  -0.39891008  -10.160594
0.32673874  -0.39285865  -10.126004
0.41749206  -0.38511875  -10.087054
0.48900947  -0.36977443  -10.050057
0.5417638  -0.35082912  -10.01442
0.58680654  -0.33338943  -9.975165
0.6332972  -0.31889448  -9.931166
0.6852239  -0.3030803  -9.888415
0.7450982  -0.2816601  -9.855998
0.81333715  -0.25354594  -9.838635
0.8913594  -0.21923673  -9.833869
0.9776199  -0.1784023  -9.834438
1.0717708  -0.13169795  -9.835247
1.172712  -0.08121412  -9.834027
1.2783724  -0.032512777  -9.8310585
1.3822002  0.007212467  -9.829372
1.4739885  0.023003226  -9.85366
1.5376428  -0.007365694  -9.921916
1.5802813  -0.079469256  -10.030396
1.6072592  -0.15870653  -10.112988
1.6283027  -0.21294676  -10.14005
1.6347977  -0.23716491  -10.104079
1.6229302  -0.24603455  -10.05067
1.5925938  -0.24276358  -10.008902
1.545952  -0.23047282  -9.997523
1.4891148  -0.21308692  -10.008971
1.4270018  -0.19714306  -10.012914
1.3577267  -0.18215919  -9.986259
1.2790769  -0.16402285  -9.929011
1.1931618  -0.13537961  -9.854679
1.1054068  -0.09783169  -9.777896
1.0183796  -0.06271974  -9.708457
0.93153495  -0.041951794  -9.654732
0.84206533  -0.039122645  -9.62292
0.7500129  -0.050913315  -9.612834
0.6540084  -0.071340896  -9.618642
0.5525522  -0.09312566  -9.636738
0.44929504  -0.11546763  -9.65958
0.35496128  -0.13976312  -9.683007
0.28235832  -0.17072463  -9.704402
0.23114556  -0.2025141  -9.728158
0.18290126  -0.1984595  -9.760674
0.13592477  -0.1730718  -9.802315
0.091587596  -0.14210506  -9.849293
0.05562624  -0.14341138  -9.898302
0.018072596  -0.15833719  -9.952736
-0.022848248  -0.17299534  -10.018761
-0.06243043  -0.18358989  -10.100787
-0.09651024  -0.19361515  -10.20076
-0.13019155  -0.20448822  -10.307153
-0.1687391  -0.21268553  -10.39577
-0.21273726  -0.20947695  -10.437331
-0.25382364  -0.18078016  -10.402937
-0.28155625  -0.09756253  -10.295586
-0.296865  0.025779607  -10.150288
-0.29887265  0.14807223  -10.067459
-0.2885742  0.22315751  -10.097546
-0.2619772  0.24349205  -10.24949
-0.21933496  0.18714313  -10.440378
-0.17008795  0.059706528  -10.600662
-0.12657584  -0.10611298  -10.683247
-0.105182  -0.2452449  -10.69325
-0.10409691  -0.33870813  -10.663225
-0.1167477  -0.3982972  -10.621411
-0.1390238  -0.43777344  -10.577587
-0.17105193  -0.4691392  -10.524962
-0.2046826  -0.49845698  -10.45491
-0.2279377  -0.5260391  -10.367612
-0.23634143  -0.5477716  -10.270652
-0.21403702  -0.59231776  -10.193067
-0.15105374  -0.67605644  -10.150722
-0.04969125  -0.79505247  -10.156291
0.06195644  -0.9015379  -10.19902
0.16474581  -0.94771147  -10.273605
0.25910142  -0.9163177  -10.361354
0.35552904  -0.82783824  -10.436484
0.46312818  -0.7225582  -10.510415
0.5898824  -0.66663516  -10.6363325
0.75691766  -0.7110494  -10.790278
0.9214976  -0.8270221  -10.904953
1.054768  -0.94418216  -10.91516
1.1272097  -0.9977233  -10.84908
1.1657695  -1.0064329  -10.756433
1.171133  -0.998741  -10.654704
1.1259997  -0.9926286  -10.545649
1.0332365  -0.9951233  -10.434234
0.91588134  -1.0060009  -10.336819
0.79561406  -1.0196732  -10.27105
0.6794756  -1.0338105  -10.233409
0.5637893  -1.0527323  -10.202076
0.43914795  -1.0609277  -10.156144
0.30154672  -1.048612  -10.074479
0.153851  -1.0103029  -9.946719
0.01382596  -0.95872945  -9.782346
-0.10870131  -0.8619873  -9.624888
-0.20174031  -0.71818525  -9.517058
-0.25663948  -0.5502088  -9.4742365
-0.2639726  -0.41810337  -9.479594
-0.23099892  -0.33850548  -9.515042
-0.16776073  -0.29804274  -9.57251
-0.08179907  -0.27801237  -9.651246
0.020069754  -0.2607277  -9.75937
0.11142946  -0.19822288  -9.906265
0.19608183  -0.109601565  -10.094811
0.28031042  -0.005665038  -10.311285
0.36558974  0.102407224  -10.519369
0.41932034  0.24916665  -10.685603
0.42883182  0.43364742  -10.775299
0.4175335  0.6011055  -10.7755575
0.40905824  0.698353  -10.691756
0.4006734  0.70744675  -10.572907
0.38186345  0.6523916  -10.479163
0.34674764  0.57641107  -10.433789
0.30465868  0.5153153  -10.401329
0.22567685  0.5256496  -10.393989
0.12781759  0.57912195  -10.430259
0.010916591  0.6368948  -10.517467
-0.0975385  0.6261479  -10.596162
-0.21332566  0.5664241  -10.621545
-0.32233825  0.49050212  -10.598931
-0.40252176  0.42387375  -10.5509615
-0.46355888  0.3811139  -10.480361
-0.5175986  0.35956618  -10.38422
-0.5666762  0.3487086  -10.2654915
-0.5900417  0.33617386  -10.154609
-0.5853229  0.31810153  -10.078668
-0.53956777  0.2573099  -10.061218
-0.4172943  0.119482815  -10.121896
-0.2336601  -0.07497186  -10.2486
-0.039865408  -0.24989362  -10.402835
0.106476806  -0.33255088  -10.53021
0.21552359  -0.32243344  -10.602826
0.31884426  -0.2516731  -10.624872
0.43725958  -0.15464117  -10.649085
0.61050224  -0.11641267  -10.759227
0.8002953  -0.14508104  -10.913936
0.9679044  -0.2283373  -11.035492
1.0601635  -0.29056624  -11.027798
1.1186844  -0.36191216  -10.921163
1.1542631  -0.42948273  -10.773053
1.1605495  -0.49258193  -10.636042
1.1020383  -0.518919  -10.527873
0.9848698  -0.5372658  -10.443252
0.8302633  -0.55434227  -10.377114
0.6684926  -0.56124955  -10.336464
0.51248604  -0.55272096  -10.313316
0.36324248  -0.52954745  -10.281131
0.2136731  -0.4985664  -10.222306
0.061412852  -0.46458915  -10.124162
-0.09518993  -0.43427107  -9.981338
-0.2451061  -0.40420055  -9.804199
-0.3635776  -0.36891624  -9.6275625
-0.42888534  -0.32536116  -9.496288
-0.43201026  -0.2799601  -9.435196
-0.3867102  -0.24160455  -9.439551
-0.3162652  -0.21321607  -9.486493
-0.23568495  -0.19371785  -9.549834
-0.13637207  -0.1819282  -9.635965
-0.016993359  -0.14512976  -9.766132
0.10960933  -0.089953355  -9.947701
0.22481203  -0.019825377  -10.152829
0.333757  0.031478386  -10.341378
0.4290247  0.10122788  -10.488755
0.46590486  0.22472449  -10.578213
0.4444436  0.3881719  -10.614902
0.4020059  0.5313819  -10.602028
0.3883536  0.5990126  -10.55893
0.39016452  0.59936243  -10.505218
0.37551835  0.56179816  -10.4651575
0.32409194  0.5144686  -10.429736
0.20325764  0.5234508  -10.342986
0.056092937  0.5790687  -10.2497635
-0.07827478  0.65229774  -10.205342
-0.16226833  0.6404105  -10.261053
-0.22990102  0.5588608  -10.36617
-0.30938652  0.43955374  -10.455272
-0.39695057  0.33302265  -10.499316
-0.4757899  0.24219786  -10.483518
-0.52924705  0.17228024  -10.42391
-0.55378515  0.12257262  -10.344873
-0.5563429  0.08275435  -10.266555
-0.5366145  0.039271798  -10.21188
-0.4877394  -0.017834552  -10.191891
-0.40868652  -0.08885989  -10.199611
-0.30689985  -0.17200911  -10.214956
-0.1935033  -0.25559446  -10.22403
-0.083623566  -0.32583085  -10.222259
0.009678942  -0.36880982  -10.214752
0.07933473  -0.37894478  -10.209114
0.12950073  -0.35596535  -10.213515
0.17842345  -0.3154587  -10.233962
0.25493148  -0.29090822  -10.271599
0.3591086  -0.2969451  -10.314452
0.47046956  -0.31712192  -10.342631
0.55959034  -0.34389028  -10.340253
0.6560481  -0.38600782  -10.349276
0.75327474  -0.4413487  -10.422347
0.83350086  -0.49037817  -10.541579
0.860112  -0.5220811  -10.622021
0.8484635  -0.5446455  -10.585965
0.823745  -0.5536074  -10.452569
0.79573363  -0.54840845  -10.289815
0.76280123  -0.5400813  -10.167733
0.71485376  -0.5426999  -10.124012
0.64517266  -0.5647445  -10.143626
0.5623204  -0.6083315  -10.174563
0.47564712  -0.6530859  -10.165959
0.39208794  -0.6768505  -10.09565
0.30742168  -0.6633434  -9.98185
0.22791211  -0.59086055  -9.872322
0.15451129  -0.48235217  -9.794716
0.0929435  -0.35598695  -9.760037
0.04938521  -0.25543687  -9.749625
0.037584268  -0.18169625  -9.759609
0.06263797  -0.13734351  -9.790058
0.11422556  -0.12091107  -9.846963
0.17410804  -0.1250778  -9.933951
0.22394685  -0.13726042  -10.042382
0.25415877  -0.14542347  -10.154447
0.2665383  -0.14276482  -10.253757
0.27832755  -0.13006604  -10.333025
0.27702564  -0.0983218  -10.38977
0.26997116  -0.057321753  -10.429975
0.2559527  -0.016734092  -10.459586
0.2519246  -0.0024745527  -10.478962
0.24905102  -0.017093465  -10.481387
0.2239676  -0.04506812  -10.460208
0.15432502  -0.05085343  -10.419381
0.046237003  -0.024548447  -10.374382
-0.075760074  0.012709551  -10.3427
-0.18599236  0.024537832  -10.328106
-0.3125368  0.029101914  -10.286437
-0.45279035  0.03201135  -10.167998
-0.5897922  0.044868078  -10.001758
-0.692821  0.051756594  -9.864845
-0.7693766  0.058207843  -9.825577
-0.83262753  0.05813663  -9.868496
-0.8834863  0.04419679  -9.951882
-0.9206024  0.018139658  -10.032808
-0.9375405  -0.012019195  -10.07619
-0.92716813  -0.035823513  -10.073032
-0.89390206  -0.048151355  -10.040249
-0.8484364  -0.054529894  -10.009502
-0.8006725  -0.06461764  -10.002513
-0.74605626  -0.08281852  -10.02288
-0.6761319  -0.10867035  -10.060325
-0.5859008  -0.14378507  -10.099181
-0.48249683  -0.18950021  -10.128185
-0.38223198  -0.23915811  -10.144885
-0.2993708  -0.28242645  -10.152681
-0.24048315  -0.31275645  -10.156578
-0.20258586  -0.3299498  -10.157279
-0.18197803  -0.33804393  -10.15357
-0.17419113  -0.34096792  -10.143378
-0.1738231  -0.3417094  -10.129161
-0.1777393  -0.34323624  -10.113687
-0.19873518  -0.34458947  -10.099586
-0.22352614  -0.35946202  -10.089086
-0.25626776  -0.38421533  -10.084039
-0.2871937  -0.41769543  -10.084316
-0.32503855  -0.44095516  -10.088645
-0.3611854  -0.45671067  -10.092326
-0.38526002  -0.4702328  -10.093024
-0.39876363  -0.4897658  -10.088947
-0.40120804  -0.51776624  -10.082627
-0.3935481  -0.55398726  -10.076858
-0.37733713  -0.597951  -10.071534
-0.35504213  -0.6472447  -10.066303
-0.32821515  -0.69925874  -10.06323
-0.29694244  -0.7495683  -10.065795
-0.26079813  -0.79573244  -10.073034
-0.22463512  -0.8353661  -10.080516
-0.19498326  -0.86844206  -10.084831
-0.176163  -0.89514846  -10.086225
-0.16640869  -0.9175003  -10.085159
-0.1615536  -0.93639755  -10.080917
-0.15896371  -0.95327383  -10.076594
-0.15789494  -0.96915025  -10.074631
-0.15765524  -0.98485535  -10.074462
-0.15864839  -1.0003347  -10.073402
-0.15988578  -1.015864  -10.070285
-0.16043429  -1.0313307  -10.065792
-0.16010045  -1.0463705  -10.061539
-0.15891655  -1.0602499  -10.059174
-0.15652189  -1.07194  -10.060952
-0.15169714  -1.0817448  -10.065208
-0.14416884  -1.0881191  -10.06912
-0.13674414  -1.091709  -10.070522
-0.1312226  -1.090949  -10.069965
-0.1294973  -1.0855275  -10.069732
-0.13143937  -1.0762335  -10.069194
-0.13694637  -1.0652099  -10.0686865
-0.14336129  -1.0542198  -10.067184
-0.1474004  -1.0450764  -10.066716
-0.1467321  -1.0379184  -10.066654
-0.14227125  -1.0329818  -10.066546
-0.13621901  -1.0287722  -10.064822
-0.12961446  -1.0251206  -10.062935
-0.12440541  -1.0213999  -10.062104
-0.12189671  -1.0177823  -10.063178
-0.12340864  -1.0133675  -10.065118
-0.12840454  -1.0094004  -10.065715
-0.13504602  -1.0052391  -10.064845
-0.14306162  -1.0019934  -10.062903
-0.15169983  -0.9985266  -10.062139
-0.1610428  -0.9955709  -10.060825
-0.17133875  -0.99228925  -10.058717
-0.18270779  -0.98850536  -10.055999
-0.19380634  -0.9829495  -10.053902
-0.20330895  -0.9754708  -10.052663
-0.21137643  -0.9664858  -10.051169
-0.21993978  -0.9576583  -10.050578
-0.22968687  -0.9490586  -10.049989
-0.24054201  -0.9396761  -10.04984
-0.25224867  -0.92876476  -10.049503
-0.262956  -0.91732883  -10.049256
-0.27212748  -0.9067969  -10.048174
-0.27983397  -0.8969634  -10.0479
-0.2866483  -0.88737494  -10.049095
-0.29278255  -0.87720126  -10.0518875
-0.2990908  -0.8668303  -10.053745
-0.30670148  -0.85579234  -10.0550585
-0.31650165  -0.84577173  -10.055766
-0.327356  -0.837228  -10.056652
-0.33919442  -0.8313098  -10.057225
-0.3499181  -0.8276968  -10.057519
-0.35913873  -0.8257437  -10.057953
-0.36625016  -0.8245365  -10.058015
-0.37265357  -0.8224122  -10.057971
-0.37922275  -0.81837577  -10.056872
-0.3860714  -0.8128559  -10.05543
-0.39250338  -0.8066562  -10.05404
-0.39740637  -0.800765  -10.054523
-0.40033865  -0.7949024  -10.056146
-0.40212145  -0.78925705  -10.057677
-0.40235773  -0.7834647  -10.058001
-0.40211427  -0.7764762  -10.057078
-0.4015721  -0.7683844  -10.056578
-0.402593  -0.7589304  -10.057044
-0.40445042  -0.7484308  -10.058575
-0.4076178  -0.7377731  -10.059499
-0.41187155  -0.7278013  -10.060287
-0.41678584  -0.7196289  -10.061202
-0.42125502  -0.71255225  -10.062004
-0.42480063  -0.7071622  -10.060967
-0.4290996  -0.7033736  -10.059135
-0.4344661  -0.7010643  -10.058385
-0.43998262  -0.6981673  -10.0593405
-0.4446081  -0.69390064  -10.060494
-0.4473629  -0.68803364  -10.060333
-0.44886342  -0.6815672  -10.060322
-0.45059773  -0.6750334  -10.060382
-0.4536061  -0.6686001  -10.060763
-0.45765504  -0.6628248  -10.060107
-0.46175292  -0.65717036  -10.058736
-0.46566653  -0.65193  -10.056793
-0.4688345  -0.64691716  -10.054611
-0.47169363  -0.64335704  -10.052135
-0.47349796  -0.64012724  -10.051036
-0.47380662  -0.636372  -10.051174
-0.4716951  -0.63181585  -10.0527
-0.46836057  -0.6258475  -10.054277
-0.46534035  -0.61884445  -10.056888
-0.46359828  -0.60956484  -10.059205
-0.46334496  -0.59977156  -10.061105
-0.46506798  -0.5897117  -10.061492
-0.46956444  -0.5810332  -10.061408
-0.47660318  -0.5731482  -10.061427
-0.48565972  -0.5673854  -10.06054
-0.49617144  -0.5626845  -10.05897
-0.5072735  -0.55957603  -10.057179
-0.5185347  -0.5564963  -10.05651
-0.5287666  -0.55526847  -10.056765
-0.53733987  -0.5543568  -10.056735
-0.5437549  -0.553803  -10.056018
-0.5478589  -0.5520079  -10.055803
-0.5504361  -0.54822975  -10.05618
-0.55136925  -0.5423482  -10.056798
-0.5520827  -0.53371674  -10.0565
-0.55328745  -0.5243806  -10.056658
-0.5560916  -0.51406765  -10.057347
-0.5595326  -0.5034297  -10.058652
-0.56323415  -0.49328837  -10.060141
-0.5672229  -0.48572078  -10.061868
-0.5713658  -0.4808823  -10.063998
-0.576394  -0.47810364  -10.065699
-0.5831934  -0.4759283  -10.066562
-0.5908825  -0.4737351  -10.06731
-0.5985804  -0.47087952  -10.068478
-0.60504574  -0.46780714  -10.0703335
-0.6111526  -0.46486333  -10.072173
-0.61659557  -0.4615552  -10.073646
-0.62067294  -0.45760405  -10.074913
-0.6233463  -0.45309553  -10.075057
-0.62522936  -0.4487191  -10.074067
-0.6280864  -0.4445306  -10.072948
-0.6325851  -0.4393107  -10.072541
-0.63875395  -0.43423393  -10.072959
-0.6457965  -0.42916524  -10.071978
-0.6535222  -0.42584774  -10.070393
-0.66100764  -0.42338654  -10.068573
-0.6671305  -0.42267248  -10.068223
-0.67015123  -0.42213258  -10.068799
-0.6701048  -0.42235342  -10.069171
-0.6678137  -0.42102548  -10.069524
-0.6647535  -0.4188771  -10.070624
-0.6614546  -0.41490218  -10.072194
-0.6577738  -0.40987173  -10.073639
-0.65404826  -0.403348  -10.0748205
-0.65091366  -0.39567176  -10.076301
-0.64937156  -0.38887572  -10.077642
-0.6495486  -0.3849696  -10.077634
-0.65168494  -0.38419604  -10.077186
-0.6553767  -0.38526186  -10.077633
-0.65989375  -0.38761076  -10.07915
-0.6642211  -0.390534  -10.080262
-0.66769004  -0.3946364  -10.081077
-0.6702613  -0.3987248  -10.081303
-0.67154473  -0.40182224  -10.080791
-0.67187816  -0.401901  -10.079507
-0.6711753  -0.40031645  -10.078269
-0.6695716  -0.3980867  -10.07739
-0.6666983  -0.3960271  -10.076252
-0.66393274  -0.3937844  -10.074773
-0.6609966  -0.39175388  -10.074004
-0.6582082  -0.39016154  -10.073761
-0.6550317  -0.3887984  -10.073667
-0.6521155  -0.3876823  -10.073757
-0.6508672  -0.38764063  -10.074783
-0.65048766  -0.38828468  -10.076537
-0.6508704  -0.38945317  -10.078293
-0.6509132  -0.39147666  -10.078144
-0.65041065  -0.3945891  -10.077347
-0.64961284  -0.398121  -10.076506
-0.6481577  -0.40129125  -10.076748
-0.6466301  -0.40390813  -10.0770235
-0.6452098  -0.406994  -10.077454
-0.64406896  -0.40935895  -10.078308
-0.64347154  -0.4116393  -10.07919
-0.6434561  -0.4138058  -10.079554
-0.6442197  -0.41715705  -10.07969
-0.64604414  -0.42092332  -10.078942
-0.6484358  -0.42450044  -10.078971
-0.6513855  -0.42821693  -10.078839
-0.6539552  -0.43216753  -10.0794
-0.65624636  -0.43686533  -10.078797
-0.6580034  -0.4410787  -10.078008
-0.6597727  -0.44434485  -10.077816
-0.66121125  -0.44682172  -10.0780115
-0.66266876  -0.4489607  -10.078401
-0.6633918  -0.45089307  -10.078755
-0.6637134  -0.45215502  -10.078756
-0.66317064  -0.45280156  -10.077645
-0.66207457  -0.45331526  -10.075593
-0.6623256  -0.4524714  -10.073527
-0.6631803  -0.45135498  -10.071693
-0.664445  -0.44962117  -10.070107
-0.66409093  -0.44866407  -10.069831
-0.66303974  -0.44907972  -10.070689
-0.6612713  -0.45122465  -10.072112
-0.6599665  -0.45532012  -10.072871
-0.65958184  -0.4590485  -10.072974
-0.66025066  -0.46252227  -10.072606
-0.66101044  -0.4658557  -10.072616
-0.66198796  -0.46951476  -10.072611
-0.66502637  -0.47202423  -10.073897
-0.6719242  -0.4719911  -10.074851
-0.6819706  -0.46951947  -10.074697
-0.6913717  -0.468088  -10.070054
-0.6954868  -0.46940628  -10.064549
-0.69346875  -0.47371843  -10.061403
-0.6868015  -0.4790835  -10.06211
-0.67822164  -0.4833882  -10.062965
-0.6689715  -0.48606074  -10.06335
-0.66061115  -0.48537984  -10.064022
-0.65327275  -0.4824562  -10.066369
-0.64744645  -0.47722468  -10.068783
-0.6433562  -0.4719777  -10.0709305
-0.6413303  -0.4682082  -10.07236
-0.64073306  -0.46720633  -10.074582
-0.64353484  -0.46863773  -10.076642
-0.65035164  -0.47153178  -10.079921
-0.6598471  -0.47598764  -10.081416
-0.6700072  -0.4837681  -10.081433
-0.6790681  -0.49658427  -10.078473
-0.68716806  -0.5151698  -10.074862
-0.69391054  -0.5364644  -10.071526
-0.70025796  -0.558665  -10.069011
-0.7069078  -0.58136296  -10.0683
-0.713306  -0.60506123  -10.070233
-0.7066576  -0.63667387  -10.067665
-0.68274146  -0.6759922  -10.058785
-0.64837146  -0.72641927  -10.050866
-0.6302771  -0.7614041  -10.054218
-0.6383238  -0.7627234  -10.062724
-0.6718314  -0.7203743  -10.060681
-0.7179114  -0.65532035  -10.041842
-0.76869017  -0.5875119  -10.021461
-0.80109423  -0.5522093  -10.010161
-0.81955  -0.5347354  -10.01071
-0.8262317  -0.5251644  -10.012515
-0.8385999  -0.4920838  -10.013449
-0.85363597  -0.4609358  -10.016013
-0.87122554  -0.4420507  -10.0225
-0.891273  -0.43822408  -10.02945
-0.91270447  -0.439118  -10.030676
-0.9373296  -0.44455326  -10.022806
-0.96222097  -0.45477542  -10.010908
-0.9838458  -0.4666133  -10.003533
-1.004052  -0.46575317  -10.003676
-1.0264169  -0.45519432  -10.009418
-1.0482825  -0.44594052  -10.013177
-1.0609373  -0.45238194  -10.013202
-1.0628247  -0.47594753  -10.006152
-1.0594565  -0.51044774  -9.99384
-1.0543809  -0.55255735  -9.980067
-1.0451378  -0.5964084  -9.971798
-1.0345335  -0.6336801  -9.969842
-1.0283409  -0.66223097  -9.972994
-1.0318502  -0.6780286  -9.977007
-1.0432326  -0.6843546  -9.982551
-1.0550841  -0.69006443  -9.985123
-1.0577642  -0.70546  -9.982983
-1.0487691  -0.72903913  -9.975105
-1.0292814  -0.7520073  -9.967986
-1.0030361  -0.7711796  -9.965452
-0.9787166  -0.78365487  -9.972087
-0.9603761  -0.7920198  -9.980283
-0.93911475  -0.79236823  -9.977402
-0.89793247  -0.8062682  -9.9585495
-0.8348573  -0.84434813  -9.938694
-0.7554409  -0.9151011  -9.93966
-0.6743124  -1.0044075  -9.955583
-0.595208  -1.1133965  -9.957577
-0.55617136  -1.2112023  -9.942898
-0.5479309  -1.312861  -9.927001
-0.56064326  -1.4084948  -9.928897
-0.56762916  -1.516493  -9.934765
-0.5729497  -1.6025372  -9.928517
-0.5909144  -1.6533359  -9.910744
-0.614855  -1.6761436  -9.893779
-0.6416426  -1.6849885  -9.887517
-0.66232675  -1.6862146  -9.896401
-0.6844404  -1.6759591  -9.908969
-0.7170221  -1.6565369  -9.915646
-0.75572795  -1.65441  -9.908664
-0.7979819  -1.6658646  -9.889868
-0.84694314  -1.6847025  -9.8685465
-0.9184036  -1.693525  -9.845323
-1.0095655  -1.68709  -9.827823
-1.1058226  -1.668382  -9.818086
-1.1958385  -1.6337212  -9.813331
-1.2812886  -1.5935916  -9.80001
-1.3657793  -1.5564512  -9.773015
-1.445666  -1.5231986  -9.737498
-1.5166193  -1.5008043  -9.704009
-1.5791017  -1.4860182  -9.675956
-1.6441126  -1.4744358  -9.6521635
-1.7220649  -1.4551487  -9.63724
-1.8137516  -1.429576  -9.631752
-1.9193459  -1.405471  -9.637524
-2.0292978  -1.3831004  -9.643748
-2.159113  -1.3638829  -9.643907
-2.30188  -1.3377066  -9.640641
-2.4692907  -1.3128238  -9.634732
-2.6368585  -1.2880338  -9.631413
-2.7946289  -1.271303  -9.628423
-2.9246247  -1.2499017  -9.625735
-3.0181618  -1.2072879  -9.625175
-3.0693743  -1.1174774  -9.626386
-3.049929  -0.9746087  -9.617148
-2.9839745  -0.81221837  -9.57724
-2.8909988  -0.6786606  -9.513088
-2.8047507  -0.60029286  -9.464348
-2.7214415  -0.5671181  -9.474824
-2.636512  -0.560318  -9.53365
-2.5552187  -0.5699237  -9.599593
-2.475078  -0.5840879  -9.636604
-2.4012232  -0.59293187  -9.637707
-2.3332872  -0.6071202  -9.624078
-2.2702835  -0.6388422  -9.61613
-2.2156744  -0.68410444  -9.628598
-2.1628044  -0.7312238  -9.658371
-2.1100032  -0.75976986  -9.690495
-2.0427036  -0.76775247  -9.713665
-1.9645481  -0.755589  -9.729296
-1.8809737  -0.74012715  -9.731208
-1.8082209  -0.72524184  -9.735535
-1.7473812  -0.70806384  -9.747654
-1.6889566  -0.6821417  -9.775921
-1.6196051  -0.66323036  -9.808563
-1.5419083  -0.66091913  -9.8339205
-1.4647928  -0.6662509  -9.8483
-1.39403  -0.6594526  -9.858281
-1.3261415  -0.63732165  -9.857046
-1.2538795  -0.60699004  -9.836525
-1.1723  -0.57383  -9.782077
-1.0942043  -0.53749156  -9.713442
-1.0086827  -0.50127953  -9.674739
-0.91524625  -0.47463465  -9.697824
-0.7986102  -0.45175788  -9.778665
-0.6869154  -0.43563095  -9.863192
-0.58461124  -0.4247291  -9.913412
-0.5006005  -0.43008864  -9.920821
-0.4283787  -0.45677364  -9.916326
-0.37796256  -0.5124751  -9.922927
-0.35901213  -0.6024305  -9.9485655
-0.3550963  -0.6915321  -9.996697
-0.3577564  -0.74410415  -10.059692
-0.34783855  -0.74502486  -10.11652
-0.33265647  -0.7145845  -10.134008
-0.30283964  -0.6731793  -10.112581
-0.26092497  -0.6172166  -10.081674
-0.2094922  -0.5533917  -10.074545
-0.15636224  -0.49582705  -10.099341
-0.10049827  -0.43952623  -10.137404
-0.042274218  -0.37619734  -10.159156
0.024373598  -0.2928465  -10.14434
0.0981516  -0.21144329  -10.095394
0.19307768  -0.14219578  -10.037861
0.3064777  -0.08607084  -9.999484
0.4364331  -0.03603282  -9.979823
0.5633934  0.013506163  -9.975122
0.686486  0.055491436  -9.9637985
0.8040406  0.098576464  -9.950496
0.9177547  0.14158076  -9.92485
1.0259337  0.18839593  -9.885338
1.1505405  0.2425719  -9.830583
1.3076276  0.2979294  -9.770575
1.4818635  0.34972182  -9.72178
1.6440492  0.38377893  -9.695427
1.7726183  0.39341065  -9.6957655
1.8837823  0.38871345  -9.715311
1.9943444  0.38555586  -9.74261
2.1012352  0.39959016  -9.748853
2.1858137  0.42601904  -9.71604
2.237095  0.45578066  -9.646927
2.2765963  0.48448434  -9.582995
2.3231962  0.5098511  -9.553786
2.3793144  0.5300742  -9.557861
2.4302938  0.5427025  -9.57114
2.4707081  0.54868037  -9.582306
2.4968793  0.5565644  -9.59204
2.514239  0.56294024  -9.602534
2.523565  0.5589542  -9.604718
2.5304596  0.5319513  -9.593291
2.541729  0.48666084  -9.570039
2.556731  0.42796588  -9.550483
2.5708358  0.35804462  -9.543842
2.5700982  0.27847007  -9.543762
2.56273  0.20906842  -9.542563
2.5595877  0.1566565  -9.542954
2.565838  0.11865947  -9.555806
2.5764992  0.07406507  -9.584456
2.5821056  0.023448253  -9.622811
2.5752919  -0.030355914  -9.661346
2.5607939  -0.087613024  -9.691066
2.5424976  -0.14455146  -9.713624
2.5291173  -0.18874599  -9.734147
2.5224893  -0.2177763  -9.750843
2.5291722  -0.25218615  -9.748285
2.5515041  -0.29593834  -9.740256
2.573127  -0.33686224  -9.735618
2.5756977  -0.35417005  -9.751746
2.5487928  -0.35667586  -9.775909
2.5162172  -0.35127687  -9.802945
2.4930553  -0.3386904  -9.823746
2.4871666  -0.31696782  -9.838139
2.4852142  -0.29454288  -9.855078
2.487045  -0.28455248  -9.869517
2.5061054  -0.28399977  -9.872693
2.5589826  -0.27783787  -9.856963
2.6564405  -0.24853389  -9.824496
2.7896264  -0.19586647  -9.773922
2.942733  -0.12068105  -9.705407
3.1016338  -0.029013589  -9.632155
3.260463  0.07964248  -9.5707655
3.4145434  0.20686418  -9.52171
3.5595944  0.3464899  -9.474492
3.6894486  0.4937171  -9.416005
3.8093243  0.6468906  -9.345399
3.9220257  0.81302196  -9.262374
4.0290985  0.9889502  -9.169787
4.131901  1.1695246  -9.064598
4.2320704  1.359053  -8.94508
4.3361154  1.5615705  -8.814324
4.4378886  1.770203  -8.678708
4.5313773  1.9725294  -8.537744
4.6226583  2.1729064  -8.389239
4.716678  2.3922036  -8.243385
4.820399  2.6469266  -8.104051
4.921419  2.930186  -7.9650865
5.0079327  3.2343323  -7.8129277
5.0710382  3.5421398  -7.646084
5.190821  3.745108  -7.470955
5.374254  3.843713  -7.2972226
5.617925  3.846012  -7.134475
5.837969  3.8500755  -6.975544
6.0301185  3.8540542  -6.822374
6.1947303  3.8517811  -6.6631494
6.334944  3.8494923  -6.4951205
6.3735275  3.8975506  -6.301019
6.3214054  3.9936936  -6.08725
6.185221  4.146539  -5.8665195
6.043529  4.2986836  -5.643165
5.885651  4.4490213  -5.4182754
5.700196  4.591018  -5.1932063
5.4834495  4.721375  -4.9665527
5.235995  4.8327937  -4.7421927
4.959276  4.9211965  -4.5314827
4.6514993  4.9893165  -4.3483896
4.311209  5.052221  -4.189298
3.9470317  5.1188564  -4.035024
3.5791  5.1818194  -3.8762007
3.1909368  5.236563  -3.7124732
2.8015897  5.2834387  -3.5552537
2.4084527  5.3302217  -3.4162483
2.0484877  5.3755126  -3.3020952
1.7095857  5.4038405  -3.1982834
1.3880711  5.4087186  -3.0940526
1.0702928  5.394779  -2.999175
0.7477835  5.3923435  -2.9659083
0.42630735  5.4010186  -2.988798
0.113019325  5.4181314  -3.0498905
-0.18591161  5.415585  -3.1114876
-0.47465792  5.38575  -3.171958
-0.7529125  5.3108277  -3.2302248
-1.0209599  5.1901793  -3.2839415
-1.2830225  5.031752  -3.3545578
-1.5365009  4.845116  -3.457617
-1.8558394  4.7412963  -3.5943668
-2.239235  4.7203755  -3.7456863
-2.685158  4.789435  -3.899887
-3.112792  4.846374  -4.0541997
-3.5079587  4.8976054  -4.2047043
-3.8727486  4.9388385  -4.3595147
-4.210074  4.9707227  -4.5345664
-4.442879  4.935138  -4.745375
-4.5675526  4.843873  -4.9801574
-4.583632  4.699133  -5.2199597
-4.5758777  4.563578  -5.4523454
-4.5498815  4.4330025  -5.67873
-4.5055723  4.3021007  -5.9018197
-4.4453616  4.1648364  -6.136679
-4.371102  4.0212674  -6.384974
-4.2860336  3.8791783  -6.6366577
-4.190893  3.7398129  -6.8733554
-4.078317  3.5948772  -7.0873313
-3.9474316  3.4322758  -7.284947
-3.8063939  3.2575343  -7.481367
-3.633662  3.0767033  -7.6834297
-3.4459236  2.8983963  -7.8863177
-3.2447312  2.7179177  -8.078429
-3.0722876  2.537429  -8.254849
-2.9200516  2.3690326  -8.431675
-2.780358  2.2226367  -8.6197815
-2.6358745  2.0909677  -8.805812
-2.4779012  1.9418832  -8.933529
-2.3155231  1.7702984  -9.002675
-2.1553736  1.5812007  -9.034855
-2.0015476  1.4059323  -9.078629
-1.8467726  1.2505451  -9.130742
-1.6895475  1.1294876  -9.19152
-1.5313873  1.0369669  -9.260592
-1.3732115  0.96094817  -9.33161
