-0.09341431  -0.11590853  -9.606498
-0.08870175  -0.11017501  -9.608701
-0.08833561  -0.10996076  -9.613066
-0.088346355  -0.10977948  -9.617064
-0.08811597  -0.10857818  -9.619061
-0.08836321  -0.10593894  -9.62014
-0.08838382  -0.10293385  -9.620309
-0.08793274  -0.100282155  -9.619939
-0.08720378  -0.09832526  -9.619029
-0.086087584  -0.096529804  -9.618304
-0.085331075  -0.094742395  -9.617392
-0.08423986  -0.092707686  -9.616662
-0.08358971  -0.08988422  -9.61629
-0.083080284  -0.086740576  -9.616282
-0.08233061  -0.08345935  -9.617005
-0.08133043  -0.080441795  -9.61773
-0.07917526  -0.074999355  -9.618287
-0.0759541  -0.06867966  -9.618494
-0.0700514  -0.05971864  -9.618733
-0.06276942  -0.051837873  -9.619538
-0.052627664  -0.039492488  -9.620558
-0.040748388  -0.025431434  -9.621782
-0.026768744  -0.0076791905  -9.623571
-0.014902367  0.0058964565  -9.626971
-0.0018757182  0.008773018  -9.630586
0.013485146  0.0029054687  -9.634431
0.031598594  -0.004885947  -9.635592
0.044066537  -0.004107021  -9.635566
0.0483831  7.117933E-4  -9.633606
0.04862864  0.007814291  -9.632676
0.05183764  0.016155152  -9.631774
0.0568718  0.027584001  -9.628523
0.060161088  0.040576786  -9.6225195
0.058714926  0.05155308  -9.617924
0.05512764  0.058813244  -9.615682
0.046780188  0.057660878  -9.617066
0.038872283  0.054763064  -9.617376
0.0318947  0.0517693  -9.615701
0.029940339  0.053090025  -9.6116905
0.028881064  0.053934973  -9.607511
0.02757026  0.05393446  -9.605514
0.025947219  0.05299245  -9.60479
0.02354266  0.05142041  -9.604965
0.021319598  0.049032986  -9.604597
0.018589327  0.04687826  -9.6044035
0.015167889  0.044384945  -9.603841
0.011422233  0.04178503  -9.604003
0.007848249  0.03849149  -9.603985
0.0046596793  0.035610247  -9.603787
0.0015095541  0.033072982  -9.604131
-0.001708846  0.031673163  -9.604289
-0.0044615115  0.03035572  -9.605363
-0.006241836  0.029851796  -9.60645
-0.0071872813  0.029089013  -9.607182
-0.007796466  0.028142625  -9.607011
-0.008400449  0.027155295  -9.606838
-0.009119322  0.026041344  -9.606668
-0.01008187  0.025589213  -9.606494
-0.0115569355  0.024672799  -9.605226
-0.012742774  0.02408468  -9.60378
-0.01350297  0.023142247  -9.601613
-0.014069985  0.022288809  -9.6007185
-0.014506891  0.021237  -9.600549
-0.014875005  0.01979863  -9.601646
-0.014964584  0.018238647  -9.602923
-0.015400361  0.01607743  -9.604191
-0.016064672  0.014152512  -9.605999
-0.017023165  0.012271223  -9.607625
-0.017127156  0.010658115  -9.609084
-0.016410192  0.008681607  -9.609284
-0.015372742  0.006765693  -9.608943
-0.014610742  0.0047488147  -9.608598
-0.0141072525  0.0026198048  -9.608791
-0.012962084  4.116924E-4  -9.61008
-0.011738084  -0.0014391182  -9.612093
-0.011193394  -0.002393725  -9.61428
-0.011197713  -0.003226905  -9.615185
-0.010856375  -0.003250366  -9.615007
-0.009218297  -0.0026919304  -9.614305
-0.007703729  -9.99347E-4  -9.61451
-0.006457805  3.7309786E-4  -9.615436
-0.0053941407  0.0015573823  -9.616902
-0.003162073  0.00224158  -9.617839
-5.189691E-4  0.0035575272  -9.618419
0.0023122532  0.005182072  -9.619002
0.0052849283  0.007356197  -9.619046
0.008373275  0.008766438  -9.618726
0.010609545  0.008974589  -9.617481
0.01137856  0.008386657  -9.616576
0.010989583  0.00810543  -9.616383
0.010214084  0.008272006  -9.616731
0.009382579  0.008696954  -9.615626
0.009471238  0.008248543  -9.613807
0.010418784  0.007176371  -9.612359
0.011646864  0.0056315768  -9.613277
0.012183037  0.0040997607  -9.615093
0.012224187  0.0022296745  -9.617082
0.012107067  4.8054673E-4  -9.617617
0.010823686  -6.707848E-4  -9.617412
0.009111674  -1.8143024E-4  -9.616116
0.0065807006  0.0011022295  -9.614995
0.0048713745  0.0035912225  -9.613163
0.0032917343  0.00598924  -9.611333
0.0023734998  0.007460425  -9.610236
0.0011885365  0.007975835  -9.611674
-8.9411296E-5  0.008082421  -9.6151085
-9.7579224E-4  0.008130048  -9.618729
-0.0013658591  0.0076163914  -9.62072
-8.3318533E-4  0.0071320683  -9.620908
-6.979716E-4  0.006705362  -9.620184
-6.485249E-4  0.0067825424  -9.618916
-3.098318E-4  0.0066446015  -9.618194
5.204151E-4  0.0065916055  -9.618388
0.0014706589  0.005767971  -9.61967
0.0013428037  0.0043659774  -9.620936
0.0013838708  0.0019474049  -9.621839
0.0017458847  -2.5559528E-5  -9.621839
0.0020598846  -0.0017432263  -9.621658
0.0012462977  -0.002221496  -9.62201
-1.9138835E-4  -0.0029344487  -9.623261
-0.0016685423  -0.003391019  -9.624876
-0.0031934548  -0.0042385384  -9.625943
-0.0044924007  -0.004780781  -9.62647
-0.00521151  -0.0048245336  -9.626641
-0.005191347  -0.004472167  -9.626099
-0.004898139  -0.0040623606  -9.6251955
-0.0044702776  -0.0044060363  -9.624838
-0.0034977328  -0.004916997  -9.6261215
-0.0033989071  -0.0047832723  -9.627576
-0.0043555  -0.0036421928  -9.628655
-0.0065701976  -0.0017848356  -9.628448
-0.008080405  -1.9869831E-4  -9.628429
-0.008924254  0.0013658236  -9.628239
-0.00906372  0.0026504945  -9.628239
-0.008529524  0.003911622  -9.627885
-0.007611379  0.0044469624  -9.628079
-0.006095356  0.004554217  -9.628282
-0.004397935  0.004288765  -9.629574
-0.002186132  0.004100118  -9.630509
4.191968E-4  0.004745539  -9.630908
0.0029298048  0.0052490965  -9.630034
0.005703137  0.0057956185  -9.628075
0.007897541  0.005864875  -9.625743
0.009574544  0.007415112  -9.624133
0.010024414  0.009163571  -9.623233
0.009791465  0.010937229  -9.623231
0.008681548  0.011534788  -9.62358
0.0067989123  0.012012039  -9.623736
0.004841147  0.012088207  -9.623528
0.0029233855  0.01190982  -9.622592
0.0019970012  0.011888407  -9.62276
8.175793E-4  0.012477283  -9.62438
-1.1850354E-4  0.013100226  -9.626549
-7.8781275E-4  0.01375855  -9.627631
-0.0010399488  0.014343631  -9.627629
-8.650743E-4  0.015506752  -9.627634
-4.7402398E-4  0.016043765  -9.628185
1.5584509E-4  0.016607886  -9.629467
7.111267E-4  0.016758963  -9.630746
7.6499925E-4  0.017470855  -9.632929
7.987953E-4  0.018168092  -9.635838
8.509578E-4  0.019507214  -9.638747
0.0013258717  0.020769494  -9.639303
0.0018646922  0.02176823  -9.6375
0.0027337428  0.022286078  -9.635334
0.0037777198  0.022428097  -9.633534
0.0055370308  0.022018353  -9.63247
0.0066399295  0.021622209  -9.630852
0.0068411436  0.021853447  -9.629949
0.0058194525  0.022274688  -9.629576
0.004889352  0.021921948  -9.630109
0.0042684986  0.021089412  -9.631373
0.003667039  0.019993313  -9.633182
0.0025508904  0.018810248  -9.634801
4.250398E-4  0.017464435  -9.635498
-0.002452228  0.015994737  -9.635277
-0.004854834  0.014853321  -9.634519
-0.006856267  0.013638437  -9.633946
-0.007624078  0.012869804  -9.633576
-0.008111441  0.011230092  -9.632844
-0.008635633  0.009841635  -9.632838
-0.008996967  0.00834596  -9.632652
-0.007975207  0.008102772  -9.632306
-0.005366063  0.007845446  -9.631255
-0.0025349765  0.008793916  -9.629848
-5.4101174E-4  0.01013537  -9.628791
5.6795543E-4  0.011471305  -9.626267
0.0021008688  0.011833504  -9.622661
0.0031189292  0.0121160345  -9.619226
0.0036236027  0.012968826  -9.617784
0.0036687134  0.013229919  -9.617969
0.0038871209  0.013124987  -9.618519
0.0038110875  0.013231073  -9.618702
0.0032200955  0.014163309  -9.618335
0.001971193  0.015120416  -9.617958
8.802001E-4  0.015967146  -9.616674
-6.71548E-4  0.016477099  -9.61484
-0.0025466057  0.016541302  -9.613181
-0.004556017  0.016449325  -9.613518
-0.0066932724  0.0162032  -9.615487
-0.008462221  0.016139917  -9.617281
-0.010177566  0.015822409  -9.618529
-0.011664699  0.015797652  -9.619419
-0.012602236  0.015595943  -9.62086
-0.012791868  0.014857504  -9.62213
-0.012224466  0.013583724  -9.622683
-0.01125284  0.013149935  -9.623242
-0.009980378  0.013410787  -9.623445
-0.00765275  0.014483373  -9.623666
-0.005750026  0.015879693  -9.623517
-0.003921146  0.017782912  -9.623549
-0.0035085336  0.019594396  -9.623923
-0.0035574904  0.021068493  -9.623925
-0.004397767  0.021763207  -9.623916
-0.0057136905  0.022116082  -9.624261
-0.007193804  0.022565424  -9.625694
-0.007871978  0.022869423  -9.626957
-0.008181745  0.023350894  -9.627682
-0.008610652  0.023024509  -9.627131
-0.009954001  0.022677345  -9.62693
-0.011996376  0.021693235  -9.627808
-0.013980263  0.021098502  -9.629596
-0.016119383  0.020601323  -9.63247
-0.01796482  0.020791002  -9.63535
-0.018592803  0.02077144  -9.638067
-0.018130923  0.020654017  -9.639527
-0.017917668  0.020754194  -9.639169
-0.018796928  0.020552913  -9.637885
-0.019971846  0.019914038  -9.63587
-0.019716254  0.018453551  -9.634601
-0.017741185  0.017776566  -9.632994
-0.014781359  0.017512573  -9.631766
-0.011828798  0.018162025  -9.631085
-0.009424363  0.018994028  -9.630941
-0.0077078925  0.020116877  -9.630607
-0.006165558  0.020699263  -9.630085
-0.0050229533  0.020446092  -9.629918
-0.0038858943  0.020196876  -9.629752
-0.002820679  0.020460472  -9.628677
-0.0018709861  0.021490017  -9.626877
-8.560947E-4  0.022923512  -9.624534
6.30277E-5  0.024865827  -9.622554
6.776258E-4  0.026113108  -9.621114
1.9583073E-4  0.026801659  -9.619655
-0.0015992615  0.02663592  -9.618357
-0.00321318  0.02610492  -9.616698
-0.0039060882  0.025322227  -9.6163225
-0.0034161836  0.024330437  -9.616874
-0.0027588792  0.023885539  -9.617792
-0.0025418983  0.023766687  -9.618524
-0.0024239013  0.023507053  -9.618344
-0.0024500357  0.023359543  -9.617619
-0.002450383  0.023868933  -9.616714
-0.00304626  0.024810052  -9.615981
-0.0042537437  0.02526948  -9.617055
-0.005359138  0.024965482  -9.618674
-0.005190821  0.023945907  -9.620309
-0.004457065  0.022752726  -9.6205
-0.0026486684  0.021463826  -9.619071
-9.878484E-4  0.021191573  -9.616735
2.1391164E-4  0.021238217  -9.615121
-1.2679427E-4  0.021050142  -9.614028
-2.0000763E-4  0.020643516  -9.613847
2.2569334E-4  0.020313686  -9.61349
0.0010350347  0.019912442  -9.6135025
4.3107916E-4  0.018516282  -9.613128
-0.0017785433  0.016485266  -9.612911
-0.004971497  0.014043975  -9.612497
-0.007912886  0.011640738  -9.611905
-0.009573626  0.009433414  -9.610606
-0.010735221  0.008212892  -9.609681
-0.0119462935  0.008157075  -9.609485
-0.013022582  0.008905574  -9.6102
-0.013688714  0.009591551  -9.611104
-0.01407802  0.0094138915  -9.612008
-0.014479581  0.008586994  -9.612729
-0.015237591  0.007577362  -9.614171
-0.015982011  0.0065731504  -9.615794
-0.016712084  0.006486094  -9.617055
-0.017023912  0.0063406997  -9.618323
-0.017392032  0.006715506  -9.6194105
-0.018365724  0.0068775155  -9.621032
-0.01955455  0.007016059  -9.621196
-0.020790102  0.0067654583  -9.6209955
-0.021425763  0.0060927016  -9.620984
-0.02114589  0.005434657  -9.621713
-0.0030085798  0.016465344  -9.622372
0.028004443  0.048036378  -9.622371
0.06626291  0.090971224  -9.621784
0.089965574  0.1270023  -9.62133
0.10093143  0.14574961  -9.621367
0.106725186  0.15875071  -9.623311
0.1155503  0.17621242  -9.626231
0.13084728  0.19969599  -9.627639
0.1476357  0.22363915  -9.62599
0.16307919  0.24331772  -9.623949
0.17523865  0.2601239  -9.624031
0.18820797  0.2741493  -9.628661
0.19741541  0.2880901  -9.638683
0.20358019  0.29739097  -9.650819
0.20935374  0.30074832  -9.664018
0.21760719  0.29677936  -9.673594
0.22682929  0.28993043  -9.684446
0.23246892  0.28616711  -9.692528
0.23441909  0.28742775  -9.696031
0.2348765  0.2911736  -9.6938925
0.23373283  0.29672873  -9.6901045
0.23007329  0.30174968  -9.68863
0.22391729  0.3065078  -9.686199
0.21525389  0.30619723  -9.684962
0.20962346  0.30340603  -9.687767
0.20854045  0.3001647  -9.695385
0.21205842  0.29974642  -9.701661
0.21810746  0.3003082  -9.706361
0.21323538  0.28786778  -9.709839
0.19586559  0.25791505  -9.712748
0.16256304  0.20672406  -9.7128
0.12523206  0.1471495  -9.711052
0.083995245  0.08607769  -9.710465
0.0488348  0.03650992  -9.708997
0.022829406  0.002267113  -9.706751
0.009572986  -0.0154790105  -9.703637
-0.015813168  -0.036555883  -9.70169
-0.05041947  -0.074124105  -9.700514
-0.09127725  -0.12198023  -9.699778
-0.11593685  -0.16187893  -9.699679
-0.12787603  -0.18263257  -9.699097
-0.13513832  -0.19610439  -9.69733
-0.14648634  -0.21387823  -9.694388
-0.1643428  -0.23827131  -9.693498
-0.18354924  -0.26317945  -9.696216
-0.20177454  -0.2848594  -9.700041
-0.21702868  -0.30404806  -9.701192
-0.23222332  -0.32104707  -9.698352
-0.2429056  -0.33844218  -9.689588
-0.25002757  -0.35106373  -9.6789055
-0.25665164  -0.3572743  -9.666077
-0.26560125  -0.35438177  -9.656878
-0.2756929  -0.34817255  -9.646943
-0.28288355  -0.34468606  -9.640491
-0.28683844  -0.3464793  -9.638967
-0.28921387  -0.35120746  -9.643452
-0.28911057  -0.35809338  -9.6487
-0.2858226  -0.36416999  -9.650378
-0.28001598  -0.36875367  -9.651563
-0.27222332  -0.36801496  -9.651179
-0.26779222  -0.36517105  -9.646747
-0.26781198  -0.36258435  -9.637684
-0.2722415  -0.3633833  -9.630694
-0.27905768  -0.36546984  -9.626553
-0.27485946  -0.35526717  -9.62436
-0.25845012  -0.32725933  -9.622551
-0.22562516  -0.27736732  -9.622879
-0.18848978  -0.21780102  -9.624827
-0.14799787  -0.15622123  -9.625962
-0.11438922  -0.10566176  -9.627603
-0.090697415  -0.07049274  -9.629643
-0.07978907  -0.051564127  -9.63201
-0.07463423  -0.040974677  -9.634189
-0.07279008  -0.03487642  -9.635716
-0.071528174  -0.030598892  -9.63667
-0.07104189  -0.027764374  -9.636685
-0.07025958  -0.026086645  -9.636158
-0.06959753  -0.025441395  -9.635804
-0.06881964  -0.025154648  -9.636184
-0.06765697  -0.025259487  -9.637299
-0.06638778  -0.025582269  -9.639325
-0.06450979  -0.025011579  -9.640094
-0.063075386  -0.02360601  -9.641036
-0.061423067  -0.021470403  -9.640712
-0.060093302  -0.018679611  -9.640742
-0.05911383  -0.015869774  -9.639855
-0.05916177  -0.012389056  -9.639125
-0.05921954  -0.009594117  -9.638391
-0.05861041  -0.0066460506  -9.638396
-0.057424787  -0.0041496907  -9.639138
-0.056476366  -0.0021442308  -9.640786
-0.055923034  -8.906483E-4  -9.642426
-0.056230444  -7.481471E-4  -9.643502
-0.056590606  -0.0011532498  -9.644755
-0.056789618  -0.0024037517  -9.6458235
-0.056063045  -0.0037823461  -9.647456
-0.055150896  -0.0046979785  -9.649095
-0.05458066  -0.004402982  -9.650725
-0.0542835  -0.0026328033  -9.651622
-0.053751092  -1.5148836E-4  -9.651978
-0.053006068  0.002253513  -9.652519
-0.0516465  0.003986317  -9.652713
-0.050612997  0.005035929  -9.652356
-0.049172353  0.005830849  -9.650734
-0.046988633  0.0069917925  -9.6483965
-0.04359935  0.008539921  -9.646081
-0.03958996  0.010175324  -9.6434145
-0.03627382  0.010858892  -9.640376
-0.033654407  0.011146174  -9.636783
-0.0321506  0.010957549  -9.634441
-0.031560343  0.010867943  -9.63299
-0.030990586  0.010465383  -9.631356
-0.030088179  0.010130424  -9.629912
-0.029074365  0.00996331  -9.627926
-0.027946776  0.010715079  -9.625941
-0.027190307  0.012347542  -9.623219
-0.026694467  0.014429532  -9.619945
-0.026730767  0.01596722  -9.61793
-0.026110495  0.017079841  -9.6159315
-0.025890827  0.018059911  -9.615014
-0.025917312  0.01901611  -9.614091
-0.026317596  0.020356094  -9.614248
-0.025567627  0.02101612  -9.614794
-0.024562582  0.02165006  -9.615162
-0.023958176  0.021645308  -9.614435
-0.023138694  0.02136769  -9.613532
-0.021540383  0.021586953  -9.612644
-0.019708885  0.022542097  -9.612121
-0.018318728  0.024145408  -9.61286
-0.017515553  0.025218392  -9.613952
-0.01651989  0.025733322  -9.615958
-0.01574718  0.026478441  -9.616505
-0.015134676  0.027341956  -9.61723
-0.014917637  0.028112357  -9.61795
-0.014991044  0.02813447  -9.618305
-0.0161237  0.02771652  -9.617009
-0.018052861  0.027337568  -9.614064
-0.020433458  0.02736713  -9.612382
-0.02178952  0.027818387  -9.611987
-0.022430703  0.027686596  -9.613061
-0.022843236  0.027000347  -9.614686
-0.02322937  0.025375908  -9.617406
-0.024093168  0.02339486  -9.621209
-0.024736917  0.021924742  -9.625923
-0.025336958  0.021260679  -9.630272
-0.024777582  0.021813465  -9.633
-0.02375955  0.022725748  -9.634827
-0.022871813  0.023771778  -9.636833
-0.022855664  0.025291616  -9.639729
-0.022694841  0.026946098  -9.642445
-0.022539048  0.028357118  -9.644618
-0.021909123  0.029189946  -9.646439
-0.021711737  0.02966394  -9.648617
-0.021696918  0.03067554  -9.650788
-0.021825662  0.031550154  -9.653321
-0.021862552  0.032023627  -9.655314
-0.021525808  0.03140239  -9.6576805
-0.021437773  0.029657647  -9.659324
-0.02229744  0.027635748  -9.661315
-0.023438916  0.025382554  -9.662939
-0.024273025  0.02361635  -9.664928
-0.024483338  0.0225378  -9.666017
-0.025061933  0.021385223  -9.66601
-0.02577249  0.02102005  -9.665633
-0.025885327  0.02109287  -9.664538
-0.025452366  0.02224779  -9.663082
-0.02588006  0.022737263  -9.660525
-0.027101086  0.023089627  -9.659228
-0.028571576  0.023484038  -9.658288
-0.028641349  0.023557872  -9.657373
-0.027829671  0.022473037  -9.6561165
-0.026002005  0.021264404  -9.655059
-0.023901658  0.020291356  -9.654914
-0.021607207  0.019680142  -9.653863
-0.019992163  0.018759096  -9.652984
-0.019167455  0.017681517  -9.651908
-0.019066619  0.01696715  -9.651726
-0.019696152  0.016611295  -9.651168
-0.020438952  0.017315246  -9.650601
-0.021443928  0.018058958  -9.649124
-0.021773001  0.018189551  -9.64766
-0.022192838  0.016899459  -9.646385
-0.022365263  0.01465298  -9.645118
-0.022920104  0.013240206  -9.643295
-0.023132011  0.01294887  -9.639838
