-0.0069324723  -0.05138095  -9.670642
0.014076761  -0.058427364  -9.662186
0.04669674  -0.06844688  -9.651726
0.08024389  -0.07534668  -9.640941
0.11698379  -0.080886014  -9.633354
0.15702136  -0.08491906  -9.628978
0.19772728  -0.08960774  -9.630383
0.2366221  -0.09373032  -9.637286
0.27187976  -0.09927269  -9.648631
0.30512142  -0.107135594  -9.655981
0.3361741  -0.11679176  -9.656096
0.36405292  -0.12850867  -9.644588
0.38845524  -0.14082813  -9.632295
0.412496  -0.15501271  -9.625684
0.43907306  -0.17008765  -9.628291
0.46795174  -0.1851455  -9.634177
0.49619946  -0.19900616  -9.635418
0.5228694  -0.20904307  -9.630375
0.5484435  -0.21622209  -9.621716
0.57318777  -0.22069055  -9.611066
0.5977389  -0.22541517  -9.600963
0.6214547  -0.2294097  -9.590194
0.6453143  -0.23242223  -9.578591
0.6689479  -0.23109777  -9.566194
0.6928956  -0.22573847  -9.555538
0.7174352  -0.21693413  -9.548602
0.74109674  -0.20776023  -9.543528
0.76393193  -0.19962251  -9.539132
0.7827366  -0.19323163  -9.537161
0.7977505  -0.1875239  -9.540611
0.8092  -0.18185633  -9.548438
0.8219606  -0.17579746  -9.554347
0.83685654  -0.17078967  -9.554776
0.85423845  -0.166192  -9.550683
0.87174195  -0.16062015  -9.54562
0.88995224  -0.1522233  -9.541382
0.89381665  -0.13756971  -9.53962
0.88270736  -0.12181208  -9.547768
0.85571855  -0.10711042  -9.561816
0.8261613  -0.097989656  -9.578395
0.79556626  -0.08972395  -9.586953
0.7657943  -0.07991059  -9.588426
0.737351  -0.067280896  -9.581098
0.7098737  -0.053441066  -9.567611
0.68128234  -0.036761448  -9.551066
0.6507225  -0.016461374  -9.537877
0.61990905  0.007584626  -9.532235
0.5915107  0.03115993  -9.537853
0.56621313  0.046337545  -9.54972
0.54132754  0.052935928  -9.559736
0.5168989  0.056553423  -9.561723
0.49459937  0.06622716  -9.557548
0.4770819  0.08025537  -9.553391
0.4621972  0.091813006  -9.551906
0.44776106  0.098187216  -9.549897
0.43267238  0.10363718  -9.543869
0.4148556  0.11337017  -9.537465
0.3941801  0.1302763  -9.5381975
0.3676437  0.15298046  -9.552405
0.336125  0.17557102  -9.569275
0.30150342  0.19139063  -9.578856
0.26731727  0.19809242  -9.579857
0.23918605  0.2011575  -9.581707
0.21747477  0.20615192  -9.589711
0.20564038  0.21440582  -9.597405
0.20096494  0.22232886  -9.594366
0.20282443  0.22745776  -9.574851
0.20529777  0.22701515  -9.5474825
0.20807816  0.22754638  -9.524149
0.2090848  0.2282974  -9.514888
0.21012038  0.22893746  -9.516054
0.20941214  0.22292615  -9.522351
0.2102611  0.21242245  -9.528316
0.21454638  0.20233537  -9.528229
0.22497086  0.19857903  -9.524535
0.238926  0.20368417  -9.516616
0.25375542  0.21722223  -9.510314
0.2662522  0.23518263  -9.507598
0.27904913  0.25527668  -9.512568
0.2951605  0.27658963  -9.524718
0.3166938  0.29730138  -9.536494
0.34175006  0.31753317  -9.540597
0.37084714  0.3387629  -9.5328245
0.40240288  0.36354455  -9.520259
0.43396023  0.39731768  -9.503371
0.46125677  0.4382113  -9.48602
0.48020795  0.47910118  -9.470021
0.49178115  0.5136644  -9.460886
0.49730852  0.5439746  -9.459736
0.50233287  0.57747513  -9.466227
0.5091161  0.61515784  -9.482987
0.5170428  0.6530207  -9.513738
0.5270234  0.6864128  -9.553945
0.5404753  0.7089258  -9.598337
0.5612202  0.7192709  -9.641636
0.5900338  0.7206823  -9.696637
0.6232921  0.72549057  -9.770206
0.6556878  0.73675364  -9.856558
0.6813566  0.7473653  -9.941459
0.6959951  0.74331504  -10.017119
0.6959731  0.72215056  -10.089601
0.6816492  0.6904583  -10.161736
0.6576721  0.6556927  -10.233142
0.6307501  0.6236053  -10.296144
0.6061437  0.58928496  -10.341722
0.5879519  0.5541722  -10.35451
0.5740696  0.52114075  -10.3325205
0.5635402  0.49565125  -10.281264
0.5519069  0.47942784  -10.2168665
0.5402496  0.469764  -10.144195
0.52646977  0.46550366  -10.065097
0.5117109  0.45951214  -9.983984
0.49505416  0.44779885  -9.910656
0.4785048  0.43195546  -9.845866
0.46264923  0.4142289  -9.783157
0.44719937  0.39450848  -9.71577
0.43084636  0.37354943  -9.652181
0.41229033  0.35369742  -9.606511
0.38997743  0.33502814  -9.590121
0.36516085  0.31848675  -9.596049
0.34197462  0.30428636  -9.617127
0.3243897  0.29402652  -9.648511
0.31247035  0.2881136  -9.694087
0.30337825  0.28273788  -9.754674
0.2947898  0.27522418  -9.826003
0.28506312  0.26326942  -9.900105
0.2697601  0.24658792  -9.97012
0.24717863  0.22236018  -10.035723
0.21600758  0.18199806  -10.096087
0.18273067  0.12290805  -10.140998
0.1526456  0.05194928  -10.150838
0.12777855  -0.013841312  -10.10798
0.10542286  -0.065642364  -10.0157385
0.08074315  -0.10275165  -9.896767
0.05075458  -0.13477129  -9.779627
0.022599215  -0.1585079  -9.671621
0.00462855  -0.17110209  -9.561997
0.004569978  -0.16732956  -9.438899
0.01656668  -0.15102202  -9.30699
0.034561336  -0.12715091  -9.180739
0.051391203  -0.09871653  -9.071236
0.06343115  -0.071883366  -8.991163
0.07083389  -0.053723555  -8.947613
0.073451996  -0.044609156  -8.942157
0.076414354  -0.04286167  -8.968566
0.07748807  -0.04392826  -9.024318
0.0762194  -0.050205577  -9.1065645
0.07141921  -0.058319103  -9.207824
0.06373679  -0.069399655  -9.3158865
0.05282936  -0.08523559  -9.43022
0.03696552  -0.106509306  -9.557771
0.01826751  -0.12875338  -9.700545
9.2159095E-4  -0.14823832  -9.848124
-0.01581186  -0.1739496  -9.988503
-0.036276843  -0.21835707  -10.117419
-0.06171872  -0.28799698  -10.228337
-0.08665151  -0.3715105  -10.303132
-0.10488049  -0.45308912  -10.325241
-0.11374501  -0.52619296  -10.291495
-0.1195303  -0.5922539  -10.215837
-0.12689991  -0.6541791  -10.114851
-0.14060824  -0.7124188  -10.00517
-0.15406357  -0.7644008  -9.8935795
-0.15981181  -0.8046563  -9.776391
-0.15315785  -0.81941634  -9.645114
-0.14077038  -0.8031292  -9.5051565
-0.12984306  -0.764332  -9.3741455
-0.12577188  -0.72390914  -9.2716875
-0.12638253  -0.6989791  -9.201331
-0.1279184  -0.6924639  -9.153576
-0.12268051  -0.6919034  -9.113553
-0.11062483  -0.68991715  -9.08155
-0.0939099  -0.68379015  -9.072178
-0.07836538  -0.6773746  -9.103827
-0.062919736  -0.66942483  -9.175878
-0.047175955  -0.6587603  -9.273437
-0.031851273  -0.6467961  -9.383258
-0.019152543  -0.6316716  -9.501151
-0.012746547  -0.61274666  -9.626119
-0.011276156  -0.59344214  -9.7532625
-0.012377779  -0.5783722  -9.870288
-0.014179771  -0.56786704  -9.965184
-0.01963851  -0.5666706  -10.041424
-0.03263053  -0.58524173  -10.107002
-0.04893974  -0.6266441  -10.158273
-0.05729801  -0.6714446  -10.157866
-0.0574397  -0.7043049  -10.095027
-0.054774437  -0.7231862  -9.987224
-0.0608927  -0.7418123  -9.873915
-0.07026533  -0.7566145  -9.762795
-0.07455795  -0.75489616  -9.641416
-0.06904903  -0.72661924  -9.505415
-0.06034888  -0.6820033  -9.370051
-0.05537656  -0.63648885  -9.253716
-0.055132452  -0.597083  -9.166537
-0.052451935  -0.5604828  -9.103939
-0.042557046  -0.5207874  -9.064989
-0.022140222  -0.47778013  -9.044089
0.0030003053  -0.43467212  -9.039359
0.02632899  -0.399904  -9.0496025
0.03888629  -0.38106468  -9.085541
0.041142315  -0.37666115  -9.153039
0.035052836  -0.38203618  -9.253005
0.027394295  -0.39139628  -9.372247
0.023186361  -0.40501174  -9.499041
0.02374232  -0.4242691  -9.625985
0.028797643  -0.44329092  -9.751316
0.03502518  -0.45373353  -9.87093
0.03978947  -0.45443738  -9.977778
0.03414843  -0.46577087  -10.066932
0.013256534  -0.5085645  -10.138487
-0.019757245  -0.5803698  -10.189645
-0.053465873  -0.6581949  -10.208266
-0.081150584  -0.72070265  -10.184119
-0.10270988  -0.763041  -10.120816
-0.12297824  -0.7876254  -10.035799
-0.14711227  -0.79970485  -9.944228
-0.17216836  -0.80404204  -9.851429
-0.19034714  -0.79728657  -9.7414665
-0.19497968  -0.77002114  -9.606861
-0.18924575  -0.71594214  -9.455177
-0.18495291  -0.65287566  -9.330985
-0.18239969  -0.59415406  -9.24372
-0.17814665  -0.54521257  -9.181714
-0.16349602  -0.49702272  -9.111916
-0.14145134  -0.44954196  -9.037901
-0.12213003  -0.41261876  -8.986045
-0.110214554  -0.39077756  -8.97914
-0.107602686  -0.38221264  -9.0262
-0.10976658  -0.37645805  -9.120769
-0.1158349  -0.3685818  -9.24582
-0.12610571  -0.36014983  -9.382624
-0.14095452  -0.35744643  -9.512094
-0.16096611  -0.36077654  -9.631146
-0.1795855  -0.36510754  -9.73717
-0.1925832  -0.36251983  -9.825038
-0.19791631  -0.35185575  -9.888761
-0.20866723  -0.35229632  -9.945728
-0.22460514  -0.36473408  -9.992378
-0.24227555  -0.38649133  -10.021319
-0.25446132  -0.39875102  -10.009765
-0.26487198  -0.39926195  -9.971481
-0.28143057  -0.39378908  -9.920794
-0.30367884  -0.38752535  -9.86826
-0.32830986  -0.38289943  -9.804421
-0.3435471  -0.3667719  -9.716564
-0.34359077  -0.32333228  -9.597655
-0.33133873  -0.2541208  -9.45827
-0.31550622  -0.17467918  -9.32393
-0.2993388  -0.10467252  -9.213042
-0.27945662  -0.050291907  -9.127696
-0.25529417  -0.010421823  -9.06078
-0.2303493  0.01903763  -9.01297
-0.20966728  0.04062544  -8.993117
-0.19629051  0.054002758  -9.012747
-0.18925732  0.059957337  -9.068014
-0.18636201  0.058360692  -9.150235
-0.18400288  0.0525752  -9.245947
-0.18160076  0.043415565  -9.355618
-0.18030971  0.030952534  -9.479749
-0.1818118  0.01314213  -9.618878
-0.18429033  -0.0066981018  -9.761781
-0.18136261  -0.019112753  -9.890827
-0.17616862  -0.0227653  -10.001171
-0.1753742  -0.028340505  -10.096471
-0.18422425  -0.04771514  -10.17376
-0.19531071  -0.078015506  -10.212143
-0.1989308  -0.10677934  -10.192643
-0.19239096  -0.12650755  -10.123463
-0.18272342  -0.14256233  -10.029942
-0.18054034  -0.16326125  -9.941389
-0.19023849  -0.19229977  -9.871558
-0.2039212  -0.22316718  -9.811643
-0.2028384  -0.23457699  -9.726981
-0.18527447  -0.22303176  -9.612817
-0.15786068  -0.19096212  -9.48396
-0.13481878  -0.15511347  -9.375087
-0.11516603  -0.11692089  -9.282899
-0.09470091  -0.07794133  -9.197364
-0.07289454  -0.04253294  -9.114105
-0.052493718  -0.015685169  -9.04993
-0.036495294  0.0018302621  -9.023078
-0.027116282  0.011722606  -9.043883
-0.023522526  0.016703404  -9.107723
-0.02658681  0.016663235  -9.20048
-0.03440881  0.013489035  -9.308543
-0.04342434  0.009052849  -9.421174
-0.0485777  0.006947059  -9.532596
-0.045460287  0.007099236  -9.638248
-0.032715548  0.011924193  -9.731755
-0.010637321  0.026590234  -9.806649
0.014408384  0.05375002  -9.859372
0.030070296  0.07827865  -9.906522
0.027249994  0.081636526  -9.964935
0.008976855  0.057632014  -10.030314
-0.013852286  0.02162227  -10.069701
-0.030293593  -0.0072698346  -10.055416
-0.04146102  -0.024437035  -9.988475
-0.052213836  -0.035525206  -9.893643
-0.06764766  -0.047742438  -9.791029
-0.08301135  -0.054663282  -9.689434
-0.0945699  -0.053831983  -9.597309
-0.1050184  -0.048547536  -9.531292
-0.12017163  -0.049344983  -9.503171
-0.1406161  -0.05704729  -9.501893
-0.1581054  -0.0661506  -9.500465
-0.16718441  -0.072149  -9.480844
-0.1674657  -0.07395988  -9.44778
-0.1659678  -0.0763109  -9.420494
-0.16989923  -0.084169246  -9.416386
-0.18340605  -0.10327625  -9.442096
-0.20653553  -0.13460837  -9.497318
-0.23582844  -0.17358361  -9.575551
-0.26753765  -0.21506812  -9.666283
-0.29876164  -0.25555333  -9.757636
-0.3267424  -0.295871  -9.838201
-0.3498775  -0.33407155  -9.900439
-0.3676318  -0.36841354  -9.941856
-0.3805915  -0.39793086  -9.964054
-0.3907489  -0.42531046  -9.971878
-0.3993522  -0.4536681  -9.968328
-0.4098123  -0.4860177  -9.954227
-0.42465797  -0.5206621  -9.929694
-0.4442074  -0.55680317  -9.892932
-0.46732327  -0.59102297  -9.84044
-0.49344882  -0.62580806  -9.773354
-0.5233854  -0.6660063  -9.698918
-0.55292255  -0.7148402  -9.630269
-0.5711249  -0.76012915  -9.560491
-0.5710538  -0.78562695  -9.478752
-0.55600834  -0.7862155  -9.387736
-0.5367357  -0.77340287  -9.3164015
-0.52416486  -0.762983  -9.29038
-0.5196016  -0.7612961  -9.311345
-0.51985645  -0.7649593  -9.355495
-0.51438624  -0.76643294  -9.394886
-0.50128955  -0.7642331  -9.412605
-0.48374152  -0.75899196  -9.409682
-0.4680319  -0.7544148  -9.399552
-0.45575273  -0.75091296  -9.396709
-0.44726992  -0.74893785  -9.409149
-0.44246092  -0.7462774  -9.436841
-0.43942544  -0.74017173  -9.4720335
-0.43590927  -0.73284405  -9.50642
-0.43003926  -0.7259581  -9.533062
-0.42185745  -0.7195515  -9.551046
-0.41152152  -0.7103526  -9.563086
-0.39876524  -0.6962604  -9.571691
-0.38364056  -0.68046254  -9.575831
-0.36570358  -0.6672266  -9.57341
-0.34768143  -0.6605038  -9.56503
-0.33236834  -0.6574981  -9.557364
-0.32242432  -0.6561808  -9.554065
-0.31809357  -0.6534744  -9.553879
-0.31813112  -0.65087205  -9.552634
-0.32006332  -0.64880955  -9.54906
-0.32185784  -0.6487605  -9.546901
-0.32054105  -0.6478414  -9.547261
-0.31551385  -0.644625  -9.550762
-0.3067666  -0.63834715  -9.554936
-0.29517373  -0.6315227  -9.560084
-0.28064916  -0.6250428  -9.565639
-0.26429218  -0.619234  -9.573987
-0.2479542  -0.61306745  -9.584122
-0.2351739  -0.60526687  -9.59751
-0.22604875  -0.5958331  -9.610465
-0.22054899  -0.5853757  -9.619975
-0.21684127  -0.5768016  -9.623064
-0.21219862  -0.56838375  -9.621064
-0.20632987  -0.5579283  -9.616307
-0.1978048  -0.5441589  -9.609035
-0.18972324  -0.52907515  -9.601508
-0.18081789  -0.51346546  -9.595168
-0.17201282  -0.49801782  -9.591182
-0.16248225  -0.48219678  -9.588889
-0.15368745  -0.46609345  -9.587293
-0.1449532  -0.45045137  -9.587475
-0.13577744  -0.43604505  -9.589511
-0.12625858  -0.424503  -9.593547
-0.117281795  -0.41350904  -9.598212
-0.109115995  -0.40201202  -9.603158
-0.10164896  -0.3886161  -9.608022
-0.09385073  -0.37384725  -9.612492
-0.08556483  -0.35973656  -9.613917
-0.07707279  -0.3468612  -9.61316
-0.06832116  -0.33400702  -9.612202
-0.0595621  -0.31849977  -9.61359
-0.050582007  -0.30095053  -9.614469
-0.041207787  -0.2821484  -9.614557
-0.031509966  -0.2638962  -9.614736
-0.021292575  -0.24595533  -9.618371
-0.011475592  -0.22842395  -9.623409
-0.0023437229  -0.21011126  -9.626652
0.0048448206  -0.19234352  -9.628001
0.0103918435  -0.17629212  -9.6284895
0.013742566  -0.16286922  -9.630258
0.016703902  -0.15111135  -9.63337
0.018681273  -0.14150791  -9.637805
0.0216502  -0.13268985  -9.642944
0.024779586  -0.12419333  -9.64593
0.02920715  -0.11446152  -9.643994
0.03428236  -0.10402003  -9.637279
0.040324945  -0.09324372  -9.629567
0.046090454  -0.08236628  -9.624466
0.050860006  -0.0730825  -9.621658
0.05489254  -0.06629973  -9.619101
0.058485657  -0.061817035  -9.617144
0.062234253  -0.058107123  -9.616799
0.06569687  -0.05363508  -9.617769
0.06887099  -0.049100548  -9.618589
0.071543485  -0.04448509  -9.618156
0.07341031  -0.040440578  -9.617726
0.074854694  -0.036303993  -9.618596
0.07655328  -0.031950183  -9.6202135
0.078766696  -0.027227452  -9.621682
0.0816572  -0.022149974  -9.621716
0.08424362  -0.017032417  -9.621042
0.08620522  -0.011692521  -9.62002
0.08767129  -0.007421384  -9.619149
0.0887464  -0.0040563107  -9.619895
0.0898572  -0.0015459727  -9.621529
0.09008721  0.0014880964  -9.623367
0.08966142  0.0039322004  -9.624824
0.088323176  0.004893284  -9.626423
0.085305534  0.00293638  -9.6286745
0.08114787  -5.0412974E-4  -9.629989
0.07743531  -0.0043610954  -9.629481
0.07476332  -0.008331121  -9.628433
0.072627164  -0.013389924  -9.628633
0.07072439  -0.018952304  -9.63082
0.06906731  -0.024535937  -9.632646
0.06864013  -0.029394632  -9.6330385
0.06754823  -0.03393564  -9.631629
0.06620539  -0.037792433  -9.630061
0.06346797  -0.041144382  -9.627605
0.060954615  -0.04486175  -9.624783
0.059550095  -0.049597364  -9.6208515
0.05941945  -0.055497024  -9.618352
0.060716227  -0.06225371  -9.618199
0.06235991  -0.070323385  -9.620379
0.06263251  -0.080172315  -9.622882
0.062339682  -0.08911049  -9.625409
0.061530218  -0.095109455  -9.629098
0.060938615  -0.09831954  -9.633033
0.059451267  -0.10161028  -9.635685
0.058230847  -0.105160296  -9.635784
0.057964135  -0.107744336  -9.635358
0.058417197  -0.10987971  -9.635306
