-0.04481164  -0.070255786  -9.654929
-0.02366586  -0.06772638  -9.65512
5.655055E-4  -0.059863884  -9.660132
0.022175105  -0.05347811  -9.662963
0.04254741  -0.047589492  -9.66451
0.06169513  -0.041165147  -9.660204
0.07996311  -0.03306592  -9.651123
0.099860825  -0.022221178  -9.640724
0.11950954  -0.011210903  -9.634494
0.13910757  -7.569377E-4  -9.633732
0.15572293  0.008981965  -9.634254
0.17365892  0.021383991  -9.6333
0.19148825  0.036446  -9.631433
0.20936488  0.05238792  -9.629952
0.22598739  0.06870883  -9.628698
0.24177454  0.08524377  -9.62839
0.2558881  0.101952076  -9.630851
0.26803842  0.118623815  -9.637171
0.27754542  0.13484582  -9.646264
0.2848364  0.15317261  -9.654859
0.29008088  0.173805  -9.661683
0.29433507  0.19752173  -9.666368
0.29809093  0.22214198  -9.669804
0.30123833  0.24670108  -9.670898
0.30337098  0.26966143  -9.668906
0.30510756  0.2911845  -9.663484
0.30742785  0.31144425  -9.656266
0.31106722  0.33060488  -9.6501665
0.31545112  0.34877804  -9.648263
0.32022557  0.3642881  -9.651832
0.32568014  0.37805268  -9.659607
0.33124802  0.39039966  -9.667188
0.3360968  0.40436327  -9.668579
0.33906022  0.4203944  -9.665616
0.34084773  0.43700325  -9.661804
0.34073117  0.45170864  -9.6607065
0.33391783  0.45640862  -9.658024
0.32068583  0.45227453  -9.653348
0.30244625  0.43982962  -9.64836
0.28417587  0.42614532  -9.646081
0.26511693  0.41174677  -9.646
0.24535823  0.39789286  -9.646865
0.22450292  0.38415757  -9.647204
0.20348918  0.36963764  -9.647919
0.183657  0.35388264  -9.64846
0.16682935  0.33810997  -9.650689
0.15187535  0.32177913  -9.653497
0.13533051  0.3048617  -9.656283
0.11789293  0.28637516  -9.657898
0.10007835  0.2678626  -9.6594095
0.08401263  0.24935573  -9.6627
0.06782249  0.23185568  -9.667227
0.05150165  0.21559836  -9.669731
0.035596967  0.20103961  -9.668965
0.021745136  0.18788277  -9.666959
0.009855161  0.1735198  -9.666558
-0.0011309548  0.15714455  -9.667695
-0.01191698  0.13912553  -9.668006
-0.020618772  0.122115515  -9.666722
-0.027803516  0.1066851  -9.663657
-0.033128757  0.09269527  -9.660428
-0.03811124  0.07926011  -9.660431
-0.042831983  0.066113494  -9.666009
-0.048184346  0.05327185  -9.675155
-0.05441155  0.040748347  -9.682588
-0.061339453  0.03031075  -9.684739
-0.068253584  0.021232307  -9.682529
-0.07419746  0.014398843  -9.67818
-0.07882309  0.007967011  -9.6740055
-0.08273022  0.0021372235  -9.669826
-0.086453795  -0.00495743  -9.666482
-0.08864975  -0.012002364  -9.664596
-0.08938464  -0.018316932  -9.665086
-0.087658316  -0.02227057  -9.668955
-0.08479188  -0.02493455  -9.67396
-0.08160475  -0.02663754  -9.678073
-0.079041265  -0.028400028  -9.678325
-0.07675985  -0.030087495  -9.675817
-0.07334668  -0.03172121  -9.672402
-0.07005456  -0.03186388  -9.671559
-0.06761714  -0.03070873  -9.673077
-0.06707278  -0.029163167  -9.67579
-0.067133665  -0.027502911  -9.677367
-0.06573824  -0.025815377  -9.678974
-0.06308766  -0.022843428  -9.680673
-0.058323666  -0.019961962  -9.682799
-0.053956423  -0.017981485  -9.683056
-0.049610198  -0.017628433  -9.681611
-0.04644796  -0.018280338  -9.679371
-0.04398477  -0.02000202  -9.678161
-0.041850626  -0.022563225  -9.677445
-0.04003116  -0.025151595  -9.675815
-0.037487406  -0.026813522  -9.673892
-0.034978285  -0.027823566  -9.673284
-0.03353178  -0.029502429  -9.674068
-0.032402635  -0.03199921  -9.67608
-0.03106833  -0.034760226  -9.679542
-0.02981797  -0.03730878  -9.681562
-0.029342592  -0.038664177  -9.679802
-0.028875768  -0.03952263  -9.6740675
-0.027095519  -0.039661955  -9.66859
-0.025460288  -0.040533584  -9.665809
-0.025073146  -0.0418253  -9.66607
-0.02568569  -0.043805197  -9.667915
-0.026396655  -0.04547854  -9.670864
-0.026462698  -0.046420205  -9.674587
-0.026204085  -0.046215724  -9.677821
-0.025746927  -0.04499204  -9.679284
-0.025233954  -0.0430823  -9.678231
-0.0255386  -0.041248675  -9.674606
-0.026333788  -0.04011817  -9.670574
-0.027122132  -0.04012772  -9.668312
-0.027097305  -0.0407897  -9.670047
-0.026226081  -0.041804735  -9.673242
-0.025409201  -0.042179123  -9.675368
-0.024519915  -0.042462822  -9.672768
-0.024343425  -0.043009758  -9.668864
-0.025455197  -0.044151057  -9.666359
-0.02773928  -0.045463342  -9.667636
-0.031096393  -0.046223354  -9.667998
-0.034341797  -0.04720342  -9.665081
-0.037684713  -0.047105268  -9.658022
-0.040685955  -0.045721795  -9.651208
-0.044104945  -0.042981964  -9.646625
-0.047535807  -0.04018514  -9.64532
-0.050964296  -0.037124027  -9.646572
-0.05490503  -0.033582345  -9.648738
-0.058808047  -0.029730378  -9.652007
-0.063514955  -0.026097609  -9.654884
-0.06812117  -0.022468418  -9.657402
-0.0731951  -0.018916985  -9.660634
-0.07783502  -0.015803466  -9.665313
-0.08069802  -0.014702725  -9.67122
-0.08106407  -0.015205997  -9.677844
-0.078858756  -0.01834969  -9.683692
-0.07561643  -0.021793872  -9.68755
-0.07201292  -0.02586084  -9.687567
-0.06830817  -0.02835311  -9.6831045
-0.064100794  -0.030383855  -9.675038
-0.05906424  -0.032034025  -9.665366
-0.05319154  -0.034684956  -9.6564
-0.04652809  -0.03841154  -9.649582
-0.039617438  -0.04360457  -9.64489
-0.031967998  -0.049346488  -9.642731
-0.023391327  -0.055010006  -9.6414995
-0.014443003  -0.059058797  -9.638887
-0.00513033  -0.06009442  -9.632039
0.004544839  -0.058318377  -9.621676
0.014903034  -0.05464074  -9.612676
0.023960749  -0.05200086  -9.612335
0.028819079  -0.051435452  -9.62457
0.028154677  -0.054176833  -9.646408
0.025147356  -0.057452332  -9.666747
0.025437504  -0.057467926  -9.675104
0.03239044  -0.050531834  -9.665837
0.046802074  -0.036196087  -9.642779
0.066120476  -0.017526187  -9.615563
0.088017024  0.0020211132  -9.594018
0.11085046  0.018076489  -9.583951
0.13491644  0.029335434  -9.585509
0.15939374  0.035516635  -9.595592
0.18354069  0.038470987  -9.608983
0.2078272  0.04058856  -9.6183195
0.23511343  0.043765884  -9.617497
0.26677623  0.049392074  -9.605859
0.30231705  0.056381524  -9.586804
0.33981815  0.06329114  -9.565715
0.37840545  0.0695435  -9.546357
0.41749153  0.076312006  -9.530734
0.45682514  0.08444136  -9.520513
0.4945383  0.0945022  -9.517543
0.5288164  0.10570145  -9.525299
0.55682784  0.11661116  -9.543769
0.5804756  0.12555991  -9.572182
0.6026452  0.13365881  -9.606549
0.6252548  0.14459527  -9.641729
0.64653915  0.15982795  -9.672161
0.66392136  0.1789881  -9.698964
0.67759514  0.20074558  -9.731002
0.6861947  0.22230737  -9.774899
0.6893539  0.2413032  -9.833298
0.687927  0.2543192  -9.893885
0.68587154  0.26122478  -9.949855
0.6856503  0.26372847  -9.9917755
0.6859121  0.26195285  -10.018585
0.6854195  0.2568228  -10.022748
0.68537015  0.24723887  -10.000463
0.68965226  0.23637474  -9.955468
0.6966707  0.22373043  -9.9017105
0.6989522  0.20682494  -9.855468
0.68806964  0.18199734  -9.82845
0.6611875  0.15039058  -9.822369
0.6219413  0.11801407  -9.82634
0.5772695  0.08994323  -9.824852
0.5335468  0.0702487  -9.807652
0.49438843  0.057635203  -9.77428
0.4618927  0.050755013  -9.729232
0.43480024  0.045036625  -9.678341
0.41342807  0.03636811  -9.632506
0.39733467  0.02231392  -9.601425
0.38743392  0.0019727654  -9.58634
0.38157448  -0.0205475  -9.580785
0.3765806  -0.041781154  -9.578446
0.36763203  -0.060627963  -9.579236
0.35200596  -0.07982865  -9.587033
0.33202532  -0.101973034  -9.602437
0.31282717  -0.1256671  -9.622584
0.29853296  -0.15117584  -9.643077
0.28928843  -0.17879133  -9.665311
0.28312215  -0.20747705  -9.691331
0.27656886  -0.2344327  -9.718574
0.26441017  -0.25983348  -9.746835
0.24152286  -0.2873095  -9.779079
0.20730339  -0.32029402  -9.81375
0.16732477  -0.35355487  -9.834399
0.1322419  -0.37859377  -9.825359
0.10748401  -0.3885702  -9.782645
0.0901374  -0.38670528  -9.725137
0.06996477  -0.3794891  -9.667359
0.042149466  -0.37142822  -9.6198225
0.010546011  -0.36133012  -9.582075
-0.01805011  -0.3483936  -9.555145
-0.040823083  -0.33060881  -9.535328
-0.059823576  -0.31113526  -9.516564
-0.07493377  -0.29132408  -9.493759
-0.08083164  -0.27316958  -9.46651
-0.07301625  -0.25545254  -9.436085
-0.04975255  -0.23939937  -9.404073
-0.015043932  -0.2284013  -9.377271
0.02473644  -0.224935  -9.364921
0.064204715  -0.22849463  -9.372157
0.09933018  -0.23494184  -9.398761
0.13080728  -0.2425751  -9.440511
0.15914245  -0.24769199  -9.489655
0.18262787  -0.24730092  -9.538806
0.19641109  -0.24064688  -9.58553
0.19795455  -0.2295891  -9.635743
0.18790531  -0.21820855  -9.692912
0.17065716  -0.20600219  -9.752842
0.15057188  -0.1937453  -9.812179
0.12705943  -0.17992873  -9.869093
0.09085534  -0.16434072  -9.921407
0.03240189  -0.14739242  -9.965208
-0.045823965  -0.12825648  -9.993575
-0.12821926  -0.10328884  -10.000065
-0.2021571  -0.07285929  -9.977155
-0.26469207  -0.04340462  -9.928893
-0.31846327  -0.023336656  -9.86491
-0.3603356  -0.012460503  -9.794393
-0.3876427  -0.004701181  -9.7207985
-0.40368974  4.128945E-4  -9.649268
-0.41741958  -0.0011832403  -9.582797
-0.43193027  -0.014162242  -9.521365
-0.4424856  -0.033708397  -9.460288
-0.4399228  -0.052340787  -9.39763
-0.42173055  -0.065048985  -9.338558
-0.39344406  -0.07247999  -9.2875595
-0.36343226  -0.07837169  -9.25346
-0.33493567  -0.085780255  -9.243788
-0.30899724  -0.09457368  -9.264283
-0.28705037  -0.10322523  -9.312009
-0.2735283  -0.11017152  -9.37524
-0.26927435  -0.1153684  -9.44291
-0.2743572  -0.11714371  -9.50965
-0.2884616  -0.11206856  -9.572959
-0.31005168  -0.10006527  -9.630717
-0.3376427  -0.08275943  -9.680917
-0.3673854  -0.062089916  -9.722752
-0.3997154  -0.03870428  -9.757209
-0.4330682  -0.015273832  -9.791515
-0.46424046  0.0048093474  -9.833896
-0.4854611  0.021685133  -9.886291
-0.48838142  0.038159035  -9.9356165
-0.47264495  0.05247352  -9.963153
-0.44841656  0.06170516  -9.956054
-0.4310026  0.063751854  -9.906174
-0.42565748  0.05917786  -9.812476
-0.41982803  0.049968112  -9.688653
-0.39538312  0.040280536  -9.559284
-0.34516987  0.034595687  -9.4516535
-0.27934757  0.030873707  -9.379638
-0.21129817  0.025222654  -9.345093
-0.14845474  0.018038824  -9.336529
-0.09099475  0.014914869  -9.328801
-0.044946954  0.019814799  -9.309378
-0.012656834  0.03026443  -9.27879
0.0065399893  0.041966125  -9.254493
0.020853667  0.05212337  -9.247939
0.03324764  0.06053023  -9.264828
0.04372411  0.06669289  -9.305642
0.049506407  0.067084566  -9.36795
0.049920287  0.057668313  -9.447624
0.047790717  0.038862947  -9.54105
0.045370873  0.017543552  -9.643327
0.043559477  6.9885375E-4  -9.74899
0.04095586  -0.007280957  -9.846551
0.035493124  -0.0063712336  -9.923775
0.027626721  0.003901039  -9.979295
0.019934015  0.014814186  -10.0252495
0.012641929  0.012987853  -10.071995
0.002790613  -0.011545588  -10.1138735
-0.01323843  -0.046433408  -10.133522
-0.03006425  -0.07491237  -10.117721
-0.04204628  -0.08889329  -10.068309
-0.048809648  -0.09828309  -10.000313
-0.05806233  -0.111881346  -9.928046
-0.0778513  -0.13194537  -9.855059
-0.11345535  -0.15378393  -9.772473
-0.16451597  -0.1733358  -9.674044
-0.22201999  -0.18478183  -9.565135
-0.2704866  -0.18683322  -9.459685
-0.2968596  -0.1789215  -9.373875
-0.29672143  -0.16304207  -9.319939
-0.27822676  -0.14197622  -9.300701
-0.2532972  -0.12220431  -9.305546
-0.23413223  -0.10960567  -9.3166275
-0.22575791  -0.10458321  -9.319068
-0.22759442  -0.102003  -9.313512
-0.23665321  -0.095875286  -9.309709
-0.2489655  -0.0841513  -9.3294325
-0.25527394  -0.06892735  -9.379906
-0.24856126  -0.054876845  -9.459722
-0.22871548  -0.045245815  -9.551518
-0.20693624  -0.041345526  -9.646512
-0.19073375  -0.043524265  -9.737081
-0.17879228  -0.053064257  -9.822465
-0.16010396  -0.07057083  -9.903119
-0.12562883  -0.092149846  -9.97741
-0.07605889  -0.113858104  -10.037352
-0.023117088  -0.13321169  -10.065642
0.019584224  -0.1518259  -10.049126
0.045988988  -0.17237884  -9.989242
0.061815184  -0.19581921  -9.904193
0.07569599  -0.22404881  -9.812808
0.09319729  -0.24993636  -9.723216
0.114552796  -0.26437846  -9.633338
0.1425568  -0.2615672  -9.545887
0.17848213  -0.2543305  -9.471854
0.2198758  -0.25703144  -9.423778
0.25892663  -0.2762868  -9.405072
0.29385874  -0.29926652  -9.403086
0.32828787  -0.31551886  -9.402211
0.3661385  -0.3207245  -9.393271
0.40772176  -0.3201777  -9.383279
0.44795427  -0.31863117  -9.387978
0.48234984  -0.32008147  -9.421875
0.50381416  -0.327273  -9.486558
0.5115028  -0.33808255  -9.570403
0.50249094  -0.3469725  -9.656029
0.4908261  -0.3538134  -9.731804
0.47829318  -0.36126554  -9.793584
0.4686478  -0.3759999  -9.846162
0.45335984  -0.39809346  -9.893683
0.43273807  -0.4232186  -9.934961
0.41175357  -0.44455162  -9.962869
0.39520487  -0.46002355  -9.97367
0.38458776  -0.47333613  -9.969704
0.3742639  -0.4891274  -9.957106
0.35791066  -0.5057786  -9.941536
0.3362682  -0.520771  -9.922071
0.3124481  -0.52978873  -9.892388
0.28683063  -0.53003365  -9.83808
0.2531487  -0.5174546  -9.755528
0.2063415  -0.49400666  -9.652396
0.1458513  -0.4652462  -9.550641
0.07839678  -0.43979058  -9.471453
0.012995052  -0.42018828  -9.426862
-0.04167961  -0.40480158  -9.419402
-0.08613037  -0.391489  -9.43941
-0.12710617  -0.37962773  -9.473973
-0.1725357  -0.36867273  -9.5079565
-0.22145729  -0.35671127  -9.533774
-0.26783404  -0.3416802  -9.552007
-0.3067036  -0.32426462  -9.566974
-0.33961478  -0.30615425  -9.581767
-0.3690977  -0.28983024  -9.597547
-0.3965999  -0.27708033  -9.617459
-0.4217702  -0.2713451  -9.6406355
-0.44376454  -0.27193096  -9.662533
-0.4621764  -0.2780917  -9.68072
-0.47867462  -0.28600398  -9.697057
-0.49737892  -0.29307818  -9.714136
-0.517597  -0.29750392  -9.728227
-0.533427  -0.3007507  -9.7381315
-0.5361422  -0.30973217  -9.743415
-0.5381882  -0.32414427  -9.745885
-0.54365134  -0.33977985  -9.745592
-0.55638933  -0.34725317  -9.738902
-0.5640807  -0.34369195  -9.726939
-0.56378156  -0.33407187  -9.712302
-0.55766517  -0.3275791  -9.70094
-0.5485788  -0.32823303  -9.689134
-0.5398142  -0.33090892  -9.669421
-0.5301924  -0.32706282  -9.636048
-0.5164485  -0.31650308  -9.590943
-0.49904338  -0.30155984  -9.541367
-0.4799889  -0.28657535  -9.502121
-0.46442804  -0.2736894  -9.488457
-0.45473742  -0.26445514  -9.500007
-0.45156762  -0.2573298  -9.523182
-0.4525664  -0.24820526  -9.538777
-0.4527129  -0.2335215  -9.541471
-0.44832513  -0.21449463  -9.538543
-0.44114694  -0.19587417  -9.538151
-0.43267295  -0.17970367  -9.544705
-0.42154944  -0.16499868  -9.553532
-0.40565953  -0.15031676  -9.561095
-0.3865687  -0.13643852  -9.569145
-0.37087193  -0.124665044  -9.581211
-0.36217794  -0.11394084  -9.600209
-0.3616666  -0.10427922  -9.624583
-0.36723676  -0.094112135  -9.645281
-0.3763294  -0.08243358  -9.655712
-0.38687047  -0.065638095  -9.655643
-0.39760026  -0.044564426  -9.653828
-0.40784588  -0.01988914  -9.654369
-0.41822734  0.003602937  -9.655507
-0.4272414  0.023265311  -9.652226
-0.43478295  0.037514966  -9.647002
-0.4415722  0.04865557  -9.640527
-0.44734922  0.061698556  -9.636265
-0.45079577  0.07744757  -9.63348
-0.4510893  0.09481087  -9.633571
-0.44936594  0.11064684  -9.633946
-0.4457526  0.12386814  -9.6288395
-0.440361  0.13453586  -9.616388
-0.43416753  0.14235142  -9.600373
-0.43068552  0.14798088  -9.589166
-0.4308149  0.15013848  -9.588356
-0.43537128  0.14904316  -9.59681
-0.44198856  0.1462127  -9.609984
-0.44783053  0.14339459  -9.622729
-0.44911385  0.14172995  -9.631936
-0.44341445  0.14262334  -9.636955
-0.4316741  0.14619346  -9.6427
-0.42091295  0.15003456  -9.649438
-0.41325557  0.15214354  -9.653922
-0.40708745  0.15216559  -9.653398
-0.3975276  0.15182367  -9.647641
-0.3835453  0.1520737  -9.639224
-0.36755678  0.15161063  -9.6281
-0.3523948  0.15041798  -9.618346
-0.33940992  0.1462784  -9.613731
-0.32771027  0.14030139  -9.614575
-0.31468728  0.13210219  -9.617591
-0.29973474  0.123418085  -9.61861
-0.2833233  0.11527902  -9.615552
-0.26510262  0.10752028  -9.6108055
-0.24475478  0.09927701  -9.608047
-0.2214169  0.08950981  -9.610829
-0.19673306  0.07881706  -9.616864
-0.17233281  0.06787012  -9.62016
-0.14898618  0.057434604  -9.618092
-0.1269375  0.047754306  -9.614254
-0.105795406  0.040117227  -9.615414
-0.08863453  0.03370091  -9.622025
-0.077346064  0.02845095  -9.628497
-0.071174525  0.026505956  -9.626417
-0.067378946  0.028799064  -9.614774
-0.0644219  0.03534269  -9.599528
-0.06427756  0.04284354  -9.589982
-0.06771927  0.050416153  -9.588659
-0.07405994  0.057649318  -9.593606
-0.08019238  0.064951986  -9.600802
-0.08429364  0.07215742  -9.60798
-0.08482658  0.078967206  -9.614091
-0.08279936  0.0838441  -9.619605
-0.07809055  0.08695603  -9.623216
-0.07303394  0.08824786  -9.623205
-0.070306025  0.086974956  -9.6202545
-0.073062025  0.0820145  -9.616498
-0.07798064  0.07412362  -9.616574
-0.08265986  0.064882375  -9.624708
-0.08479782  0.05606063  -9.637624
-0.08626119  0.047749918  -9.648707
-0.08722005  0.0414826  -9.652298
-0.0886347  0.037678204  -9.650773
-0.08955083  0.036103707  -9.648353
-0.08918304  0.036920235  -9.645022
-0.08683517  0.03861067  -9.640967
-0.08493474  0.04193489  -9.638146
-0.08540416  0.04534456  -9.637131
-0.088276446  0.049894895  -9.637197
-0.09133762  0.055263665  -9.635984
-0.09394906  0.060513306  -9.633676
-0.097326994  0.06537915  -9.629715
-0.10122612  0.06971548  -9.626485
-0.10530371  0.07357833  -9.627437
-0.10825286  0.076297745  -9.63258
-0.1109555  0.07779151  -9.6366415
-0.11263124  0.07789602  -9.634917
-0.11281017  0.077312045  -9.6303425
-0.11079311  0.07522121  -9.628724
-0.10786087  0.07087993  -9.633872
-0.10508052  0.06415523  -9.64158
-0.10268255  0.056672852  -9.646959
-0.10047481  0.05069573  -9.648725
-0.099409305  0.045534503  -9.648868
-0.097906016  0.040917937  -9.647367
-0.095126115  0.034327522  -9.646961
-0.089309275  0.026545277  -9.646554
-0.08285021  0.0174806  -9.646686
-0.07774118  0.0101362765  -9.644603
-0.07494611  0.00504385  -9.643208
-0.07394313  0.0022337243  -9.642142
-0.07212717  0.0027560631  -9.638507
-0.0679559  0.0059827766  -9.63086
-0.06150259  0.0115970895  -9.621208
-0.055406883  0.01615611  -9.611571
-0.052218657  0.018867902  -9.603764
-0.0529462  0.01856228  -9.600328
-0.055344503  0.015698127  -9.601989
-0.05611645  0.011216055  -9.608387
-0.053904578  0.0052727736  -9.616073
-0.05067396  -0.0014907893  -9.62395
-0.048390348  -0.007520432  -9.628549
-0.046764582  -0.011902802  -9.627508
-0.04337425  -0.01567511  -9.623024
-0.038196888  -0.021006085  -9.619288
-0.032519076  -0.026997792  -9.61992
-0.027733013  -0.031668965  -9.623085
-0.022898277  -0.034033313  -9.627506
-0.018252267  -0.03538799  -9.632102
-0.014122992  -0.036973268  -9.637247
-0.010880449  -0.038708813  -9.640771
-0.0072356295  -0.040408853  -9.642852
-0.0038721294  -0.041079517  -9.642016
-3.147607E-4  -0.041700765  -9.640251
0.0021026041  -0.04085971  -9.637577
0.0043443074  -0.03813349  -9.636382
0.005699979  -0.03307941  -9.636485
0.0076548182  -0.028762871  -9.637675
0.010774848  -0.026968732  -9.638649
0.015441318  -0.027923627  -9.640126
0.018153524  -0.029774413  -9.644694
0.0183149  -0.03138356  -9.648546
0.016637353  -0.032863244  -9.649128
0.01613099  -0.03450214  -9.646591
0.01752336  -0.03626609  -9.644758
0.019645927  -0.038260046  -9.645652
0.021499872  -0.04031607  -9.648379
0.022669038  -0.04297036  -9.654017
0.022927731  -0.044878867  -9.66003
0.023624795  -0.045406  -9.663314
0.024950182  -0.043559734  -9.662972
0.028221147  -0.039489713  -9.660429
0.033237617  -0.03231519  -9.656039
0.038492266  -0.02267504  -9.650719
0.042135518  -0.012285035  -9.645225
0.043386176  -0.003667115  -9.642285
0.043247458  0.0017552236  -9.641529
0.042602867  0.0045275013  -9.645127
0.042434495  0.0053044595  -9.652913
0.042351782  0.006709864  -9.664149
0.042694613  0.008402116  -9.673377
0.04236396  0.010865447  -9.6769705
0.04164574  0.0131460065  -9.674577
0.039432812  0.015595265  -9.668583
0.037108347  0.018568216  -9.661151
0.033530746  0.022206834  -9.6524725
0.028650032  0.026902458  -9.643071
0.021306166  0.03233155  -9.634777
0.015089753  0.038324654  -9.62975
0.012616336  0.0428932  -9.629956
0.013530329  0.04422222  -9.634826
0.015538153  0.04181004  -9.639639
0.017321194  0.03749825  -9.642434
0.019409863  0.03384166  -9.64232
0.022153178  0.031724628  -9.6414995
0.024089642  0.031396583  -9.640171
0.026885645  0.030391088  -9.637931
0.030531174  0.027529692  -9.6378565
0.034471467  0.023441799  -9.639049
0.03697486  0.019409375  -9.638997
0.03721727  0.0152921425  -9.635701
0.03638449  0.009006262  -9.630402
0.03616649  -0.0014781336  -9.627981
0.037840035  -0.01865057  -9.63099
0.0434992  -0.04174149  -9.639256
0.05055824  -0.06996428  -9.650632
0.05825177  -0.100432485  -9.660224
0.063232906  -0.13216782  -9.666242
0.064870484  -0.16436268  -9.670505
0.062499702  -0.19713716  -9.675009
0.05763578  -0.22997926  -9.679546
0.05036232  -0.2605356  -9.680113
0.040348057  -0.28806332  -9.676899
