0.07798313  -0.23196687  -10.245
0.061926916  -0.18735912  -10.253465
0.057097167  -0.15225275  -10.257558
0.049717706  -0.085146725  -10.258587
0.04942365  -0.043982804  -10.2542
0.04460031  -0.02351477  -10.246449
0.033516824  -0.018834494  -10.245372
0.025849001  -0.017371396  -10.246488
0.018130464  -0.015945302  -10.247368
0.014931251  -0.015142071  -10.245773
0.011296007  -0.016140169  -10.242526
0.01177247  -0.017712452  -10.240973
0.0111972885  -0.01890359  -10.242097
0.0113773765  -0.019441746  -10.244743
0.011788311  -0.02010767  -10.248029
0.01291022  -0.020745307  -10.247822
0.014575172  -0.020235062  -10.246167
0.016049558  -0.018388322  -10.244767
0.016538857  -0.01680123  -10.245674
0.015852438  -0.015667723  -10.2463255
0.013734798  -0.01391913  -10.247799
0.012053809  -0.011995369  -10.249679
0.010738145  -0.010605057  -10.251138
0.009895796  -0.008814921  -10.252243
0.008405831  -0.00913831  -10.252492
0.00648395  -0.00772203  -10.252414
0.004731497  -0.007395401  -10.252086
0.0028249752  -0.0059327446  -10.253999
0.0022243601  -0.0052248  -10.255863
0.0025758964  -0.004005334  -10.257391
0.003670089  -0.002709898  -10.259137
0.0032795332  -0.0023314448  -10.260607
0.0020610427  -0.0021166506  -10.261143
8.2514604E-4  -0.0010903046  -10.260343
-6.09565E-4  -0.0010003817  -10.260472
-0.0011744768  -0.0013228897  -10.261883
-0.002698835  -0.0011828745  -10.262833
-0.0034475073  0.0016832078  -10.263699
-0.0042332713  0.004857335  -10.2649355
-0.0054050623  0.0055057206  -10.267907
-0.0061411313  0.005791309  -10.271263
-0.0063605234  0.0064788186  -10.274691
-0.005453546  0.007809116  -10.276211
-0.0058597275  0.008134182  -10.277423
-0.0064711496  0.00831627  -10.277962
-0.0074901865  0.009711109  -10.279197
-0.008285054  0.011456057  -10.280952
-0.010344516  0.013388998  -10.282859
-0.0133044375  0.014465008  -10.283772
-0.01651475  0.015315457  -10.283524
-0.019702995  0.016547851  -10.282397
-0.02254857  0.017470988  -10.282768
-0.024609646  0.018807985  -10.283694
-0.026209904  0.019492265  -10.283867
-0.026237806  0.020037657  -10.2831955
-0.026064465  0.019001106  -10.282532
-0.025152057  0.017282872  -10.283273
-0.024517925  0.015855718  -10.283441
-0.023936993  0.015416869  -10.283847
-0.023819325  0.014402327  -10.283802
-0.023857983  0.014248227  -10.2839155
-0.023509195  0.01304781  -10.28408
-0.022597326  0.012947963  -10.2837
-0.0214179  0.012409625  -10.283604
-0.021057094  0.012581069  -10.283042
-0.021865629  0.0120924  -10.283437
-0.02312524  0.012134069  -10.281678
-0.023177497  0.013001447  -10.279273
-0.022735283  0.014366976  -10.277729
-0.022732982  0.014620979  -10.277183
-0.022470996  0.016806385  -10.276338
-0.022555426  0.019231463  -10.274684
-0.022596097  0.022928616  -10.274353
-0.02482839  0.023409972  -10.274918
-0.02814229  0.022631945  -10.274872
-0.030695824  0.020987032  -10.274028
-0.03203472  0.019011484  -10.273
-0.03255764  0.0171158  -10.272712
-0.0322302  0.01558184  -10.272993
-0.030047968  0.015051982  -10.27241
-0.027098963  0.014246713  -10.271926
-0.02511583  0.012997909  -10.271678
-0.02399406  0.012416045  -10.271482
-0.022870095  0.013097074  -10.270908
-0.0201604  0.013900142  -10.270387
-0.01737124  0.014717047  -10.270279
-0.015040204  0.014826208  -10.270162
-0.014592625  0.014679101  -10.269216
-0.014940861  0.013377506  -10.26769
-0.014478278  0.01314525  -10.266884
-0.01366431  0.013767318  -10.26604
-0.0117740035  0.016144661  -10.265736
-0.010510917  0.019394321  -10.263808
-0.00972198  0.021540642  -10.26253
-0.009150218  0.022199413  -10.261343
-0.008163118  0.02176729  -10.260535
-0.0071485327  0.022747232  -10.260516
-0.007015884  0.0245009  -10.2597
-0.0076051974  0.025636785  -10.260619
-0.0066706263  0.02568104  -10.258468
-0.0061469576  0.02430441  -10.257318
-0.0055256872  0.023148745  -10.254604
-0.0063557154  0.021666437  -10.25493
-0.007083802  0.021093687  -10.2570505
-0.0068564317  0.020326005  -10.259
-0.0068246275  0.019435639  -10.260678
-0.006540851  0.017233124  -10.261386
-0.0068822787  0.015507621  -10.261878
-0.0065505416  0.014395229  -10.261845
-0.0051260423  0.014145158  -10.259923
-0.0035246497  0.014496592  -10.258502
-0.002419793  0.014958683  -10.2562065
-0.0027769015  0.015898438  -10.2545
-0.004103022  0.01622478  -10.25198
-0.005589494  0.016719474  -10.250962
-0.0074459906  0.017447283  -10.2503805
-0.008087739  0.019361123  -10.251208
-0.008020178  0.020608922  -10.250688
-0.0066862893  0.022040814  -10.250445
-0.005864346  0.021308316  -10.249889
-0.0048875697  0.02095273  -10.250158
-0.0045115068  0.019841112  -10.25072
-0.0038480314  0.02017141  -10.251393
-0.002433188  0.020585863  -10.252609
-0.0015163543  0.02167262  -10.254459
-0.0015414219  0.021616818  -10.256576
-0.0032328742  0.020842409  -10.258527
-0.004955677  0.019074963  -10.25912
-0.005344516  0.016797293  -10.258705
-0.0054785064  0.015711019  -10.258212
-0.005860998  0.015999239  -10.258171
-0.007419866  0.016990734  -10.259824
-0.008878256  0.017273113  -10.260495
-0.009960542  0.01738107  -10.261889
-0.010591391  0.018218378  -10.2612
-0.012529491  0.02007682  -10.261803
-0.013363955  0.022603372  -10.262108
-0.013190751  0.025987344  -10.263059
-0.011507499  0.02825666  -10.26309
-0.010466433  0.029316321  -10.26165
-0.009975988  0.028860709  -10.260538
-0.0088398205  0.02839724  -10.260047
-0.0077120303  0.027984751  -10.260319
-0.007821556  0.027555784  -10.260385
-0.008774483  0.027044369  -10.260201
-0.009328829  0.027175948  -10.260798
-0.0074707507  0.026299736  -10.26098
-0.005574455  0.026019247  -10.26138
-0.0039727334  0.025049485  -10.261757
-0.002778531  0.026454091  -10.263001
-6.999129E-4  0.02784093  -10.263578
0.0014780642  0.029188858  -10.2639265
0.0026400576  0.028581059  -10.263231
0.0031186456  0.027055696  -10.263149
0.0027506652  0.024451023  -10.26304
0.0022283376  0.022937635  -10.263963
6.307944E-4  0.02173104  -10.264609
-4.8628196E-4  0.022181742  -10.2640295
-8.483327E-4  0.021926224  -10.263448
-6.7359116E-4  0.02273479  -10.262587
6.142884E-5  0.023321507  -10.262071
7.0037413E-4  0.02369306  -10.261822
0.0015929919  0.023273377  -10.261533
0.001457822  0.022904528  -10.261283
8.8190794E-4  0.022820547  -10.261388
1.5074422E-4  0.022643102  -10.262118
-4.5601637E-4  0.021633828  -10.263267
-8.293151E-4  0.020555487  -10.2627535
-0.0011653766  0.019346245  -10.2624235
-6.3717715E-4  0.017867697  -10.262546
9.1254275E-5  0.016284926  -10.263383
0.0021272686  0.0142419515  -10.264054
0.0029967704  0.012525338  -10.263863
0.0038839774  0.009998948  -10.263658
0.0038920324  0.008983524  -10.262269
0.0046690726  0.008785067  -10.262164
0.0049909945  0.010284167  -10.262723
0.004869168  0.011356023  -10.26393
0.0047708787  0.012485921  -10.264579
0.00572739  0.013248091  -10.264795
0.007261028  0.014723578  -10.264679
0.009086841  0.0152144255  -10.264489
0.0094214  0.015207436  -10.264277
0.009787933  0.01371345  -10.264388
0.009173426  0.012697761  -10.264296
0.008583219  0.010973863  -10.263867
0.0068495017  0.008915464  -10.263757
0.005301298  0.00656088  -10.263896
0.0031709538  0.00563832  -10.265063
7.2199124E-4  0.0065206815  -10.265931
-8.060105E-4  0.008251839  -10.266057
-6.2581594E-4  0.009972309  -10.264557
8.9319533E-4  0.010404282  -10.26287
0.0013737982  0.009912043  -10.262505
0.0010452843  0.008684962  -10.2631445
3.1062044E-4  0.007708927  -10.264585
-2.9144235E-4  0.006484316  -10.265728
-0.0011274415  0.00610521  -10.266208
-0.001581057  0.005944735  -10.267297
-0.0012159424  0.0070340824  -10.2695465
-4.934361E-4  0.008047401  -10.27111
1.2637957E-4  0.009016593  -10.270993
4.4028528E-4  0.010171758  -10.269551
0.0012643497  0.011624158  -10.2683935
0.0030233513  0.012619342  -10.26827
0.0044672783  0.01306108  -10.267066
0.004768427  0.0128948055  -10.266985
0.0029770036  0.012442064  -10.26635
0.0010750842  0.012618526  -10.266903
-6.262133E-4  0.013383873  -10.268287
-0.0012123118  0.014286949  -10.269711
-0.0011934323  0.014955614  -10.270297
-0.0013587199  0.01504701  -10.269764
-9.527697E-4  0.015912523  -10.269596
-0.0016081607  0.015275255  -10.269952
-0.0012411746  0.014160161  -10.270299
-0.0016017203  0.011959642  -10.270863
-0.0018682076  0.010250456  -10.27105
-0.0035139315  0.010086139  -10.271647
-0.0047559626  0.010911435  -10.271825
-0.004916886  0.011837375  -10.272236
-0.0038303882  0.012177087  -10.272239
-0.0040365052  0.011724389  -10.2712555
-0.004985431  0.011518714  -10.2696295
-0.005562142  0.011484683  -10.267509
-0.0047519566  0.012043465  -10.266318
-0.003781162  0.012601021  -10.266232
-0.003708265  0.012519572  -10.267051
-0.0041156746  0.013323586  -10.267626
-0.0036098578  0.013628841  -10.267528
-0.0033394296  0.014173745  -10.266637
-0.0031208813  0.014386858  -10.2657385
-0.0034035284  0.014977493  -10.265092
-0.0033816937  0.015528098  -10.264541
-0.0029334046  0.016311752  -10.263091
-0.0025149963  0.016518703  -10.261004
-0.002648818  0.01681747  -10.260631
-0.0028690295  0.01575152  -10.261329
-0.0033183508  0.0147292195  -10.262755
-0.0032085243  0.013476934  -10.263704
-0.0036540718  0.0131785795  -10.264184
-0.0038939116  0.014337872  -10.265287
-0.002966143  0.01536635  -10.265049
-9.88391E-4  0.016810866  -10.265119
0.0018139603  0.017044801  -10.26469
0.0024721676  0.016147325  -10.263676
0.0020489187  0.013788581  -10.263255
-3.2188403E-4  0.011016778  -10.263302
-0.0013680303  0.009453155  -10.263619
-0.002695372  0.008243959  -10.262609
-0.002355122  0.009018071  -10.2617
-0.0031628122  0.010091125  -10.262078
-0.0030914333  0.012333133  -10.263275
-0.004192469  0.013123111  -10.263973
-0.0044091498  0.013245861  -10.263045
-0.005205543  0.012553972  -10.262206
-0.0056419284  0.012452046  -10.261097
-0.0059451535  0.013086037  -10.261459
-0.0051178783  0.01443747  -10.261993
-0.0036451991  0.01580965  -10.263557
-0.002667186  0.015633171  -10.26487
-0.0024422177  0.014632843  -10.266229
-0.0025418934  0.012229472  -10.266421
-0.0022399249  0.011162169  -10.265456
-0.0022193443  0.009960462  -10.265788
-0.0024576045  0.0096004605  -10.266398
-0.0031488829  0.009336002  -10.268608
-0.0026424148  0.009063267  -10.268748
-0.002352702  0.008986044  -10.267966
-0.0024303861  0.008081944  -10.266734
-0.0040758844  0.0061111543  -10.265802
-0.0060578696  0.0050674137  -10.265586
-0.0066094087  0.004294136  -10.264652
-0.006169327  0.0051720496  -10.264876
-0.005376505  0.0056269392  -10.264195
-0.0057288758  0.0071683056  -10.263894
-0.0061948844  0.008763991  -10.261769
-0.0067451503  0.008991976  -10.261312
-0.007363507  0.008923731  -10.261739
-0.00907983  0.008950478  -10.263383
-0.010393124  0.009709277  -10.263336
-0.0105913365  0.010668089  -10.262882
-0.010265686  0.011297778  -10.263305
-0.0088689  0.013151523  -10.264184
-0.007827174  0.015003773  -10.265447
-0.006074179  0.01671806  -10.265914
-0.005470559  0.017251538  -10.266088
-0.004659439  0.016674295  -10.264911
-0.0038863982  0.014849718  -10.263756
-0.0037265513  0.013781692  -10.262803
-0.0038716255  0.01359389  -10.263993
-0.0038745522  0.014801732  -10.265437
-0.0032116126  0.01525562  -10.267348
-0.0039004025  0.01489605  -10.268271
-0.0049541728  0.014741368  -10.269254
-0.005575377  0.014895315  -10.269783
-0.0053063002  0.015522166  -10.269807
-0.005569124  0.014900529  -10.26984
-0.0066981926  0.01492913  -10.269883
-0.0074060187  0.0145826535  -10.271545
-0.006869005  0.015033954  -10.271034
-0.0064235106  0.014757636  -10.271336
-0.005569978  0.015020917  -10.269276
-0.007082915  0.014614751  -10.26918
-0.0075599626  0.014480331  -10.268989
-0.0075225406  0.015470207  -10.27012
-0.0056576156  0.017754963  -10.271103
-0.0039886995  0.019864587  -10.272125
-0.0039991415  0.020090478  -10.272918
-0.0044642277  0.020134242  -10.272463
-0.0048056873  0.019793555  -10.272237
-0.004738137  0.018852865  -10.271587
-0.004731471  0.016339218  -10.272315
-0.004937258  0.013693896  -10.271836
-0.004655927  0.011450584  -10.272277
-0.003953002  0.009729768  -10.272101
-0.0041775247  0.009119681  -10.2737665
-0.004486522  0.009642763  -10.274669
-0.004953208  0.0103135845  -10.2746935
-0.005261227  0.009561732  -10.273472
-0.006302619  0.007181605  -10.272125
-0.007105826  0.0057480615  -10.272418
-0.00722524  0.0056458837  -10.272641
-0.006922484  0.0073913536  -10.272897
-0.007570097  0.0091511225  -10.271378
-0.0075198705  0.010758112  -10.271186
-0.006966775  0.011765123  -10.27084
-0.006732129  0.012534534  -10.271308
-0.006595287  0.013164051  -10.270912
-0.0054437295  0.01417074  -10.27008
-0.002798376  0.014883719  -10.269572
-5.272464E-4  0.01567335  -10.269089
7.997406E-4  0.017075041  -10.269497
0.002259569  0.019126892  -10.26929
0.0032183814  0.021399343  -10.269399
0.0029768313  0.022479227  -10.268546
0.0011170156  0.02401621  -10.268597
-4.847483E-4  0.025831645  -10.267972
-0.0015197083  0.026536668  -10.267945
-9.1378763E-4  0.026404941  -10.26704
-9.073392E-4  0.025385931  -10.266908
-6.9754693E-4  0.024960438  -10.265753
-0.0022784031  0.025254324  -10.265384
-0.0038353011  0.025121242  -10.264764
-0.0054209107  0.025795294  -10.265346
-0.005890221  0.025082732  -10.2652235
-0.0061908984  0.025166288  -10.2659445
-0.006290157  0.025313074  -10.266656
-0.006105048  0.026853276  -10.267634
-0.0064518736  0.028549904  -10.266837
-0.007322949  0.03065187  -10.264694
-0.008720088  0.031932697  -10.263339
-0.010049024  0.031676367  -10.262555
-0.010779884  0.031151557  -10.263
-0.0112005025  0.030787637  -10.263475
-0.010837357  0.030831521  -10.263761
-0.010880466  0.031115739  -10.263495
-0.01097504  0.030888667  -10.262663
-0.01157469  0.030747369  -10.2628565
-0.0123331705  0.029784122  -10.263248
-0.0124017  0.029045803  -10.264464
-0.011848577  0.029779455  -10.264142
-0.011527792  0.030854106  -10.263862
-0.011131346  0.030990273  -10.262771
-0.011048357  0.030144757  -10.261837
-0.01035228  0.028432801  -10.261352
-0.011032877  0.027351515  -10.260498
-0.01208692  0.025866406  -10.259772
-0.012669857  0.025592  -10.258428
-0.012737579  0.026518488  -10.256904
-0.011492501  0.027142301  -10.255306
-0.010259719  0.027359067  -10.253513
-0.0088714715  0.025430264  -10.25236
-0.008186278  0.024077157  -10.252457
-0.0069043324  0.023085965  -10.2545805
-0.0045453464  0.02385824  -10.257858
-0.0016702054  0.023966247  -10.261445
1.9676959E-4  0.02290859  -10.264598
9.593184E-4  0.020342115  -10.266308
0.0010453475  0.018152354  -10.26637
0.0017351682  0.016237611  -10.265502
0.0023795185  0.0155589795  -10.264819
0.0035326956  0.01503661  -10.263915
0.0044210963  0.014910395  -10.262151
0.00625857  0.015076256  -10.261371
0.008866842  0.015043419  -10.2622175
0.010960466  0.014954506  -10.262956
0.012081412  0.0139852995  -10.261826
0.01222326  0.01350077  -10.259461
0.011833043  0.01311059  -10.258609
0.0118151  0.012759276  -10.258462
0.011558898  0.012612212  -10.259855
0.012805187  0.012808814  -10.261069
0.013904122  0.013982929  -10.2613325
0.015189451  0.014311503  -10.260341
0.01579222  0.014713616  -10.259572
0.015666837  0.0144891655  -10.259686
0.015829789  0.013951227  -10.2599745
0.016241059  0.012067116  -10.259219
0.017163867  0.011598018  -10.258049
0.017142368  0.011312057  -10.257539
0.015813628  0.013054445  -10.257767
0.014324765  0.012885193  -10.258778
0.012482572  0.012892676  -10.259429
0.0113416165  0.011127502  -10.260121
0.010021274  0.008770858  -10.260977
0.008843974  0.0072738566  -10.262339
0.008401418  0.0064292816  -10.264474
0.008841876  0.006617032  -10.266084
0.01037  0.0066140746  -10.26609
0.011103578  0.006718029  -10.264202
0.010929227  0.0062935054  -10.262325
0.010206296  0.006091994  -10.259631
0.00978069  0.0065126545  -10.257436
0.010592017  0.008267018  -10.255566
0.012152561  0.010413389  -10.255551
0.013334592  0.012960049  -10.256509
0.013304226  0.014495959  -10.257775
0.012565366  0.015788006  -10.258851
0.011875653  0.01592579  -10.259707
0.0103269  0.015921688  -10.2594385
0.008500938  0.015281328  -10.258587
0.0070126355  0.014733843  -10.258972
0.007500718  0.014534798  -10.260983
0.007993094  0.014724426  -10.263714
0.008087939  0.014469333  -10.26415
0.007756997  0.015695399  -10.263787
0.0075758635  0.016361393  -10.2617235
0.007048314  0.016858157  -10.259813
0.0058438904  0.0154585885  -10.258796
0.0051108673  0.013700617  -10.258952
0.004829624  0.012694552  -10.2587595
0.005719526  0.012565147  -10.257408
0.0062283906  0.012880984  -10.257808
0.007045051  0.014148285  -10.259625
0.0071543218  0.0136117  -10.2616415
0.007815506  0.013764764  -10.261955
0.008473218  0.012398596  -10.262122
0.008572385  0.012595806  -10.262853
0.008293795  0.012960627  -10.263526
0.007419771  0.013694938  -10.263389
0.0066088825  0.014186669  -10.26371
0.00578777  0.013887372  -10.263656
0.005189694  0.01406588  -10.263651
0.0051887245  0.015171476  -10.263522
0.0052898754  0.016119085  -10.264695
0.0048501953  0.017115064  -10.266351
0.0027937808  0.017220534  -10.266727
-2.2890599E-4  0.018655896  -10.268027
-0.002767656  0.019385934  -10.268345
-0.00399976  0.01897819  -10.269157
-0.0050762803  0.017355403  -10.268797
-0.0066981954  0.014891331  -10.268373
-0.008219291  0.014082663  -10.26777
-0.009636279  0.013249536  -10.266511
-0.010366616  0.013437365  -10.266297
-0.010647588  0.011856255  -10.266856
-0.010395582  0.011494665  -10.267833
-0.009672542  0.010737177  -10.268502
-0.0098726  0.011588906  -10.267757
-0.009144414  0.011784391  -10.26761
-0.008355971  0.01187814  -10.268123
-0.007717204  0.010967039  -10.268902
-0.0071602375  0.0093114795  -10.270036
-0.0068999953  0.008180326  -10.270249
-0.0059857653  0.0077568158  -10.270383
-0.0060785958  0.008651738  -10.269897
-0.0053508556  0.008727539  -10.270307
-0.0056450944  0.0083659375  -10.27135
-0.005903724  0.00696932  -10.27155
-0.0069385003  0.006366248  -10.27129
-0.0073374454  0.0068003573  -10.270967
-0.008117408  0.0076529295  -10.271588
-0.008031844  0.008605011  -10.271871
-0.006614249  0.010087472  -10.2705345
-0.0046260217  0.011367433  -10.269708
-0.002669802  0.012726143  -10.269395
-0.0011078903  0.0129225245  -10.269858
2.6309668E-5  0.013945545  -10.269483
4.0814796E-4  0.014611314  -10.269458
-5.763891E-4  0.01471058  -10.269047
-0.0013459291  0.0137167955  -10.26858
-0.0016929439  0.012952107  -10.267032
-1.533539E-5  0.013324405  -10.266261
0.0027561344  0.013521105  -10.263504
0.005031876  0.013572797  -10.262557
0.006126076  0.0142074255  -10.261639
0.006481025  0.015640229  -10.262578
0.007350761  0.017531337  -10.261951
0.008522984  0.017758116  -10.261413
0.010168405  0.017646959  -10.260738
0.012115192  0.018298108  -10.261032
0.013662219  0.020098288  -10.261369
0.014501468  0.0210454  -10.261912
0.014950116  0.021183446  -10.261706
0.015947843  0.021187596  -10.261946
0.016393477  0.021319604  -10.261722
0.01631852  0.022622772  -10.260858
0.015739672  0.023920089  -10.259961
0.015113629  0.025854036  -10.259358
0.014221388  0.02612563  -10.260211
0.012656632  0.026727855  -10.259904
0.011633282  0.027023299  -10.258849
0.010190197  0.027850596  -10.257756
0.009697263  0.027562743  -10.257672
0.009220704  0.028089928  -10.25789
0.008835077  0.027941333  -10.257252
0.0082221255  0.02742821  -10.256331
0.007290116  0.025978068  -10.256418
0.005598977  0.024875944  -10.256027
0.0035786845  0.023417508  -10.256835
0.0021405779  0.021597572  -10.256497
0.0016280795  0.018759735  -10.257126
0.001486018  0.017374806  -10.256875
8.5815834E-4  0.01623867  -10.257809
1.9577814E-4  0.015657632  -10.258672
-9.785608E-4  0.013980103  -10.259491
-0.0021786552  0.013538676  -10.258679
-0.003810677  0.013620108  -10.258063
-0.004654868  0.013634986  -10.258541
-0.005801232  0.012240398  -10.260852
-0.0056085973  0.010839465  -10.261708
-0.005294667  0.01043962  -10.26188
-0.0047155404  0.010769791  -10.260236
-0.0046338825  0.01166572  -10.260055
-0.0048459456  0.0122841075  -10.26035
-0.0048558987  0.012580293  -10.26228
-0.005636517  0.011683204  -10.264338
-0.0070579723  0.010095942  -10.265565
-0.008456209  0.009190132  -10.266338
-0.009503424  0.009170002  -10.266312
-0.010522221  0.009029206  -10.26626
-0.010501068  0.008472488  -10.266285
-0.010143816  0.0062391646  -10.267938
-0.008896466  0.004873459  -10.269879
-0.008334112  0.003554032  -10.271304
-0.0077466504  0.003594565  -10.271042
-0.0067760567  0.0018415094  -10.271355
-0.005647877  1.9071934E-4  -10.272749
-0.0042507392  -0.0017769897  -10.274201
-0.0035377599  -0.0014066634  -10.274331
-0.003379421  -0.0017302539  -10.273486
-0.003047458  -0.0021016777  -10.273475
-0.003054954  -0.0021979453  -10.274753
-0.0026136737  -0.0016905944  -10.275472
-0.0020771427  -0.0010997208  -10.275819
-0.0020671545  -0.0011715401  -10.274835
-0.0026710236  -6.4440083E-4  -10.274953
-0.0041003344  8.007988E-4  -10.274487
-0.0041812607  0.0016739558  -10.274128
-0.003786332  0.0020617049  -10.273919
-0.003125665  0.0023994737  -10.274001
-0.0025520672  0.0031005153  -10.274747
-0.0016696522  0.003090986  -10.275925
-4.0442974E-4  0.0027837062  -10.278041
-3.2810005E-4  0.0027960145  -10.279158
-6.2064006E-4  0.0037249255  -10.279255
-0.0021282563  0.004847159  -10.279071
-0.0028126522  0.004175751  -10.279473
-0.0028502848  0.0029990152  -10.28148
-0.0019337205  6.141478E-4  -10.282521
-0.0011897186  -9.0496446E-4  -10.283773
-6.73749E-4  -0.002372833  -10.28339
2.2177219E-4  -0.003545514  -10.282137
0.0016092729  -0.003085702  -10.279785
0.002382917  -0.0040179593  -10.276997
0.0021021205  -0.00419434  -10.275681
0.0018536464  -0.0058863834  -10.274692
0.0014528936  -0.0055975053  -10.275154
0.0018638698  -0.005567609  -10.274457
0.0017656094  -0.004762824  -10.274308
0.0020444393  -0.0031668171  -10.273762
0.0024168564  -0.0011482033  -10.274347
0.0024453902  0.0012439456  -10.275251
0.0019908764  0.0027589053  -10.2756195
0.0011205989  0.005289151  -10.275922
-1.563217E-4  0.007642252  -10.276611
-0.0011781689  0.009318103  -10.27823
-0.0023414493  0.010632741  -10.27912
-0.002167386  0.010836934  -10.278188
-0.0014928961  0.012417573  -10.276528
-8.635214E-5  0.012959092  -10.275543
0.0011559556  0.013727762  -10.275544
0.00274626  0.012809537  -10.275215
0.0041798954  0.010553827  -10.274741
0.004321905  0.008055651  -10.274577
0.0043556797  0.005324513  -10.2746105
0.00492889  0.0035086095  -10.274384
0.0066502006  0.0026137773  -10.27457
0.007187025  0.0024606965  -10.2746935
0.008506086  0.0025492033  -10.275136
0.008550149  0.002033543  -10.27393
0.0092051895  0.0019696583  -10.273133
0.008706355  0.0014315625  -10.27292
0.008276762  0.0022090448  -10.274062
0.0070802197  0.0024454726  -10.274041
0.0054685376  0.004273167  -10.273892
0.0038776863  0.0058156154  -10.273412
0.0024251852  0.008039066  -10.273526
0.0013768356  0.00994812  -10.273853
3.0096355E-4  0.011215712  -10.275292
-6.868163E-5  0.01289147  -10.277292
-3.3593865E-4  0.014165697  -10.277503
-7.6784746E-4  0.015275453  -10.277062
-0.0017336445  0.0150922155  -10.274877
-0.0030316247  0.014824082  -10.273164
-0.003945787  0.01381269  -10.270875
-0.0051781535  0.0127071515  -10.269828
-0.0064355447  0.010575559  -10.270239
-0.007063739  0.008780017  -10.270599
-0.0065160855  0.006850297  -10.271477
-0.005904661  0.004689498  -10.271429
-0.005750094  0.0029549107  -10.271902
-0.006062584  0.0027708549  -10.271056
-0.0066102445  0.002790875  -10.27064
-0.0068278466  0.0030567597  -10.271021
-0.007492289  0.0017596899  -10.27146
-0.008471861  9.460252E-4  -10.271023
-0.009222637  9.2271523E-4  -10.270084
-0.011299289  0.002264616  -10.270995
-0.013225933  0.0058749057  -10.272798
-0.014366788  0.0093981875  -10.273731
-0.013666662  0.012438958  -10.27272
-0.013048965  0.013666801  -10.270586
-0.013022627  0.013277722  -10.267616
-0.012670507  0.013481103  -10.265058
-0.014318944  0.013144944  -10.262029
-0.01621163  0.013941154  -10.261872
-0.01887075  0.013269217  -10.262512
-0.019043302  0.012850505  -10.26361
-0.018993706  0.011417407  -10.262546
-0.01784592  0.009974357  -10.26234
-0.016930973  0.00800123  -10.263085
-0.016453983  0.0068192724  -10.264011
-0.017002763  0.005612884  -10.26485
-0.018861553  0.0046376246  -10.264826
-0.020851305  0.003407635  -10.264464
-0.023061201  0.0029565461  -10.263383
-0.023322562  0.0016937921  -10.263771
-0.022911107  0.0010092516  -10.26577
-0.021257848  4.6380726E-4  -10.267946
-0.019761985  0.0011153274  -10.270168
-0.017743984  7.293017E-4  -10.271352
-0.01606132  4.827669E-4  -10.272445
-0.014903066  0.0018483134  -10.271989
-0.015000823  0.0036574758  -10.272115
-0.015532881  0.0060746633  -10.271542
-0.015944853  0.0076868706  -10.271784
-0.014651571  0.009055288  -10.271521
-0.014157685  0.009201762  -10.271481
-0.013224523  0.009862759  -10.271428
-0.013849151  0.01072758  -10.271317
-0.014108218  0.011663216  -10.271828
-0.013715689  0.011467057  -10.272446
-0.013117582  0.010718587  -10.272618
-0.011138335  0.009181342  -10.272386
-0.00995367  0.0072488487  -10.271792
-0.009563149  0.0056584985  -10.272622
-0.010728934  0.005065665  -10.2743845
-0.012357744  0.0049745985  -10.276691
-0.01305294  0.0063241776  -10.278628
-0.013628058  0.007012732  -10.280177
-0.012846033  0.008410617  -10.281141
-0.011492548  0.0075155436  -10.280947
-0.009878221  0.007039519  -10.280057
-0.009968973  0.006722582  -10.280517
-0.0103500085  0.007510672  -10.28165
-0.010352704  0.008527696  -10.282001
-0.010551668  0.008730165  -10.281223
-0.010722972  0.008913129  -10.279092
-0.010203157  0.010373199  -10.278183
-0.008326971  0.011336483  -10.277145
-0.005690674  0.011723726  -10.277592
-0.003060215  0.010445878  -10.278324
-0.0019884638  0.010126836  -10.27897
-0.0020706365  0.010740991  -10.2783
-0.0025023697  0.011179172  -10.276314
-0.0030203825  0.010961232  -10.273376
-0.0039717653  0.011171647  -10.271368
-0.005116406  0.011090245  -10.270144
-0.0056411065  0.010709539  -10.2696085
-0.005247405  0.010534413  -10.269408
-0.005537271  0.009847536  -10.2688055
-0.005929604  0.007947709  -10.268584
-0.0072652367  0.0049527274  -10.267628
-0.0071455115  0.0030945733  -10.267783
-0.007449135  0.0026624503  -10.267743
-0.007938922  0.002126897  -10.268506
-0.007978697  0.0017840452  -10.269138
-0.007532729  0.001731318  -10.269839
-0.00723593  0.0027553535  -10.27061
-0.008161399  0.004730953  -10.269264
-0.008476436  0.0059541147  -10.267293
-0.007537497  0.0071289293  -10.263944
-0.006169162  0.00692753  -10.260975
-0.005119322  0.0069252145  -10.259202
-0.005619298  0.0059018307  -10.258654
-0.0062262123  0.00520868  -10.258308
-0.0065516736  0.0037250621  -10.258138
-0.006452991  0.0041438835  -10.257932
-0.0067200526  0.005130278  -10.258729
-0.0075661223  0.0064152367  -10.258404
-0.008038185  0.0068967943  -10.257598
-0.009330058  0.006896384  -10.256725
-0.0101346485  0.008234341  -10.256107
-0.010624927  0.008675222  -10.2568245
-0.0102777  0.0077956165  -10.256349
-0.009620398  0.007211454  -10.256276
-0.009473133  0.006842984  -10.255779
-0.00942617  0.008505355  -10.256191
-0.009598046  0.009362782  -10.257091
-0.008973868  0.0104388995  -10.257323
-0.008829742  0.0115913  -10.258136
-0.008531753  0.013062333  -10.259343
-0.008503548  0.014745886  -10.261146
-0.0074289553  0.01581467  -10.262489
-0.0063515496  0.016105456  -10.263373
-0.0049893335  0.01642903  -10.263672
-0.0036681192  0.016521268  -10.263665
-0.002393835  0.0180208  -10.263013
-0.0017553248  0.01965184  -10.262372
-0.0017865902  0.021164788  -10.26239
-3.547302E-4  0.02096764  -10.261916
0.0017587553  0.020936841  -10.261207
0.00268248  0.020749534  -10.259796
0.0014386247  0.022082068  -10.259669
0.0010569409  0.021620058  -10.26013
0.0030186044  0.020660922  -10.261138
0.00490242  0.019974904  -10.262385
0.0055551715  0.019655442  -10.263354
0.004848044  0.020043889  -10.264361
0.0044683856  0.019395804  -10.264339
0.004063492  0.02021537  -10.264281
0.0034517564  0.02266527  -10.264848
0.0031838983  0.025942026  -10.265713
0.0033357127  0.027445761  -10.265712
0.0046602716  0.027393663  -10.264596
0.00628959  0.026254207  -10.262549
0.008167628  0.024985114  -10.261989
0.009036244  0.023720836  -10.261645
0.010089732  0.022156628  -10.262271
0.01000856  0.021736087  -10.262059
0.00959225  0.022411605  -10.261817
0.008184233  0.023329565  -10.262767
0.0069998256  0.025001885  -10.262234
0.0066572726  0.025216011  -10.261884
