0.11946888  -0.11125959  -9.74097
0.12681985  -0.10312745  -9.741821
0.12590702  -0.1027112  -9.735209
0.12668338  -0.0998323  -9.715633
0.12787797  -0.097837605  -9.688077
0.13275509  -0.08889222  -9.6615305
0.13445322  -0.08597648  -9.6475935
0.12824419  -0.092784606  -9.638854
0.11746969  -0.109334625  -9.634845
0.10693704  -0.124260455  -9.634393
0.09570396  -0.13803026  -9.639085
0.08460323  -0.15117985  -9.643936
0.07303213  -0.16339006  -9.644502
0.060469303  -0.17381711  -9.641982
0.049834136  -0.17816424  -9.6428795
0.04222286  -0.17864823  -9.64917
0.037115637  -0.17804612  -9.65593
0.03203367  -0.17857705  -9.661053
0.028053826  -0.17940497  -9.66141
0.026929164  -0.17818522  -9.660892
0.027385557  -0.17623383  -9.659106
0.02761448  -0.17320152  -9.658792
0.02601234  -0.17065503  -9.6608
0.024185771  -0.16908313  -9.664338
0.022129161  -0.16816129  -9.667057
0.02084489  -0.1681006  -9.668117
0.019369068  -0.16796184  -9.668528
0.017522888  -0.1687484  -9.668831
0.015172802  -0.16998225  -9.668593
0.013837944  -0.17182028  -9.667602
0.013477996  -0.17316295  -9.66775
0.013150871  -0.17342281  -9.669042
0.013033569  -0.17368858  -9.671309
0.012918528  -0.1733781  -9.673467
0.013355661  -0.17293356  -9.677201
0.014100152  -0.1721654  -9.68153
0.0139899505  -0.17255418  -9.685672
0.012457329  -0.17437722  -9.687226
0.009086096  -0.17691834  -9.687664
0.0048125316  -0.17914207  -9.689027
-5.7267124E-4  -0.18118964  -9.692023
-0.006515359  -0.1841131  -9.696729
-0.011097778  -0.18638812  -9.70115
-0.014243014  -0.1873982  -9.705913
-0.016124671  -0.18572174  -9.71043
-0.018599238  -0.1833445  -9.713937
-0.02133608  -0.18034124  -9.715152
-0.024019986  -0.17656414  -9.714824
-0.026171423  -0.17152382  -9.7139015
-0.026780374  -0.16574538  -9.7134285
-0.027072327  -0.16182987  -9.711134
-0.02729514  -0.15981978  -9.70666
-0.027668202  -0.15938705  -9.701695
-0.026883924  -0.1590436  -9.697845
-0.026917828  -0.15846889  -9.697305
-0.02926669  -0.1577216  -9.697665
-0.03355686  -0.15638173  -9.699336
-0.03787357  -0.15533733  -9.700606
-0.040602654  -0.15449362  -9.701326
-0.042148158  -0.15391545  -9.701678
-0.042600553  -0.15302895  -9.702067
-0.04247592  -0.15086521  -9.702937
-0.04181966  -0.14834411  -9.703839
-0.04017989  -0.14573671  -9.7053175
-0.03829893  -0.14330575  -9.707346
-0.037673388  -0.14072537  -9.709034
-0.038685113  -0.13789193  -9.709278
-0.041152738  -0.1360267  -9.707437
-0.044639766  -0.13380714  -9.70435
-0.04856278  -0.13172792  -9.699977
-0.052519873  -0.12895977  -9.694198
-0.05683577  -0.12626763  -9.68823
-0.061954018  -0.123351514  -9.6832075
-0.067246  -0.12034138  -9.681133
-0.07057309  -0.11737239  -9.680538
-0.071428955  -0.11423535  -9.680336
-0.07038411  -0.11158953  -9.679198
-0.06869177  -0.1086534  -9.67737
-0.06769046  -0.10563459  -9.675019
-0.06666268  -0.102243304  -9.672169
-0.065337576  -0.09955493  -9.6683655
-0.062020853  -0.09649229  -9.663147
-0.057370797  -0.093300015  -9.658862
-0.051806208  -0.08969706  -9.6571665
-0.045652498  -0.086779416  -9.65852
-0.039735377  -0.083548345  -9.6604395
-0.03369249  -0.079931006  -9.6622095
-0.02860015  -0.075172596  -9.663705
-0.023593532  -0.06953626  -9.6652775
-0.020273836  -0.0637652  -9.665957
-0.016504241  -0.058002513  -9.664639
-0.0120094195  -0.05300309  -9.66163
-0.005319035  -0.048305724  -9.657142
0.002078818  -0.044546377  -9.652771
0.009677168  -0.04071487  -9.648959
0.016377117  -0.037242755  -9.644948
0.02234479  -0.033438254  -9.641332
0.02758318  -0.029702054  -9.638079
0.032582816  -0.025494294  -9.635959
0.036038127  -0.020431207  -9.633363
0.038373694  -0.014999877  -9.631714
0.040431485  -0.009295036  -9.632275
0.04368211  -0.005649388  -9.634509
0.048875332  -0.0025486383  -9.637798
0.054886654  -1.0879687E-4  -9.640495
0.06110106  0.0036730058  -9.642017
0.06600276  0.0055182073  -9.641759
0.072104074  0.0058479817  -9.641392
0.08147622  0.007021822  -9.641816
0.09555478  0.0119157145  -9.64106
0.11158901  0.020845145  -9.637326
0.12683955  0.030043712  -9.631433
0.14000098  0.039261986  -9.625
0.15008114  0.046967223  -9.618458
0.15662277  0.05150841  -9.612411
0.1597747  0.051941577  -9.607518
0.16094653  0.04929608  -9.604949
0.16069794  0.045328707  -9.605015
0.15912262  0.040809143  -9.605405
0.1563168  0.035915997  -9.60613
0.15294638  0.031496704  -9.607799
0.15048851  0.02709388  -9.611652
0.14981316  0.022549277  -9.616044
0.15109839  0.018376457  -9.61864
0.15211262  0.016707683  -9.617952
0.15204163  0.019896189  -9.613961
0.14900407  0.027383098  -9.608258
0.14477517  0.03643363  -9.605025
0.13930814  0.041368872  -9.607866
0.13345484  0.0400808  -9.616456
0.12660003  0.033224665  -9.626835
0.11860224  0.027721347  -9.634202
0.11123546  0.027972395  -9.636863
0.10458479  0.03556185  -9.635646
0.100612246  0.04852572  -9.634418
0.102077864  0.063512534  -9.641514
0.108917855  0.0775516  -9.655281
0.11843095  0.08838364  -9.669553
0.12587704  0.1001915  -9.672952
0.13090952  0.11617132  -9.66386
0.13567701  0.13733156  -9.646535
0.1411475  0.15882385  -9.629384
0.14876343  0.1800918  -9.617503
0.1571687  0.2001492  -9.611022
0.16592653  0.2175685  -9.60639
0.17341094  0.23111312  -9.603687
0.18026434  0.24235003  -9.60228
0.18759088  0.2561719  -9.60104
0.19553077  0.27457073  -9.597719
0.20411658  0.2977661  -9.5925045
0.21289332  0.32652983  -9.586909
0.22125709  0.36010882  -9.584343
0.22836101  0.39573178  -9.588639
0.23299283  0.42915618  -9.603871
0.2350487  0.45613095  -9.631224
0.23445737  0.47704816  -9.668163
0.23202312  0.49419117  -9.7110195
0.2280883  0.51115745  -9.75603
0.22266692  0.52720267  -9.801003
0.2176302  0.5378662  -9.8431635
0.2146687  0.5423064  -9.881003
0.21446057  0.5436827  -9.913012
0.21551262  0.5466195  -9.939948
0.2154373  0.5501483  -9.963574
0.2145118  0.54845953  -9.988193
0.21221088  0.53637284  -10.0138645
0.20742686  0.51433796  -10.0350685
0.19806278  0.48730263  -10.043014
0.1823132  0.4603734  -10.031952
0.16438156  0.4318793  -10.008862
0.14879543  0.39558008  -9.985068
0.13874616  0.3472294  -9.96779
0.13472445  0.28789255  -9.959822
0.13442941  0.2238247  -9.958836
0.13558555  0.15660556  -9.963222
0.13219659  0.08851099  -9.964493
0.120983005  0.02044245  -9.955712
0.102997534  -0.042411778  -9.934261
0.08171118  -0.098512195  -9.90355
0.058883518  -0.14805701  -9.87062
0.03374855  -0.19445942  -9.842676
0.0051800585  -0.24204606  -9.822948
-0.026899604  -0.2942308  -9.812028
-0.061814312  -0.35250464  -9.806519
-0.09750282  -0.4146525  -9.803441
-0.1317758  -0.47722995  -9.801158
-0.16281094  -0.5391936  -9.801251
-0.1893908  -0.60101444  -9.801519
-0.21201985  -0.6603151  -9.797227
-0.22975254  -0.71270746  -9.782472
-0.24299718  -0.7538886  -9.757503
-0.2514523  -0.78746223  -9.724922
-0.25717127  -0.81947327  -9.688317
-0.2630615  -0.8545563  -9.649059
-0.27066338  -0.88894886  -9.607959
-0.28165707  -0.91563416  -9.566449
-0.295269  -0.9347916  -9.526028
-0.31001273  -0.9554281  -9.490909
-0.32342765  -0.9864538  -9.462712
-0.33461118  -1.0257422  -9.440258
-0.34413496  -1.0588474  -9.4153805
-0.35162485  -1.0736054  -9.383427
-0.35531688  -1.069132  -9.349223
-0.35307088  -1.0565687  -9.327437
-0.34424356  -1.0487446  -9.329619
-0.33298895  -1.0465449  -9.351729
-0.32523057  -1.0430573  -9.377339
-0.32810357  -1.0294093  -9.389188
-0.34269795  -1.0042104  -9.384116
-0.36445704  -0.973067  -9.372249
-0.38670194  -0.93939453  -9.36742
-0.40264812  -0.9080878  -9.378793
-0.41145968  -0.88028246  -9.407627
-0.4140723  -0.8580696  -9.4482565
-0.41426468  -0.84067845  -9.491367
-0.41468167  -0.82633567  -9.527835
-0.4156954  -0.8134133  -9.554431
-0.41587687  -0.79761046  -9.571682
-0.4141388  -0.77737945  -9.582555
-0.41231635  -0.75252026  -9.590797
-0.41186646  -0.7292473  -9.601318
-0.41186285  -0.7104233  -9.614979
-0.4093245  -0.69470936  -9.627904
-0.40534034  -0.6794643  -9.635535
-0.40261412  -0.6659449  -9.639737
-0.40379503  -0.65778255  -9.642852
-0.4070488  -0.6539201  -9.644185
-0.41013837  -0.6501885  -9.640288
-0.4119842  -0.64319605  -9.630876
-0.41316238  -0.6331786  -9.61977
-0.41431165  -0.624459  -9.610509
-0.4147962  -0.6205166  -9.606747
-0.41286436  -0.62014145  -9.609218
-0.40767828  -0.6172028  -9.615531
-0.39911148  -0.6084869  -9.622842
-0.38900852  -0.5931187  -9.628976
-0.3788937  -0.57616043  -9.63142
-0.36994186  -0.5588862  -9.632801
-0.3621407  -0.5457074  -9.635026
-0.35592964  -0.53678954  -9.641754
-0.3507239  -0.531555  -9.649264
-0.34724712  -0.529336  -9.654309
-0.34529796  -0.5266838  -9.655951
-0.34378645  -0.5225357  -9.656217
-0.34332803  -0.5167075  -9.65596
-0.34209427  -0.50726765  -9.6534395
-0.3401685  -0.49705067  -9.648532
-0.33477163  -0.48609284  -9.643604
-0.3235233  -0.47513914  -9.641559
-0.3105453  -0.46718058  -9.641495
-0.29749796  -0.4589561  -9.642344
-0.28718856  -0.45447564  -9.643025
-0.27430782  -0.44754413  -9.644342
-0.2625977  -0.44273654  -9.645615
-0.25220448  -0.437688  -9.64659
-0.24276431  -0.4337158  -9.644706
-0.2300378  -0.42610696  -9.63908
-0.21630542  -0.41961667  -9.631913
-0.20397823  -0.41384435  -9.625336
-0.19436549  -0.4103429  -9.622312
-0.18309385  -0.4038372  -9.619173
-0.1704676  -0.39661226  -9.616471
-0.15574563  -0.38913858  -9.612975
-0.14380227  -0.3838892  -9.610837
-0.1350731  -0.3795795  -9.6091795
-0.12823693  -0.37465057  -9.610008
-0.119657815  -0.3708283  -9.613695
-0.10963372  -0.36755204  -9.619713
-0.10043926  -0.3670803  -9.624867
-0.093479246  -0.36680603  -9.6292305
-0.088751614  -0.365508  -9.631095
-0.08521833  -0.3632979  -9.629994
-0.08289516  -0.35997772  -9.6277
-0.08163876  -0.35825506  -9.62638
-0.08057379  -0.3554133  -9.627713
-0.07834278  -0.35069236  -9.629218
-0.07502357  -0.3429781  -9.630612
-0.07085874  -0.3320159  -9.630612
-0.06754611  -0.3209187  -9.629148
-0.06491539  -0.31047717  -9.625947
-0.06027502  -0.30096456  -9.622936
-0.05393207  -0.2925425  -9.622064
-0.045428406  -0.28421107  -9.622001
-0.038775  -0.27663293  -9.621076
-0.035811123  -0.2701654  -9.616876
-0.034250475  -0.26216567  -9.6136465
-0.033498395  -0.25583857  -9.614525
-0.029520905  -0.245624  -9.620789
-0.02780266  -0.23737538  -9.627605
-0.024855308  -0.22781478  -9.630531
-0.02249018  -0.22097625  -9.630263
-0.018317463  -0.21454519  -9.63184
-0.01600778  -0.20965092  -9.635787
-0.014179577  -0.19965594  -9.6400585
-0.013476265  -0.1875573  -9.6427355
-0.011914083  -0.1739486  -9.645168
-0.011364423  -0.16526268  -9.646886
-0.010570603  -0.15791845  -9.647542
-0.012284699  -0.15180115  -9.648486
-0.0142497765  -0.14503646  -9.653279
-0.0154243335  -0.13699828  -9.659534
-0.013231699  -0.12888634  -9.66019
-0.011535634  -0.11859653  -9.654379
-0.008995509  -0.107686244  -9.643017
-0.00881333  -0.09552091  -9.634247
-0.009185587  -0.08616278  -9.627919
-0.011428968  -0.079190105  -9.627106
-0.013870758  -0.073868215  -9.6275015
-0.01611889  -0.06930754  -9.627889
-0.01685006  -0.06485724  -9.628677
-0.016042845  -0.060124844  -9.63222
-0.0133592  -0.05526373  -9.636335
-0.012305307  -0.0498383  -9.638054
-0.011380255  -0.04516087  -9.636665
-0.009829055  -0.0413772  -9.634192
-0.004276103  -0.04058587  -9.633212
0.002356482  -0.04121166  -9.633331
0.007918966  -0.04220115  -9.632516
0.0104698725  -0.041596785  -9.630937
0.0111454725  -0.04091994  -9.629867
0.0098022325  -0.04008889  -9.630755
0.0071306317  -0.039768208  -9.631246
0.004563359  -0.038694445  -9.629208
0.0025611476  -0.03834687  -9.6249895
7.910803E-4  -0.037612457  -9.620599
-0.0016560504  -0.037030295  -9.619643
-0.003394413  -0.03625448  -9.621795
-0.0048110816  -0.03699928  -9.625388
-0.006146589  -0.03864273  -9.629884
-0.0072776587  -0.04284282  -9.633634
-0.00822911  -0.047522563  -9.636295
-0.008563841  -0.051545996  -9.635162
-0.008556253  -0.053397745  -9.633876
-0.00758256  -0.053737048  -9.632075
-0.005335489  -0.05393016  -9.629937
-0.002034187  -0.053979635  -9.62419
0.0010686965  -0.0551165  -9.619163
0.0026484516  -0.057781365  -9.618089
0.0044908584  -0.05986355  -9.619935
0.005152822  -0.06086349  -9.622859
0.0061877  -0.059341986  -9.624176
0.005929783  -0.05718935  -9.624747
0.0059981938  -0.054412037  -9.622605
0.0060991105  -0.051083427  -9.620651
0.005659617  -0.047082976  -9.621234
0.0047004134  -0.043083847  -9.622352
0.0019386426  -0.040584307  -9.621598
-0.0016743134  -0.039855883  -9.619176
-0.004225205  -0.04104651  -9.618209
-0.005686763  -0.043245953  -9.618163
-0.0066520614  -0.044208962  -9.619592
-0.009747348  -0.04352203  -9.620995
-0.013260655  -0.04131918  -9.62168
-0.016899899  -0.03964233  -9.621446
-0.019045198  -0.038149055  -9.620877
-0.020051686  -0.036388073  -9.620879
-0.019368092  -0.034798738  -9.622368
-0.017978141  -0.03376666  -9.624955
-0.017269252  -0.03334656  -9.627158
-0.019028904  -0.033533495  -9.62785
-0.021930851  -0.033757474  -9.627971
-0.025026554  -0.034548566  -9.628989
-0.027271412  -0.03484814  -9.629305
-0.029119976  -0.034084152  -9.628007
-0.03027313  -0.033395182  -9.625087
-0.030848905  -0.032304544  -9.622729
-0.03085579  -0.031725366  -9.621468
-0.03100056  -0.031370554  -9.622018
-0.03176887  -0.031289708  -9.62328
-0.03296439  -0.030918837  -9.624717
-0.0347972  -0.02962783  -9.626332
-0.03641445  -0.027803289  -9.628139
-0.03788331  -0.026480129  -9.629215
-0.039657746  -0.02507451  -9.629559
-0.042098936  -0.02468677  -9.630057
-0.045428295  -0.024075538  -9.632718
-0.047478497  -0.024339376  -9.634486
-0.04781529  -0.023990326  -9.634479
-0.04750095  -0.023836382  -9.632484
-0.047843467  -0.024347039  -9.63156
-0.04789528  -0.025748268  -9.631179
-0.04726733  -0.027173681  -9.631355
-0.045185674  -0.02729245  -9.629214
-0.043925982  -0.025784122  -9.625617
-0.04279624  -0.023848446  -9.620566
-0.042676166  -0.022301627  -9.6180315
-0.042195722  -0.022374496  -9.617118
-0.04192191  -0.02272667  -9.617288
-0.041611616  -0.023056956  -9.617458
-0.04056817  -0.022737004  -9.617105
-0.038804483  -0.022671431  -9.616396
-0.03667879  -0.023039522  -9.614777
-0.035784516  -0.023558764  -9.611678
-0.03564744  -0.023269469  -9.608574
-0.03653108  -0.021577379  -9.607286
-0.036947723  -0.019821582  -9.60801
-0.036444947  -0.018954711  -9.608197
-0.034441363  -0.018232392  -9.606232
-0.031844556  -0.017020809  -9.603917
-0.029514706  -0.01584465  -9.602869
-0.027165726  -0.015827661  -9.6038065
-0.025604362  -0.017460108  -9.605439
-0.02451581  -0.02030316  -9.608319
-0.02586664  -0.022793299  -9.607887
-0.028525228  -0.023087261  -9.605456
-0.031197125  -0.022174114  -9.60213
-0.031896837  -0.020699201  -9.601205
-0.03114169  -0.019655576  -9.603389
-0.030041834  -0.01841961  -9.606853
-0.029667227  -0.017522776  -9.609212
-0.030383611  -0.016231688  -9.609379
-0.031295985  -0.014545004  -9.6084585
-0.031593826  -0.013147718  -9.610993
-0.030987123  -0.0128962025  -9.616256
-0.029397586  -0.013112813  -9.622254
-0.026141072  -0.012630357  -9.625382
-0.021786332  -0.011281413  -9.626359
-0.01684683  -0.010063306  -9.6248
-0.012588803  -0.010627102  -9.623755
-0.008359343  -0.013009057  -9.622696
-0.0051106135  -0.0154048875  -9.623073
-0.0024357517  -0.016047176  -9.623639
-0.0011878385  -0.015439921  -9.624738
8.912734E-5  -0.013755192  -9.625667
0.0014599176  -0.012414829  -9.626414
0.0031394912  -0.01113572  -9.626622
0.0029005436  -0.010762273  -9.626969
0.0014676899  -0.010021192  -9.627663
5.105221E-4  -0.008795536  -9.629277
0.0012277551  -0.007031072  -9.630202
0.0036971662  -0.0061396845  -9.630425
0.007055432  -0.005738379  -9.630845
0.010476805  -0.005697331  -9.632358
0.01337732  -0.0055782422  -9.634593
0.015421025  -0.005543011  -9.635907
0.01776913  -0.005545785  -9.635958
0.019927373  -0.0056573558  -9.633468
