0.38398862  0.0073124818  -9.791056
0.3404201  0.034318797  -9.739405
0.29775077  0.06089069  -9.696309
0.22936575  0.11257205  -9.629367
0.19540167  0.14854474  -9.613839
0.19122581  0.15969853  -9.635526
0.19296895  0.13999115  -9.688737
0.19754499  0.109464504  -9.742194
0.20989864  0.082606465  -9.78609
0.22383803  0.073021285  -9.800876
0.22005637  0.077292  -9.782769
0.19222206  0.08967621  -9.746297
0.16345398  0.10253642  -9.714444
0.15073483  0.11243085  -9.699658
0.16090745  0.12124264  -9.695836
0.17487454  0.13479567  -9.685218
0.1791666  0.15376385  -9.666595
0.17546757  0.17309047  -9.654698
0.17951071  0.18960172  -9.650548
0.19658168  0.20631087  -9.64882
0.22165835  0.22923215  -9.634633
0.24530847  0.25873378  -9.609115
0.26580313  0.2908508  -9.582077
0.28767797  0.32178536  -9.563362
0.31279856  0.34924617  -9.553016
0.3355386  0.37146  -9.550097
0.34770522  0.3873962  -9.549902
0.34896398  0.396601  -9.553447
0.3437961  0.40298876  -9.563252
0.33854184  0.41281793  -9.573796
0.32914862  0.42965925  -9.576098
0.31166783  0.4529759  -9.561303
0.28213274  0.47843477  -9.5368185
0.24247766  0.5022714  -9.50951
0.19777203  0.52306086  -9.486259
0.15986842  0.5398779  -9.477048
0.13268091  0.56155366  -9.487164
0.11883368  0.59532094  -9.510986
0.11765499  0.64453775  -9.531615
0.13182971  0.6987714  -9.547353
0.15553826  0.7469621  -9.555609
0.17932175  0.78744316  -9.554599
0.19549136  0.8246438  -9.53349
0.19919305  0.86323386  -9.494973
0.19394587  0.9018033  -9.4515295
0.18892449  0.9365993  -9.413097
0.1905541  0.9678824  -9.386069
0.19874151  1.0018569  -9.371827
0.20576619  1.043132  -9.3722725
0.20871234  1.0922227  -9.390671
0.20073776  1.1477789  -9.422936
0.18463707  1.2119108  -9.462012
0.15953816  1.2875096  -9.502877
0.12971234  1.3687023  -9.55652
0.098635614  1.4441351  -9.64799
0.07320335  1.5001761  -9.771367
0.06649951  1.5276986  -9.903236
0.08230161  1.519251  -10.01504
0.1117731  1.4768552  -10.117957
0.1386165  1.4103336  -10.21691
0.15039791  1.3389622  -10.30156
0.15631042  1.2760792  -10.354384
0.16609384  1.2235602  -10.376924
0.18539453  1.1763121  -10.380386
0.20639622  1.1308969  -10.366572
0.21624558  1.0884376  -10.342725
0.21802461  1.0513371  -10.311162
0.22436233  1.0192866  -10.271438
0.24626547  0.9948568  -10.208057
0.28831005  0.9762731  -10.11774
0.3448391  0.9619899  -10.017697
0.39781427  0.95216995  -9.9160185
0.4338758  0.94778776  -9.808234
0.4531026  0.9406233  -9.694396
0.46032295  0.9214721  -9.600127
0.4417429  0.893967  -9.546402
0.38304278  0.8794641  -9.537503
0.30244708  0.88767403  -9.565
0.24145071  0.9051383  -9.643404
0.22223318  0.91075844  -9.782668
0.22109497  0.9123723  -9.959947
0.18001468  0.9000825  -10.124046
0.100057326  0.8504853  -10.280223
0.020492336  0.74564743  -10.420066
-0.02016661  0.6166505  -10.518506
-0.033688482  0.50313884  -10.514241
-0.03944716  0.40652573  -10.426328
-0.032184806  0.3026582  -10.328037
-0.0030332208  0.17956698  -10.255801
0.043547604  0.048540983  -10.188865
0.09345015  -0.066030465  -10.066261
0.13069253  -0.14785959  -9.887792
0.13897122  -0.19400097  -9.689971
0.11881661  -0.20218839  -9.510116
0.085404  -0.17287433  -9.329005
0.053767383  -0.10737214  -9.130599
0.026468167  -0.018620402  -8.928626
-0.0056316317  0.076279975  -8.764173
-0.040732894  0.16380173  -8.671361
-0.071951665  0.24166317  -8.648316
-0.10205931  0.31135216  -8.669594
-0.1415322  0.3738824  -8.727207
-0.17553812  0.4236156  -8.859546
-0.19019867  0.46388355  -9.066827
-0.1688651  0.4633465  -9.316251
-0.121268116  0.4056951  -9.575207
-0.06508477  0.29109597  -9.830137
-0.008815047  0.16374683  -10.065614
0.028011844  0.050339356  -10.245658
0.035306163  -0.03998803  -10.361657
0.011285369  -0.10513947  -10.427024
-0.008449535  -0.14832395  -10.449252
0.008836456  -0.19172871  -10.438683
0.060760695  -0.25105312  -10.389195
0.10126445  -0.31617805  -10.266525
0.10372912  -0.36189476  -10.054589
0.08015159  -0.39503825  -9.7826605
0.08987632  -0.40772283  -9.513101
0.13575901  -0.38118753  -9.238754
0.17983921  -0.30260667  -8.970978
0.19189756  -0.20701575  -8.7561245
0.2071983  -0.13387091  -8.669342
0.26178938  -0.083646335  -8.702546
0.3211154  -0.026832467  -8.786636
0.35128617  0.040258255  -8.908616
0.3336725  0.114534296  -9.07564
0.2883062  0.18499245  -9.30038
0.22261383  0.25343415  -9.513406
0.14171606  0.27800992  -9.697519
0.060075182  0.22451194  -9.90088
-0.0092392685  0.095071435  -10.134533
-0.06447879  -0.04197548  -10.347741
-0.101878785  -0.14743732  -10.461957
-0.12070781  -0.2238702  -10.50707
-0.11054788  -0.29419875  -10.514895
-0.09259015  -0.36483204  -10.491702
-0.0737431  -0.42558232  -10.421575
-0.03603321  -0.47536886  -10.2898
0.013072923  -0.51486385  -10.0765505
0.051033467  -0.5545154  -9.818412
0.05081916  -0.5648177  -9.574088
0.01523112  -0.52104837  -9.368218
-0.033756897  -0.41478896  -9.176398
-0.09202027  -0.29049936  -8.99686
-0.13640045  -0.18466322  -8.885486
-0.16083167  -0.10724076  -8.869611
-0.15715845  -0.046366673  -8.913025
-0.14003856  0.009758772  -8.970316
-0.12590401  0.07137194  -9.026406
-0.13804181  0.14763944  -9.097373
-0.16939752  0.21426563  -9.20885
-0.18311866  0.21399502  -9.378132
-0.14540811  0.110787846  -9.629539
-0.0746072  -0.05190653  -9.92833
-0.0205617  -0.19380462  -10.218186
3.5086056E-4  -0.27490982  -10.443049
0.00798413  -0.31091812  -10.591229
0.0036506783  -0.33139333  -10.6743765
-0.024671948  -0.35158148  -10.6883745
-0.06433704  -0.38418198  -10.63031
-0.09442008  -0.4193301  -10.47063
-0.09029015  -0.45479771  -10.213445
-0.068870515  -0.493158  -9.88418
-0.040444084  -0.5404375  -9.571868
-0.0071770265  -0.5524113  -9.2986555
0.029735208  -0.4951907  -9.03796
0.06592926  -0.3816268  -8.816872
0.09432421  -0.28159678  -8.697517
0.11090825  -0.22375822  -8.731832
0.12193525  -0.18765257  -8.838963
0.11990907  -0.14072289  -8.963666
0.1123091  -0.075927675  -9.107552
0.11189366  -0.0036871203  -9.306163
0.11054843  0.052965116  -9.523778
0.09060984  0.046343207  -9.755113
0.05649583  -0.045693662  -10.008962
0.0045056627  -0.1782819  -10.240302
-0.051343095  -0.27647913  -10.377388
-0.12518413  -0.31214473  -10.37721
-0.18523653  -0.32751998  -10.331494
-0.2110597  -0.3599411  -10.300042
-0.19722809  -0.41784883  -10.288583
-0.15731402  -0.48632792  -10.265574
-0.114619814  -0.55114204  -10.204636
-0.07482048  -0.6054623  -10.105834
-0.030754134  -0.65443534  -9.980413
0.025265047  -0.6807919  -9.838016
0.061036993  -0.64161325  -9.661176
0.038532842  -0.5059317  -9.421861
-0.03354856  -0.32115337  -9.163929
-0.10015001  -0.17140101  -8.96885
-0.11884568  -0.09510853  -8.884507
-0.10939527  -0.06813827  -8.887061
-0.10354706  -0.05177324  -8.929339
-0.12342716  -0.028848505  -9.000395
-0.1574247  0.0046500643  -9.102474
-0.19085465  0.035444815  -9.234917
-0.20614909  0.031042026  -9.395914
-0.18772471  -0.03239589  -9.616313
-0.12173298  -0.14074449  -9.885921
-0.017256506  -0.24747346  -10.157676
0.09723755  -0.3191465  -10.344771
0.18356062  -0.35961723  -10.423012
0.23564224  -0.3986067  -10.433978
0.26441061  -0.4572692  -10.432095
0.2755321  -0.5323095  -10.430554
0.2630624  -0.6056258  -10.39017
0.22985816  -0.66438514  -10.267761
0.18377876  -0.7146812  -10.058662
0.14289643  -0.7543371  -9.831332
0.12202791  -0.7437978  -9.602013
0.118296005  -0.6580722  -9.362012
0.13456146  -0.54001397  -9.149332
0.15366887  -0.46425414  -9.042222
0.18475372  -0.45922604  -9.08109
0.2130633  -0.46690956  -9.177548
0.22620119  -0.44181594  -9.242335
0.21503203  -0.3754324  -9.263781
0.17268342  -0.30717322  -9.288854
0.119747974  -0.26725796  -9.380028
0.08374367  -0.23967774  -9.534848
0.06338183  -0.23235698  -9.703636
0.034714565  -0.27604398  -9.892437
-0.008988231  -0.40278253  -10.138328
-0.048346166  -0.56790656  -10.4086275
-0.06065343  -0.6966123  -10.602261
-0.058590904  -0.7560745  -10.635667
-0.057212178  -0.77048665  -10.558925
-0.063225575  -0.77775055  -10.43187
-0.072425246  -0.80101484  -10.303284
-0.06620228  -0.8396828  -10.180186
-0.037651855  -0.888431  -10.066722
0.001750174  -0.9380021  -9.967002
0.027556255  -0.9605233  -9.878393
0.022448277  -0.9273141  -9.75388
-0.008747912  -0.8459484  -9.589162
-0.06303752  -0.76456577  -9.421462
-0.1278026  -0.71880245  -9.3242655
-0.18188435  -0.70527714  -9.30927
-0.20806976  -0.6959729  -9.331054
-0.21933274  -0.6791969  -9.3390045
-0.23254144  -0.65223604  -9.316289
-0.2484494  -0.61919314  -9.285374
-0.25114706  -0.5943995  -9.291116
-0.25042304  -0.5997643  -9.36761
-0.25482914  -0.6377607  -9.513318
-0.26593778  -0.68679404  -9.685355
-0.26063415  -0.7113541  -9.833515
-0.23415919  -0.6967344  -9.93074
-0.19675954  -0.6605928  -9.976102
-0.16572845  -0.6212714  -9.982924
-0.1532902  -0.61060435  -9.95399
-0.15569781  -0.63455194  -9.908748
-0.16101056  -0.6992642  -9.8589945
-0.1502688  -0.7860655  -9.8134775
-0.14189053  -0.8700096  -9.752097
-0.16297239  -0.9580396  -9.660972
-0.20303942  -1.031221  -9.56826
-0.22153993  -1.0478274  -9.452157
-0.20932437  -0.9733496  -9.288708
-0.18051918  -0.8532919  -9.104888
-0.15987329  -0.76950026  -8.991054
-0.13737093  -0.75009876  -9.005488
-0.12049838  -0.76761764  -9.097993
-0.113785535  -0.78812796  -9.207523
-0.12182781  -0.79790336  -9.299813
-0.13717042  -0.7930958  -9.372369
-0.15236436  -0.77277344  -9.421266
-0.16398086  -0.7428126  -9.458136
-0.179563  -0.7174492  -9.494289
-0.19934362  -0.70617896  -9.553177
-0.22825098  -0.7070797  -9.624791
-0.25173795  -0.7078218  -9.696986
-0.26253343  -0.6971634  -9.751628
-0.26337314  -0.6651836  -9.77262
-0.26705003  -0.6158827  -9.757773
-0.2703098  -0.5585838  -9.7234335
-0.25861135  -0.5172798  -9.701978
-0.23147696  -0.5073738  -9.708201
-0.20270367  -0.5176971  -9.719736
-0.1682304  -0.5173773  -9.707722
-0.13033776  -0.48731723  -9.659707
-0.09476777  -0.44125795  -9.604552
-0.08714483  -0.40770212  -9.566638
-0.1039173  -0.4009993  -9.557443
-0.13436484  -0.40912235  -9.559182
-0.14367318  -0.42599687  -9.58419
-0.1256228  -0.43181682  -9.633086
-0.08925038  -0.41606763  -9.69336
-0.06684609  -0.37206402  -9.747151
-0.07687875  -0.30857763  -9.77405
-0.08340023  -0.23735802  -9.773267
-0.07520917  -0.16432129  -9.739959
-0.05015504  -0.09895229  -9.699529
-0.038031857  -0.057606224  -9.687346
-0.038757514  -0.046311695  -9.713443
-0.043555766  -0.04938607  -9.752385
-0.03960007  -0.038858704  -9.763984
-0.016595757  0.0046888697  -9.742599
0.007632258  0.050237697  -9.721534
0.029236786  0.074677505  -9.716794
0.042337015  0.07839111  -9.713998
0.06480754  0.08421993  -9.702439
0.07122227  0.08664125  -9.697875
0.054126438  0.07622532  -9.708908
0.030818472  0.06636277  -9.708919
0.018026149  0.0684009  -9.684283
0.0073473393  0.0751166  -9.651638
-0.014629033  0.07643796  -9.644977
-0.04174027  0.085407116  -9.663327
-0.060781073  0.098709576  -9.693794
-0.08039773  0.10585936  -9.716496
-0.101225466  0.092253886  -9.74501
-0.10779774  0.07755401  -9.777029
-0.089423515  0.07555459  -9.802943
