0.07211374  -0.3355547  -10.029352
0.0010446832  -0.3086565  -10.068694
-0.036193375  -0.3028043  -10.0472
-0.093103886  -0.3066688  -9.974407
-0.10593908  -0.3085705  -9.860556
-0.114752926  -0.277984  -9.785099
-0.1282996  -0.21304412  -9.756045
-0.118411265  -0.16453673  -9.7155
-0.07978892  -0.146865  -9.663116
-0.027463557  -0.14746673  -9.633754
0.014337537  -0.14484328  -9.62702
0.041903447  -0.1371545  -9.628376
0.06190549  -0.13012202  -9.631013
0.07872286  -0.13289653  -9.641647
0.0941357  -0.13663909  -9.65481
0.10560206  -0.13651271  -9.659167
0.113853015  -0.13197218  -9.652633
0.12521996  -0.13287582  -9.639498
0.14210497  -0.13608164  -9.625725
0.16235961  -0.1413571  -9.614234
0.18412147  -0.14561373  -9.598136
0.20828132  -0.14973678  -9.5792
0.2391061  -0.15537322  -9.556335
0.27747878  -0.16062708  -9.525173
0.3176922  -0.16061708  -9.488677
0.35226592  -0.1540356  -9.457973
0.37440252  -0.1444156  -9.453303
0.39588246  -0.14061293  -9.465866
0.42723456  -0.14877915  -9.482741
0.47209492  -0.16786891  -9.497764
0.5207233  -0.19390821  -9.51776
0.56831425  -0.22759467  -9.549684
0.6208309  -0.27850604  -9.583548
0.6701162  -0.33908406  -9.6096525
0.7027524  -0.37958184  -9.638303
0.7059522  -0.37577164  -9.678214
0.6982682  -0.33936605  -9.722114
0.6944725  -0.29289067  -9.7422285
0.70155615  -0.24430735  -9.727729
0.7116456  -0.1801794  -9.684423
0.7240601  -0.10915544  -9.63116
0.735413  -0.035065476  -9.57393
0.7403291  0.0289824  -9.527425
0.7361328  0.083396144  -9.499143
0.7374796  0.12023056  -9.492411
0.7540452  0.13996585  -9.501786
0.7831734  0.15162802  -9.521707
0.8127733  0.16777806  -9.546042
0.83961326  0.19209826  -9.561368
0.8692991  0.21962745  -9.55388
0.9021754  0.2329148  -9.52567
0.93937516  0.24737823  -9.486924
0.97766536  0.25986513  -9.444356
1.0136105  0.2909992  -9.406886
1.0504203  0.32108495  -9.374047
1.0955884  0.35107312  -9.351117
1.1508732  0.37473226  -9.342027
1.2059225  0.4057609  -9.351493
1.2504848  0.45137036  -9.378647
1.2867411  0.5055115  -9.420868
1.3229737  0.55218476  -9.475347
1.3646488  0.5872218  -9.539624
1.4073092  0.6193798  -9.613376
1.4312285  0.6591018  -9.702931
1.4253167  0.6947935  -9.793968
1.3886237  0.7114811  -9.869663
1.3253348  0.6984127  -9.9443865
1.2299646  0.6680188  -10.050511
1.1084892  0.64252096  -10.189979
0.9914999  0.6313775  -10.315921
0.9065707  0.62050396  -10.380244
0.86218023  0.5875267  -10.376754
0.83942324  0.53697807  -10.329552
0.826344  0.4888797  -10.273042
0.81708235  0.4514272  -10.218384
0.81351286  0.4028205  -10.167938
0.8110983  0.34162626  -10.098636
0.8087732  0.26923582  -10.020967
0.8046866  0.21211475  -9.930565
0.8033864  0.17423613  -9.827498
0.80281776  0.15479329  -9.69052
0.80348635  0.14140368  -9.532627
0.7989616  0.13418938  -9.395609
0.7971305  0.12908733  -9.320998
0.81317884  0.112800986  -9.312341
0.8534145  0.07680893  -9.357428
0.9075442  0.045624536  -9.443295
0.9506007  0.024835648  -9.57241
0.97644854  0.01783021  -9.75534
0.9968529  -0.0034252096  -9.970666
0.9938483  -0.026686272  -10.162021
0.9327952  -0.05312988  -10.299037
0.7882096  -0.06996365  -10.424492
0.59048  -0.08660511  -10.59082
0.3975484  -0.10370276  -10.742088
0.24397914  -0.1364442  -10.790751
0.13332365  -0.18138893  -10.716588
0.04154855  -0.22954695  -10.585598
-0.04201923  -0.2686055  -10.431577
-0.10862151  -0.30145907  -10.247192
-0.14445603  -0.32557422  -10.03694
-0.1495741  -0.33709764  -9.816693
-0.12083759  -0.3243906  -9.582734
-0.06616352  -0.2792448  -9.318637
0.0042839297  -0.2034422  -9.036013
0.07021316  -0.11848843  -8.782989
0.137296  -0.056205135  -8.58469
0.20806424  -0.028020687  -8.458785
0.27617872  -0.020091949  -8.416634
0.32652813  -0.008731535  -8.446441
0.35965607  0.0076549263  -8.553529
0.38257286  0.01910576  -8.733308
0.40950432  0.011486863  -8.995335
0.43938053  0.011356727  -9.285715
0.4623281  0.020132652  -9.547352
0.4504033  0.0075983517  -9.79491
0.38332078  -0.060352255  -10.073097
0.27342013  -0.16104972  -10.3652
0.1588984  -0.26030532  -10.5886
0.06700591  -0.3376194  -10.675308
-0.017834889  -0.38721123  -10.662211
-0.116161145  -0.39991084  -10.600896
-0.22821502  -0.38488445  -10.512897
-0.3288978  -0.3651789  -10.379798
-0.4041164  -0.3506327  -10.185302
-0.46761844  -0.33290443  -9.937604
-0.50336516  -0.3084186  -9.682815
-0.4901146  -0.27596238  -9.437705
-0.4024346  -0.25957486  -9.182757
-0.26735783  -0.27209982  -8.894699
-0.1353349  -0.31235966  -8.644261
-0.037805993  -0.34390625  -8.509368
0.024947984  -0.34152865  -8.499986
0.080971144  -0.31381148  -8.552285
0.14119516  -0.29880038  -8.637819
0.20532298  -0.31730846  -8.769241
0.26335585  -0.34669542  -8.967697
0.32441807  -0.34316587  -9.236144
0.3702663  -0.29677832  -9.550359
0.3664929  -0.24006648  -9.874713
0.27385798  -0.22894858  -10.207057
0.12600265  -0.27710924  -10.551677
-0.031041736  -0.31459194  -10.8344345
-0.1584027  -0.27964702  -10.963792
-0.25946036  -0.18606351  -10.904892
-0.33814657  -0.14010113  -10.774299
-0.40199852  -0.17618549  -10.638144
-0.4550672  -0.2505039  -10.505462
-0.5029494  -0.30689505  -10.320939
-0.5336894  -0.36616144  -10.084409
-0.53510636  -0.43719974  -9.846274
-0.4886441  -0.48444661  -9.624874
-0.3954163  -0.45252958  -9.401607
-0.2778047  -0.35158947  -9.152238
-0.16100651  -0.23654747  -8.905199
-0.07552073  -0.14686212  -8.729472
-0.028696755  -0.09244584  -8.663329
-0.0066496283  -0.05837017  -8.679104
0.02400815  -0.039461676  -8.732656
0.07365746  -0.032514866  -8.7988
0.12242478  -0.029327327  -8.901355
0.15283091  -0.018830026  -9.072288
0.16722023  0.0052565373  -9.30925
0.16601683  0.019913154  -9.573337
0.12512676  -0.016577942  -9.838475
0.032792356  -0.09716282  -10.110707
-0.083777905  -0.18847279  -10.380813
-0.179466  -0.24232633  -10.584069
-0.23678666  -0.26689214  -10.664039
-0.28387988  -0.2810495  -10.640578
-0.34408975  -0.28710428  -10.588826
-0.4270738  -0.27152374  -10.537194
-0.5169092  -0.24086754  -10.459706
-0.60572344  -0.2184513  -10.303383
-0.67475796  -0.21634813  -10.054862
-0.6814604  -0.22796182  -9.738061
-0.6003445  -0.21645969  -9.377043
-0.47189847  -0.16484644  -8.997627
-0.35848054  -0.12138212  -8.703918
-0.28740934  -0.14197068  -8.57783
-0.23938416  -0.2207485  -8.622647
-0.191275  -0.2742214  -8.717255
-0.13368382  -0.25674504  -8.775658
-0.05975226  -0.1941901  -8.796338
0.020808997  -0.1350164  -8.855077
0.086087756  -0.08984814  -9.00982
0.12098438  -0.045471247  -9.252164
0.13050447  0.009069343  -9.513653
0.12918745  0.051319387  -9.7443495
0.08346257  0.0547312  -9.973938
-0.025659991  -0.011393613  -10.257009
-0.16840832  -0.109973796  -10.542808
-0.27576926  -0.17696531  -10.697366
-0.3247073  -0.16912842  -10.674054
-0.35636008  -0.13227023  -10.5488
-0.39647937  -0.11762152  -10.446892
-0.4450891  -0.14322568  -10.364232
-0.48161674  -0.20165668  -10.253194
-0.5074096  -0.2900814  -10.086908
-0.51312214  -0.37775314  -9.907815
-0.47869205  -0.38708842  -9.720159
-0.38671803  -0.30754796  -9.478517
-0.2669264  -0.18306054  -9.168997
-0.17024715  -0.0893571  -8.893556
-0.11706301  -0.043350924  -8.753428
-0.078579  -0.033800628  -8.747869
-0.021962052  -0.03639512  -8.776238
0.05154377  -0.03894803  -8.785111
0.12599571  -0.03644385  -8.796473
0.18559748  -0.045408975  -8.884983
0.23049118  -0.055549283  -9.078172
0.26089513  -0.04918541  -9.338624
0.28921366  -0.019060405  -9.601914
0.31797794  0.021475142  -9.822328
0.31574306  0.038108114  -10.002234
0.25944933  0.011568078  -10.179166
0.16529167  -0.055447336  -10.349106
0.07726023  -0.13318299  -10.485646
0.0061900155  -0.18971546  -10.549088
-0.077952854  -0.21305084  -10.551112
-0.18945603  -0.20645845  -10.504084
-0.30933967  -0.18873046  -10.40472
-0.40318143  -0.1917362  -10.250296
-0.46346033  -0.21888526  -10.054958
-0.49782982  -0.24246116  -9.846147
-0.47691503  -0.23420751  -9.630011
-0.388947  -0.16335551  -9.381177
-0.26041982  -0.06772887  -9.134291
-0.14864255  2.4224445E-4  -8.965264
-0.083678514  -0.010639034  -8.919969
-0.052308004  -0.058287527  -8.959676
-0.038079057  -0.092826486  -8.993145
-0.016103992  -0.091467224  -8.999164
0.022005739  -0.07218608  -8.991355
0.0678762  -0.04629157  -9.023353
0.104661524  -0.014605519  -9.114118
0.1317225  0.012249641  -9.269561
0.15762724  0.029218247  -9.482241
0.20239277  0.02154363  -9.744195
0.23556454  -0.01075163  -10.012767
0.20218669  -0.04993062  -10.2778015
0.085308485  -0.085892685  -10.517325
-0.06287371  -0.10314534  -10.676301
-0.16965573  -0.10134498  -10.696757
-0.23467027  -0.078622974  -10.5788965
-0.29894885  -0.047367454  -10.409374
-0.38037977  -0.037738036  -10.25357
-0.46499923  -0.06618651  -10.141294
-0.52749044  -0.13073827  -10.054458
-0.5571354  -0.20913742  -9.973666
-0.5294191  -0.26572883  -9.86718
-0.44204012  -0.27714685  -9.706989
-0.31828114  -0.24518047  -9.502989
-0.20908785  -0.19143088  -9.286664
-0.12806101  -0.14110291  -9.116717
-0.05975157  -0.10356275  -9.008647
0.016243229  -0.08070478  -8.952541
0.09678677  -0.060924094  -8.934609
0.16769736  -0.029743835  -8.945982
0.21854132  0.011310563  -8.993437
0.24739301  0.041186977  -9.094617
0.26032642  0.047408227  -9.24941
0.27020168  0.03507175  -9.453969
0.28447428  0.032826427  -9.666509
0.27755323  0.051530134  -9.867129
0.22094409  0.057914298  -10.064633
0.1160833  0.022865534  -10.289341
0.005688177  -0.04854982  -10.501269
-0.08291178  -0.105082266  -10.626873
-0.14973311  -0.123623274  -10.629095
-0.21739316  -0.11476445  -10.557102
-0.2918826  -0.10605973  -10.469737
-0.37357673  -0.11063031  -10.376957
-0.45315316  -0.1281838  -10.252134
-0.53790927  -0.14060694  -10.080796
-0.59936047  -0.13512976  -9.890189
-0.5964952  -0.11770936  -9.678597
-0.522356  -0.08542061  -9.4474
-0.428905  -0.060516793  -9.246699
-0.37220213  -0.05267637  -9.152389
-0.35051754  -0.07752815  -9.180314
-0.32518673  -0.11804279  -9.23824
-0.27987516  -0.1516732  -9.251805
-0.22428636  -0.15737784  -9.205155
-0.17561139  -0.1383751  -9.150764
-0.14450909  -0.10791224  -9.149922
-0.13374804  -0.07402214  -9.249116
-0.14511327  -0.02932153  -9.416255
-0.16964817  0.020949163  -9.6024065
-0.1882397  0.049284507  -9.769668
-0.18934233  0.04241449  -9.915317
-0.22837071  0.03837077  -10.042133
-0.3518604  0.025562303  -10.178163
-0.54349244  -0.029149488  -10.313218
-0.7103812  -0.1467429  -10.416911
-0.8020694  -0.26918584  -10.440003
-0.84047395  -0.34657732  -10.387283
-0.8756032  -0.37864375  -10.302402
-0.936783  -0.3875709  -10.202224
-1.027917  -0.39816833  -10.110779
-1.1037989  -0.42612836  -10.0166855
-1.1124698  -0.44849324  -9.896241
-1.0425104  -0.43814096  -9.711629
-0.94612193  -0.39302847  -9.502114
-0.876343  -0.3558158  -9.351238
-0.855514  -0.3482007  -9.322669
-0.8595455  -0.35700437  -9.361232
-0.8675456  -0.3625926  -9.386689
-0.8694091  -0.35719693  -9.367412
-0.8779807  -0.34732327  -9.347222
-0.8909047  -0.34206668  -9.363244
-0.8987124  -0.34560147  -9.410088
-0.8967721  -0.35573718  -9.4527025
-0.89220005  -0.37144974  -9.498309
-0.8937282  -0.38823488  -9.567101
-0.9124224  -0.39800933  -9.6661825
-0.9481458  -0.40006387  -9.770438
-0.9863003  -0.40148425  -9.841498
-1.0068955  -0.40772858  -9.8779335
-1.0106509  -0.4242239  -9.899484
-1.024814  -0.44434765  -9.920362
-1.0517613  -0.46590683  -9.911677
-1.0794724  -0.4914937  -9.834222
-1.0946919  -0.5261276  -9.713531
-1.1085119  -0.5686217  -9.614002
-1.1336532  -0.59512216  -9.571368
-1.1731116  -0.6082749  -9.568318
-1.1640731  -0.645691  -9.570606
-1.0690883  -0.67720723  -9.528598
-0.90520006  -0.65810955  -9.445115
-0.76629  -0.5669212  -9.362373
-0.7017786  -0.47661296  -9.340439
-0.6857004  -0.43320903  -9.369026
-0.66830987  -0.43027577  -9.394692
-0.6287753  -0.4409984  -9.397972
-0.576327  -0.45363045  -9.392695
-0.52540594  -0.45371708  -9.396191
-0.4939886  -0.43208122  -9.415803
-0.47745326  -0.39257684  -9.441823
-0.47338986  -0.3516654  -9.4824705
-0.47038427  -0.32173976  -9.535426
-0.45818162  -0.3014948  -9.585716
-0.42911005  -0.28395867  -9.623746
-0.37963668  -0.26952866  -9.646286
-0.32286447  -0.25969866  -9.66709
-0.2675413  -0.2574285  -9.683044
-0.2272573  -0.25477883  -9.696017
-0.20511596  -0.2510698  -9.715139
-0.20027666  -0.24317701  -9.756482
-0.1961304  -0.23406582  -9.791706
-0.17800643  -0.22713429  -9.794517
-0.13539492  -0.23453741  -9.753455
-0.07684474  -0.24804203  -9.695522
-0.026526166  -0.2513042  -9.656345
-0.0019737354  -0.23583595  -9.643628
0.0011407702  -0.21381813  -9.647321
5.173347E-4  -0.19452852  -9.660167
0.0019959337  -0.1771013  -9.683017
0.009147684  -0.15167244  -9.71386
0.025625175  -0.10892797  -9.732204
0.0486508  -0.049747508  -9.740238
0.0492799  0.010555026  -9.7480345
0.0378134  0.050546706  -9.768909
0.024811596  0.08049605  -9.78943
0.033023838  0.10334901  -9.797614
0.038250778  0.13014026  -9.797773
