0.03588907  -0.21256506  -9.849854
0.064785495  -0.1834396  -9.753147
0.09415451  -0.16816366  -9.660377
0.14538886  -0.14182907  -9.500876
0.16284649  -0.12632811  -9.436991
0.15780942  -0.109580345  -9.448512
0.15559195  -0.08253164  -9.481154
0.17742836  -0.06454121  -9.465022
0.20502283  -0.050654512  -9.445949
0.21318424  -0.044863615  -9.464669
0.2105102  -0.031970274  -9.519802
0.2072087  -0.018017793  -9.572587
0.210075  -0.012990672  -9.597953
0.21195342  -0.028309278  -9.608821
0.2080131  -0.06285184  -9.612155
0.20085561  -0.10492444  -9.608851
0.19651096  -0.14464547  -9.586198
0.19637625  -0.17975974  -9.55255
0.19759881  -0.21394122  -9.522262
0.19763386  -0.24747664  -9.503316
0.19603045  -0.27993837  -9.493918
0.1943822  -0.31047115  -9.487073
0.19330637  -0.3404629  -9.48714
0.19183265  -0.37073812  -9.496109
0.18771397  -0.39874658  -9.513675
0.18134296  -0.4196458  -9.528445
0.17465876  -0.43062806  -9.534965
0.1691526  -0.4336938  -9.540039
0.1641546  -0.43271366  -9.547947
0.16194032  -0.4314948  -9.555954
0.16788101  -0.43054852  -9.559944
0.19178002  -0.42673674  -9.557235
0.23225449  -0.42188787  -9.548314
0.27389443  -0.41984424  -9.529269
0.30337226  -0.4260656  -9.502289
0.32258102  -0.43428662  -9.473091
0.3447214  -0.44518825  -9.4527645
0.37101015  -0.46263516  -9.451415
0.393991  -0.49138483  -9.469713
0.412349  -0.5230334  -9.498646
0.4318615  -0.5511394  -9.513848
0.45479187  -0.5762055  -9.510652
0.47786817  -0.604802  -9.497321
0.4982897  -0.63793486  -9.492105
0.5218726  -0.67379814  -9.488879
0.55360943  -0.7086497  -9.480258
0.5883059  -0.74674696  -9.460099
0.61611944  -0.7929328  -9.432519
0.6274439  -0.8496399  -9.417995
0.6361306  -0.90383846  -9.420417
0.6595135  -0.9451804  -9.433465
0.70837146  -0.9730999  -9.4442
0.76023203  -1.0042783  -9.468796
0.80028313  -1.0383496  -9.527386
0.83568406  -1.0637549  -9.634744
0.89051485  -1.0731127  -9.777034
0.96281546  -1.073489  -9.920327
1.008573  -1.0627776  -10.044427
1.0050498  -1.0264121  -10.15335
0.95313334  -0.96281403  -10.264174
0.88894874  -0.8925433  -10.35585
0.83394855  -0.8368216  -10.394914
0.799012  -0.8000696  -10.3771925
0.77772754  -0.77117443  -10.340472
0.7543371  -0.7454357  -10.307417
0.7196269  -0.723304  -10.2776985
0.6783824  -0.71102333  -10.228352
0.63756806  -0.7099902  -10.170432
0.6055343  -0.7119271  -10.11004
0.58635074  -0.7146451  -10.046752
0.5768468  -0.7133387  -9.971432
0.5617747  -0.71069807  -9.894937
0.53827024  -0.7021043  -9.817066
0.51617974  -0.6885678  -9.7334795
0.5103279  -0.67098075  -9.638477
0.51071787  -0.6521073  -9.55889
0.5105021  -0.6348383  -9.515075
0.50534254  -0.6261749  -9.514177
0.49883452  -0.63164216  -9.547391
0.48879373  -0.65044194  -9.611615
0.4674382  -0.67810345  -9.713073
0.43702734  -0.70962685  -9.84512
0.4047455  -0.73028284  -9.988963
0.38009295  -0.6996692  -10.13252
0.358351  -0.59284645  -10.278072
0.32240206  -0.43906954  -10.41449
0.2741972  -0.2914684  -10.500001
0.22556745  -0.18711396  -10.496589
0.20008123  -0.09860727  -10.407493
0.18452245  -0.009385486  -10.28045
0.1506198  0.08390629  -10.144376
0.06854531  0.15886278  -9.998775
-0.047842  0.19991077  -9.834149
-0.1416995  0.2053409  -9.65874
-0.18012863  0.17573547  -9.486866
-0.15113632  0.12527156  -9.312139
-0.081922576  0.07159694  -9.134667
4.4130938E-4  0.029736077  -8.984902
0.067740075  0.0018216739  -8.886851
0.11674813  -0.019901942  -8.82953
0.16684663  -0.044621184  -8.79963
0.22805142  -0.071732  -8.800087
0.28319576  -0.10384536  -8.860241
0.32180384  -0.1329072  -8.958083
0.34088588  -0.15765919  -9.084719
0.3384697  -0.18124448  -9.254361
0.32393798  -0.19183  -9.484719
0.2903954  -0.18758076  -9.739049
0.23089993  -0.16179271  -9.969303
0.1400152  -0.12530528  -10.143052
0.045090765  -0.08397012  -10.273244
-0.018170645  -0.04311572  -10.3433485
-0.056166384  -0.0062660654  -10.370074
-0.09298136  0.039414186  -10.375194
-0.14704286  0.106233925  -10.3757105
-0.20115076  0.19719338  -10.355208
-0.23567295  0.29759148  -10.277103
-0.24483617  0.38773802  -10.1165085
-0.2411964  0.45093432  -9.896358
-0.23839547  0.45528117  -9.649887
-0.22746241  0.39746368  -9.39814
-0.20520572  0.3078986  -9.155492
-0.16873634  0.2193412  -8.946244
-0.13554607  0.14770061  -8.826229
-0.11716965  0.075256996  -8.810607
-0.10895619  0.0029489214  -8.86729
-0.08809995  -0.065022446  -8.943654
-0.035972014  -0.11322886  -9.03563
0.02799653  -0.13273208  -9.183283
0.07951969  -0.13933034  -9.410632
0.11415074  -0.14513792  -9.655402
0.12623926  -0.11465461  -9.8768635
0.0959721  -0.01941911  -10.114444
0.015721325  0.11714544  -10.367208
-0.060194056  0.21957147  -10.538199
-0.076388925  0.24422407  -10.518458
-0.031070063  0.23322551  -10.349461
0.0046472703  0.24232157  -10.187042
-0.0091531705  0.3055713  -10.100783
-0.08086086  0.38371322  -10.077268
-0.17240685  0.43548214  -10.039418
-0.25184092  0.45890474  -9.942088
-0.2953026  0.46234754  -9.779889
-0.28061903  0.45524335  -9.581806
-0.21612126  0.43208218  -9.379356
-0.1220853  0.3984363  -9.194145
-0.043440927  0.3663732  -9.037904
-4.6693098E-5  0.3407332  -8.947
0.02266232  0.32215235  -8.934673
0.056903917  0.28762755  -8.960948
0.1169641  0.22467242  -8.982592
0.19129235  0.14602907  -8.993722
0.26077974  0.0879043  -9.06105
0.31816357  0.067729495  -9.235765
0.35871372  0.06479285  -9.4932165
0.3722856  0.06987057  -9.764146
0.3486445  0.080932155  -9.996541
0.2821087  0.10731462  -10.197006
0.17856102  0.1398717  -10.3889675
0.053735327  0.16816819  -10.529691
-0.054771077  0.19253367  -10.566387
-0.1239601  0.22672307  -10.498775
-0.16202599  0.2719142  -10.392077
-0.19867945  0.32271013  -10.293592
-0.23124497  0.36598146  -10.1767435
-0.25065693  0.4063184  -9.994277
-0.25998834  0.44190595  -9.762203
-0.26180407  0.4297466  -9.51287
-0.23961191  0.34635186  -9.246722
-0.18338989  0.2193213  -8.984878
-0.13805573  0.124008566  -8.819491
-0.15154436  0.09953109  -8.836214
-0.22827572  0.10150212  -9.0009775
-0.29717407  0.07443648  -9.161995
-0.30755344  5.689385E-4  -9.24347
-0.24819635  -0.07442481  -9.267903
-0.16248746  -0.112163045  -9.319511
-0.0789483  -0.10913372  -9.45324
-0.022808023  -0.097644635  -9.657041
0.009111184  -0.10100692  -9.87494
0.027192658  -0.09315076  -10.056123
0.031203344  -0.030492237  -10.247425
0.018107051  0.08500486  -10.447267
-0.012105748  0.19665472  -10.601334
-0.03925002  0.2559625  -10.606019
-0.050241172  0.28564593  -10.474534
-0.059006322  0.32481155  -10.306985
-0.087751485  0.3849311  -10.169076
-0.15152399  0.43133664  -10.040306
-0.24346106  0.4443842  -9.874887
-0.3371974  0.43917024  -9.670367
-0.39601573  0.43043748  -9.474513
-0.39902878  0.41194478  -9.307915
-0.3348125  0.3650191  -9.153039
-0.23596026  0.30221072  -9.005652
-0.12994052  0.25448066  -8.903737
-0.04201989  0.23943011  -8.886594
0.026962534  0.22995162  -8.931321
0.076544896  0.19160788  -8.980938
0.111276306  0.12206008  -9.006845
0.14063905  0.055428628  -9.033531
0.17680168  0.015151586  -9.094974
0.22661322  0.0031032749  -9.207883
0.28329816  -0.0030101463  -9.372204
0.34259877  -0.013895098  -9.562935
0.3771449  -0.01679617  -9.76501
0.36065003  0.006876299  -9.979999
0.27884737  0.069760665  -10.226758
0.16903313  0.15592624  -10.459384
0.07873123  0.25081944  -10.599384
0.025949523  0.33671927  -10.611913
-0.010091891  0.4070522  -10.530458
-0.049769167  0.46552512  -10.411111
-0.09273559  0.5185287  -10.2574625
-0.13045119  0.57202435  -10.072709
-0.16565241  0.6272539  -9.888591
-0.19983493  0.64924043  -9.741881
-0.21713841  0.6065888  -9.590392
-0.2053039  0.5077333  -9.426141
-0.17201984  0.41011277  -9.285088
-0.14458777  0.35902777  -9.237433
-0.1442854  0.34470177  -9.285886
-0.16015893  0.3358105  -9.352901
-0.16512382  0.30926582  -9.396239
-0.1289318  0.27261436  -9.398796
-0.071974546  0.2305581  -9.40667
-0.021510178  0.19135897  -9.450274
0.0017081144  0.1610683  -9.530734
0.009342399  0.15827475  -9.637305
-0.0060674096  0.18328291  -9.77301
-0.043572288  0.22164433  -9.93719
-0.075805336  0.23874891  -10.101193
-0.09054462  0.24214564  -10.197019
-0.10083925  0.26664993  -10.251872
-0.15074901  0.37326097  -10.309332
-0.24501412  0.53756547  -10.397651
-0.3467385  0.6918296  -10.450031
-0.42431697  0.7827453  -10.409257
-0.4759498  0.81390005  -10.289653
-0.5299793  0.83631307  -10.130417
-0.60280555  0.87435406  -9.983836
-0.6611822  0.9192887  -9.867047
-0.6713278  0.9377268  -9.762443
-0.61789584  0.9047068  -9.614992
-0.5333739  0.84646034  -9.428693
-0.46485654  0.78281355  -9.277199
-0.43420005  0.7367797  -9.218571
-0.4447503  0.70038444  -9.240672
-0.47420788  0.6766413  -9.281498
-0.5080505  0.6718963  -9.31633
-0.5336645  0.6813472  -9.345387
-0.55273  0.6848905  -9.369545
-0.5707868  0.6643968  -9.390529
-0.5914042  0.63545823  -9.415626
-0.61872214  0.62127155  -9.466077
-0.6532255  0.6269009  -9.545795
-0.687646  0.64508945  -9.642604
-0.7136032  0.6672109  -9.73172
-0.7175849  0.69195104  -9.805476
-0.7135096  0.71691006  -9.857223
-0.7221109  0.7420068  -9.890656
-0.7408574  0.77940613  -9.886068
-0.7562118  0.83353645  -9.846702
-0.7617147  0.8975132  -9.789973
-0.7729741  0.9460805  -9.733724
-0.7760131  0.9718833  -9.671784
-0.75644535  0.9865746  -9.591567
-0.7367299  1.0135422  -9.508542
-0.7432614  1.0323075  -9.479561
-0.76219827  1.0071889  -9.465092
-0.73790485  0.90126806  -9.420742
-0.6533983  0.7567659  -9.317895
-0.5634606  0.62701285  -9.2378235
-0.5166951  0.5470689  -9.237907
-0.5221022  0.5054253  -9.307948
-0.5377972  0.47873613  -9.408709
-0.5370193  0.45817658  -9.505357
-0.52594614  0.43176195  -9.581405
-0.50599474  0.40506196  -9.621041
-0.4813899  0.38862363  -9.640512
-0.45874098  0.38137624  -9.664495
-0.43581188  0.38550845  -9.70309
-0.41620764  0.38884342  -9.746808
-0.37485173  0.39075848  -9.766347
-0.31989658  0.3711774  -9.752667
-0.2625208  0.32162276  -9.7214575
-0.2207068  0.2643654  -9.695323
-0.18893318  0.2322827  -9.691962
-0.15648389  0.2339697  -9.714324
-0.12658723  0.24264117  -9.756211
-0.097539805  0.22674643  -9.781068
-0.065459795  0.18279295  -9.752635
-0.039238688  0.1255007  -9.6936
-0.035445705  0.076382644  -9.661994
-0.05710083  0.049407974  -9.674767
-0.07918466  0.041620854  -9.702962
-0.093503036  0.04196317  -9.726612
-0.1112489  0.027887205  -9.757168
-0.1196039  -0.0010301695  -9.787181
-0.10527291  -0.040676963  -9.802586
-0.07392684  -0.08184454  -9.812458
