0.06855973  -0.0608097  -10.129006
0.07360595  -0.063342184  -10.148755
0.07827123  -0.06791028  -10.165975
0.078601845  -0.069906086  -10.17123
0.07519262  -0.07415625  -10.168017
0.07060704  -0.07765081  -10.167001
0.06844722  -0.08062852  -10.170983
0.07145923  -0.08258436  -10.183568
0.07565585  -0.08455842  -10.196505
0.07737576  -0.08497446  -10.202289
0.07544911  -0.08556964  -10.1998415
0.073171645  -0.088805705  -10.19416
0.072392724  -0.091974735  -10.1921835
0.073459424  -0.09490887  -10.194794
0.06381794  -0.10391587  -10.20465
0.05711709  -0.11328741  -10.219623
0.055230066  -0.1225728  -10.224574
0.064113535  -0.1202912  -10.214929
0.07204539  -0.11717843  -10.19705
0.07199883  -0.11303755  -10.184178
0.07146481  -0.111564316  -10.18177
0.07207088  -0.1112325  -10.182271
0.07096897  -0.11076585  -10.182832
0.07186662  -0.10854452  -10.179715
0.06716413  -0.10309437  -10.178662
0.06311559  -0.10074679  -10.180459
0.058841083  -0.10350716  -10.175331
0.058475163  -0.10915019  -10.158709
0.06124906  -0.11051505  -10.136661
0.06983149  -0.114232205  -10.132901
0.0629786  -0.10320035  -10.139842
0.048671823  -0.08239842  -10.150081
0.026025834  -0.054772902  -10.146723
0.014765072  -0.040533435  -10.139186
0.015560813  -0.038372133  -10.134495
0.018750807  -0.03839048  -10.136394
0.021455303  -0.035604734  -10.132525
0.01713714  -0.030285677  -10.1220255
0.011686322  -0.024148183  -10.109106
0.010702732  -0.02222901  -10.102952
0.011864702  -0.021892143  -10.099534
0.013282065  -0.022179917  -10.092015
0.0161473  -0.02395899  -10.081347
0.01841568  -0.025598137  -10.06406
0.020098997  -0.02547519  -10.043897
0.019517016  -0.02450101  -10.029309
0.019965027  -0.024811866  -10.0275955
0.020206084  -0.02557479  -10.039965
0.020132117  -0.02686322  -10.057206
0.016427053  -0.02389203  -10.072528
0.012191837  -0.019943483  -10.082722
0.00894395  -0.016049484  -10.086005
0.009017855  -0.015628913  -10.087849
0.009725042  -0.016478894  -10.089413
0.008381397  -0.014287285  -10.091714
0.006317863  -0.012204361  -10.090453
0.0048431386  -0.010039949  -10.083863
0.0014007716  -0.008586217  -10.074388
-0.0023616953  -0.0063074436  -10.064953
-0.004861972  -0.0054374435  -10.057132
-0.0042206403  -0.006314531  -10.048772
-0.0037232153  -0.0066604414  -10.040671
-0.006929416  -0.0023500775  -10.03522
-0.010524963  0.0030796758  -10.032298
-0.012555535  0.0068914252  -10.031842
-0.011913203  0.0065339  -10.03132
-0.010509522  0.0042860215  -10.033555
-0.010413074  0.002128268  -10.033416
-0.009871819  -1.8007988E-4  -10.028434
-0.009292499  -0.0010496964  -10.019262
-0.008528729  -0.002051111  -10.007898
-0.009220349  -0.0017020315  -9.99874
-0.009991071  -0.0015640772  -9.99508
-0.0089954855  -0.0012087327  -9.999633
-0.0068345866  -0.0010519719  -10.0100355
-0.0058386307  -1.0604669E-5  -10.023671
-0.0063470607  5.1066885E-4  -10.038526
-0.0064930706  3.6931815E-4  -10.051281
-0.0083644455  6.3984306E-4  -10.055858
-0.011871432  0.0016348601  -10.049605
-0.016220847  0.0026627434  -10.034393
-0.019215392  0.0032030614  -10.011015
-0.020877605  0.0045346557  -9.982244
-0.0204983  0.006723866  -9.956563
-0.014794797  0.010290605  -9.950539
-0.0051766927  0.009221558  -9.975006
0.0050954535  0.005467152  -10.024114
0.01084131  -0.0015228345  -10.069568
0.010994871  -0.005864561  -10.088829
0.00716101  -0.011533999  -10.072031
0.0024952267  -0.017941697  -10.037005
-6.90847E-4  -0.022356331  -10.004921
-0.003369893  -0.023312544  -9.988393
-0.005258478  -0.022397777  -9.99051
-0.0046938076  -0.021140715  -10.006028
2.8450965E-4  -0.0206439  -10.023557
0.0074070953  -0.020511674  -10.029735
0.011573799  -0.0226441  -10.017669
0.011187569  -0.025051495  -9.997648
0.009246048  -0.02793666  -9.981773
0.0073224795  -0.029209346  -9.971478
0.0057809367  -0.02887264  -9.960654
0.0025745884  -0.026952758  -9.945174
0.0014977079  -0.024105305  -9.938495
0.0016307241  -0.02131539  -9.947927
0.0029276174  -0.01800475  -9.970908
0.0034097324  -0.016213162  -9.989632
0.003239428  -0.014152206  -9.99931
0.004350681  -0.011771336  -10.006523
0.006427545  -0.009025021  -10.024371
0.008596606  -0.0077680764  -10.0611315
0.0061512715  -0.008061495  -10.107861
-0.010734218  -0.006583214  -10.150601
-0.030080982  8.4755477E-4  -10.185821
-0.03757459  0.0066078627  -10.23523
-0.025830485  0.009999899  -10.322669
-0.009796071  0.011170037  -10.438085
-7.8159757E-4  0.015713219  -10.556705
0.0017618872  0.021067018  -10.648067
7.5241906E-4  0.021243291  -10.700218
-0.0077058934  0.020178655  -10.696567
-0.019090077  0.020723583  -10.63485
-0.030539786  0.02449114  -10.524345
-0.03610314  0.029072696  -10.404538
-0.038438927  0.032639425  -10.303716
-0.03652281  0.036250968  -10.240121
-0.030340726  0.037628096  -10.198135
-0.023455203  0.035690915  -10.160163
-0.019031959  0.030695116  -10.111063
-0.018826406  0.025219038  -10.04839
-0.01913874  0.018842785  -9.981022
-0.024745947  0.015535182  -9.924896
-0.035332162  0.016347762  -9.894165
-0.04557915  0.02242796  -9.891219
-0.04936427  0.027661467  -9.91076
-0.04745369  0.030642191  -9.938796
-0.044016454  0.03345765  -9.964428
-0.03857049  0.036241483  -9.985267
-0.028697545  0.035360187  -10.013358
-0.020004442  0.033011865  -10.049397
-0.016982807  0.032162104  -10.086562
-0.020357246  0.034425657  -10.117349
-0.024738275  0.0361526  -10.15595
-0.026034815  0.03468956  -10.2024
-0.02733509  0.031934958  -10.24089
-0.032497223  0.031526715  -10.251178
-0.039005592  0.03609291  -10.24119
-0.035945624  0.041960787  -10.238553
-0.0063242237  0.043031603  -10.265445
0.027975561  0.034344364  -10.315655
0.04654708  0.025225729  -10.349365
0.037835363  0.019299163  -10.324904
0.02046431  0.018129475  -10.235283
0.008055801  0.015812589  -10.111534
-2.8673458E-4  0.012498204  -9.995491
-0.0022579806  0.011980948  -9.907992
5.2307686E-4  0.011599164  -9.859241
0.006511481  0.010628447  -9.848239
0.015702868  0.0055328533  -9.873463
0.024244824  0.0011721188  -9.919946
0.031549674  -0.0016466283  -9.967097
0.03289805  -8.841323E-4  -10.000495
0.029517585  0.001092304  -10.01887
0.025196806  0.004584355  -10.0316105
0.023213467  0.007735374  -10.047004
0.026654482  0.011579562  -10.066192
0.03059406  0.013306825  -10.085339
0.036222547  0.013389665  -10.099788
0.044122726  0.009176981  -10.114868
0.05512811  0.0025235796  -10.131947
0.063195474  -0.0040690624  -10.141974
0.061837513  -0.0049720467  -10.140426
0.042866986  4.4576832E-4  -10.146245
0.022009648  0.007326847  -10.173558
0.004334452  0.014291932  -10.216441
0.001137833  0.017317766  -10.261018
0.004896851  0.01708839  -10.3031025
0.011320678  0.013796733  -10.333214
0.00831481  0.017215932  -10.328334
-0.0047128233  0.030721495  -10.300656
-0.0036171665  0.038829595  -10.295811
0.022548838  0.028599976  -10.340527
0.056723177  0.007875243  -10.380813
0.0657034  -0.0067554154  -10.349907
0.028564727  -6.3673966E-4  -10.222514
-0.014676441  0.011368287  -10.060481
-0.042859744  0.023801737  -9.927425
-0.037685663  0.024519108  -9.863542
-0.018663041  0.013524803  -9.864793
0.0014362481  -0.003465098  -9.901229
0.018736154  -0.019883456  -9.939004
0.021976814  -0.028410321  -9.955192
0.0136361895  -0.029135814  -9.947775
0.00193709  -0.027175529  -9.92694
-0.0108307265  -0.022720324  -9.901304
-0.016031608  -0.02127859  -9.877239
-0.015402776  -0.02180329  -9.869812
-0.008032547  -0.023487946  -9.884308
-0.0019377684  -0.02268817  -9.923721
3.4520883E-4  -0.020853693  -9.977136
0.0010341243  -0.019911597  -10.03329
7.0352905E-4  -0.022294268  -10.080794
-0.0024260087  -0.022462433  -10.117616
-0.009170049  -0.020717138  -10.152434
-0.017830322  -0.016788239  -10.183101
-0.026910156  -0.013077866  -10.205917
-0.033067673  -0.0083795665  -10.21168
-0.032374837  -0.007205352  -10.209292
-0.012716773  -0.013821892  -10.204377
0.008560637  -0.022905717  -10.202477
0.02491836  -0.030310454  -10.195858
0.024277285  -0.033850607  -10.1693325
0.013933805  -0.02667541  -10.115499
0.0058162548  -0.019136619  -10.076594
0.013047215  -0.022433331  -10.12064
0.039999243  -0.048209358  -10.245059
0.05177029  -0.06884371  -10.343697
0.03458175  -0.06764144  -10.323815
-9.857742E-4  -0.052907173  -10.201133
-0.019770319  -0.043079134  -10.084676
7.041755E-4  -0.049583863  -10.05971
0.033987608  -0.06148542  -10.109647
0.061412152  -0.07220604  -10.175284
0.063719034  -0.074066214  -10.1967325
0.05321371  -0.06619922  -10.179006
0.039042223  -0.054308135  -10.147124
0.025178032  -0.0419407  -10.122799
0.019965703  -0.03520043  -10.113542
0.019180782  -0.035764843  -10.110634
0.02072139  -0.04002569  -10.103589
0.021151906  -0.043698084  -10.08612
0.021651069  -0.044767484  -10.063682
0.02299351  -0.043448295  -10.041528
0.01884311  -0.04293258  -10.028142
0.01279831  -0.04196162  -10.0208845
0.0040344805  -0.04142122  -10.016116
-8.74662E-4  -0.040806446  -10.016407
-0.0034896375  -0.042117875  -10.035487
-0.004401266  -0.043800574  -10.07282
-0.0049035493  -0.04697187  -10.106359
-0.007638803  -0.048600662  -10.117675
-0.009551655  -0.048642483  -10.115752
-0.007978491  -0.0478961  -10.130573
-0.0013532302  -0.04607138  -10.170168
0.0052221995  -0.044875685  -10.221154
0.009471656  -0.044253197  -10.262406
0.0059683523  -0.041546926  -10.282894
-0.00328925  -0.03353216  -10.298222
-0.0019355299  -0.03425248  -10.334897
0.013702345  -0.042168662  -10.382195
0.03170124  -0.048740312  -10.365689
0.032103248  -0.039699454  -10.245936
0.018775824  -0.022117762  -10.081315
0.008587704  -0.011028969  -9.982348
0.011487823  -0.0075459485  -9.996385
0.02317506  -0.010794249  -10.072625
0.03210069  -0.017891966  -10.125858
0.030256556  -0.024338624  -10.112073
0.019892104  -0.02973633  -10.03852
0.00789895  -0.031020714  -9.948233
-0.0030137151  -0.02951484  -9.863421
-0.0092284195  -0.02575391  -9.800294
-0.013227238  -0.018793404  -9.769836
-0.01214452  -0.010965597  -9.773631
-0.0013870467  -0.007291852  -9.811543
0.015818166  -0.011825847  -9.874488
0.03151576  -0.020031475  -9.958352
0.03417511  -0.024424352  -10.047772
0.024060102  -0.023967383  -10.123917
0.015255363  -0.02211381  -10.174629
0.013740917  -0.02300808  -10.200704
0.020354772  -0.02539141  -10.208995
0.024993502  -0.025926182  -10.200408
0.026839882  -0.02095366  -10.175212
0.030253047  -0.015269305  -10.148998
0.038613513  -0.011504331  -10.147066
0.051341202  -0.011543167  -10.179808
0.060195997  -0.013423152  -10.229943
0.061642516  -0.015257552  -10.268287
0.0570704  -0.019391112  -10.285382
0.05031076  -0.022763664  -10.275319
0.04332531  -0.024768407  -10.241547
0.040207352  -0.019504733  -10.20909
0.046505403  -0.020218099  -10.215339
0.05540875  -0.027738458  -10.267053
0.054717377  -0.036003325  -10.306964
0.042365152  -0.036518853  -10.290796
0.020068832  -0.028568128  -10.234367
0.008644273  -0.027809769  -10.192531
0.008681214  -0.028416207  -10.179307
0.021655822  -0.032386746  -10.174003
0.034603577  -0.032377485  -10.150999
0.04162755  -0.02957881  -10.122345
0.04570735  -0.022698136  -10.100098
0.045510262  -0.013301164  -10.098998
0.04046185  -0.005784171  -10.115878
0.03501595  -0.0018088561  -10.144596
0.030887632  -0.0020293952  -10.166905
0.03410903  -0.0074847625  -10.17092
0.03774704  -0.01693664  -10.157532
0.038908515  -0.023537854  -10.140689
0.031879004  -0.021099737  -10.122695
0.023009978  -0.01499956  -10.093148
0.015555496  -0.010642812  -10.049399
0.015611008  -0.010105392  -10.012081
0.02037839  -0.008818482  -9.994183
0.026827836  -0.006213226  -9.999447
0.032001805  -0.0023078176  -10.021371
0.03441294  3.1652278E-4  -10.068627
0.035224628  4.0036724E-5  -10.139184
0.034136284  -4.3182788E-4  -10.218783
0.030739492  3.4360588E-4  -10.27771
0.0244975  0.0058997753  -10.299913
0.019194575  0.013314739  -10.298473
0.019983852  0.015200297  -10.306552
0.031347506  0.004761894  -10.336211
0.043344755  -0.01102978  -10.3719
0.050042648  -0.02355168  -10.38313
0.0468407  -0.031466063  -10.331079
0.037889946  -0.03211547  -10.197873
0.026784083  -0.02688151  -10.005002
0.018678762  -0.01891636  -9.834212
0.020002348  -0.020563522  -9.762079
0.037075244  -0.035965864  -9.7922325
0.053702224  -0.05289573  -9.864948
0.059861112  -0.06515191  -9.90698
0.04636706  -0.06543892  -9.896989
0.0245113  -0.062631726  -9.862153
0.0039724144  -0.06510883  -9.83161
-0.011154078  -0.06691273  -9.820381
-0.014498178  -0.06422407  -9.8283825
-0.006170845  -0.06275131  -9.857142
0.009440276  -0.06454941  -9.90581
0.022441335  -0.075909756  -9.962303
0.028025003  -0.079917826  -10.023232
0.028283246  -0.08181116  -10.081941
0.024469724  -0.078057595  -10.133259
0.020045234  -0.07224511  -10.17126
0.016558051  -0.06704908  -10.203429
0.017783562  -0.06237739  -10.237897
0.02167582  -0.06169791  -10.274133
0.024133153  -0.062452346  -10.303057
0.023662247  -0.06391666  -10.320842
0.022618458  -0.065479554  -10.333389
0.022772951  -0.06920569  -10.334785
0.022254122  -0.075334124  -10.312505
0.020717088  -0.07860987  -10.259477
0.024291664  -0.07458464  -10.212632
0.03326182  -0.07285402  -10.21721
0.049312305  -0.080158256  -10.276595
0.055328652  -0.09109607  -10.330289
0.04456101  -0.08559495  -10.315862
0.024651065  -0.0682263  -10.232419
0.010451179  -0.052228138  -10.124911
0.013221796  -0.050687525  -10.058511
0.024138829  -0.05656241  -10.053799
0.03345479  -0.06262037  -10.087064
0.03558557  -0.063470386  -10.112362
0.030466815  -0.059080675  -10.108747
0.024260556  -0.050207224  -10.086782
0.02154102  -0.04026739  -10.06507
0.019743418  -0.03149633  -10.055945
0.020100238  -0.028322494  -10.068923
0.019953914  -0.022215715  -10.08236
0.022489369  -0.011607456  -10.08242
0.026397692  -0.00792094  -10.068794
0.02879344  -0.017353803  -10.052738
0.027220955  -0.025551954  -10.0370035
0.021492995  -0.026236618  -10.011357
0.017521126  -0.016465036  -9.983308
0.015625603  -0.014830758  -9.952916
0.0139848925  -0.014500878  -9.926324
0.012767955  -0.01604085  -9.898984
0.010669358  -0.01672752  -9.877755
0.0104299085  -0.014633489  -9.866531
0.01094421  -0.014394841  -9.874204
0.012450886  -0.014601761  -9.893495
0.014200929  -0.017177882  -9.924284
0.014607963  -0.018890547  -9.957057
0.01530729  -0.012110892  -9.983047
0.017180018  -4.550973E-4  -10.008408
0.02282046  0.013810706  -10.066057
0.029077375  0.017946899  -10.170966
0.027034858  0.013169815  -10.271667
0.017737566  0.0065012015  -10.3026495
-0.0033724203  0.007042147  -10.237834
-0.017859438  0.01958393  -10.123748
-0.025323888  0.038253378  -10.022451
-0.020943424  0.057160277  -9.975029
-0.0066601112  0.06454089  -10.009659
0.010746177  0.058659453  -10.102754
0.029504508  0.033013374  -10.216014
0.03782395  0.0056639854  -10.299428
0.03380275  -0.018444637  -10.337531
0.021720426  -0.026185447  -10.344022
0.006977102  -0.02501517  -10.321187
-0.005815135  -0.0203889  -10.281022
-0.011819678  -0.016117198  -10.239849
-0.012543327  -0.01441983  -10.215491
-0.007932571  -0.02080542  -10.221246
-0.0020040828  -0.033624467  -10.247832
6.681142E-4  -0.038415063  -10.291059
0.0036947897  -0.031244747  -10.330113
0.007000363  -0.018867675  -10.345977
0.01147437  -0.012090272  -10.336602
0.0068703257  -0.013469599  -10.311934
-8.7095983E-4  -0.014796528  -10.284602
-0.0073550693  -0.017281495  -10.25124
-0.0059042224  -0.016903  -10.214522
-0.0012067863  -0.016698081  -10.179458
0.0024368176  -0.01796928  -10.145291
0.004120643  -0.018096961  -10.105126
0.0025849734  -0.01857421  -10.059133
3.670253E-4  -0.018743753  -10.009136
-9.188562E-4  -0.019495698  -9.963857
-0.0045600277  -0.02617564  -9.925297
-0.010908842  -0.033257816  -9.885911
-0.018988574  -0.040605366  -9.8236265
-0.023642689  -0.044780944  -9.73727
-0.022474958  -0.048342716  -9.653911
-0.016733468  -0.045558482  -9.599017
-0.0059843822  -0.038685482  -9.605872
0.006560594  -0.03826544  -9.694464
0.019975755  -0.05480316  -9.871841
0.029179128  -0.08122926  -10.075558
0.023118103  -0.09460372  -10.202295
0.004622681  -0.0886349  -10.21002
-0.021259269  -0.05936892  -10.122907
-0.03576995  -0.030151682  -10.02461
-0.0351609  -0.0075852983  -9.96675
-0.020584857  -0.0030941407  -9.959777
-0.0022794106  -0.006820834  -9.9973345
0.014132523  -0.012813978  -10.050761
0.021737576  -0.016640058  -10.108956
0.024806594  -0.018442651  -10.161739
0.024395771  -0.017519874  -10.207041
0.023125364  -0.011523597  -10.240496
0.023076208  -0.0083344625  -10.249476
0.01978817  -0.010438188  -10.240501
0.015679684  -0.0181337  -10.232556
0.012027483  -0.025317943  -10.241681
0.017268866  -0.023912707  -10.273281
0.025865922  -0.019252565  -10.322164
0.034034077  -0.011548389  -10.386763
0.03551432  -0.008362759  -10.452527
0.035015773  -0.00984  -10.49933
0.03262175  -0.014354229  -10.518765
0.031058857  -0.01889728  -10.518705
0.029989049  -0.018577555  -10.520389
0.029542858  -0.014650167  -10.529781
0.027382135  -0.013492637  -10.536195
0.026401414  -0.016089445  -10.5318
0.027639441  -0.021204555  -10.517364
0.030160358  -0.024506366  -10.492187
0.027150698  -0.021608299  -10.445212
0.02220361  -0.014137716  -10.375844
0.019457305  -0.007561835  -10.304425
0.020077141  -0.009264939  -10.246941
0.017667286  -0.014471315  -10.182164
0.010378753  -0.015327719  -10.07864
0.003128277  -0.012180581  -9.950082
-3.4579242E-4  -0.009069814  -9.848948
-0.0013457979  -0.01212709  -9.808581
-5.929786E-4  -0.020999411  -9.817601
-0.0026541685  -0.025927478  -9.840445
-0.010212138  -0.025903275  -9.846005
-0.020242631  -0.015527241  -9.824698
-0.026727369  -0.008959131  -9.801581
-0.027374493  -0.0034406893  -9.805898
-0.023646886  -0.0042225667  -9.836257
-0.021685874  -0.011031737  -9.869548
-0.018690618  -0.01997154  -9.888646
-0.017696641  -0.025493622  -9.897728
-0.016582744  -0.025092512  -9.899166
-0.017060315  -0.021239191  -9.907474
-0.018425414  -0.017416224  -9.933199
-0.019422935  -0.015083484  -9.977477
-0.016639533  -0.01903454  -10.027389
-0.012152561  -0.022217834  -10.064942
-0.010300952  -0.026435645  -10.077046
-0.011630659  -0.026054844  -10.064122
-0.014608782  -0.02569002  -10.043744
-0.012726343  -0.02262304  -10.037624
-0.011028434  -0.021237222  -10.048135
-0.008516536  -0.022317916  -10.058404
-0.0094467625  -0.0235195  -10.057588
-0.009943869  -0.020050563  -10.04931
-0.009434565  -0.015914202  -10.04037
-0.006757299  -0.012214561  -10.030761
-0.0049756616  -0.010086318  -10.0279455
-0.0022464  -0.0097967675  -10.03419
-8.8534114E-4  -0.012528669  -10.050143
-0.0024067024  -0.021417225  -10.063828
-0.0058917957  -0.026149938  -10.0542145
-0.009821519  -0.023550317  -10.018722
-0.010798216  -0.017508833  -9.970848
-0.012217513  -0.011603345  -9.938299
-0.012049362  -0.011072342  -9.933828
-0.008743122  -0.008171405  -9.952954
-0.0053021647  -0.001715242  -9.987784
-0.0027475783  0.0035434673  -10.0232
0.0015348848  0.00606288  -10.059414
0.007244156  -1.1606724E-4  -10.098083
0.008772492  -0.0026634429  -10.123417
0.0060630185  -0.0062662154  -10.123124
9.975068E-4  -0.0072520375  -10.098221
5.5942003E-4  -0.003855428  -10.072991
-5.3172384E-4  0.0031721832  -10.064322
-5.1863556E-4  0.01054471  -10.074034
-3.56236E-4  0.0113134505  -10.105478
0.0011585695  0.0092796525  -10.1426735
0.0033654238  0.00743635  -10.166947
0.0044106035  0.00798495  -10.166462
0.0013981169  0.013762725  -10.137861
-0.0048930855  0.017705193  -10.09552
-0.008841783  0.022090519  -10.059741
-0.008257745  0.020730669  -10.05039
-0.0041835713  0.020879745  -10.0649395
-0.0030904987  0.020010298  -10.083771
-0.004533645  0.020535262  -10.091575
-0.008149047  0.021890754  -10.087674
-0.008641657  0.021929087  -10.078427
-0.007094916  0.02040273  -10.07311
-0.0048278333  0.018773945  -10.075311
-0.005651008  0.018456532  -10.080821
-0.006571502  0.01818823  -10.08062
-0.0068342104  0.016675884  -10.077772
-0.007009299  0.0144984005  -10.078075
-0.008294914  0.015263628  -10.081147
-0.010034937  0.016728295  -10.079482
-0.0095485365  0.017363245  -10.073085
-0.008579373  0.01785182  -10.067815
-0.0076744147  0.018756783  -10.064807
-0.00805382  0.022509098  -10.060922
-0.008855159  0.024353663  -10.056209
-0.009490613  0.026069185  -10.051201
-0.008840402  0.025913924  -10.046883
-0.0069929925  0.025875313  -10.046708
-0.00741013  0.026721507  -10.051674
-0.007918685  0.027076468  -10.055282
-0.011108178  0.030562758  -10.051012
-0.010984908  0.032033924  -10.038704
-0.010924599  0.03230158  -10.029771
-0.007675633  0.029426003  -10.030171
-0.0049380693  0.025919646  -10.037765
-0.004081206  0.02443911  -10.037086
-0.0071284305  0.021472948  -10.021417
-0.011205665  0.021524107  -10.006591
-0.015150567  0.02076888  -10.010669
-0.010868117  0.022108972  -10.042535
-0.0046864026  0.020509712  -10.080259
0.0016116599  0.020100677  -10.093995
9.3129586E-4  0.01846535  -10.07337
-0.0012784066  0.017130872  -10.056005
-0.0022191748  0.015258127  -10.07113
-2.3121492E-4  0.016243042  -10.125484
