0.07253832  0.1559539  -9.461614
0.037006475  0.16634631  -9.491846
-0.006303334  0.16709225  -9.525242
-0.071502395  0.15620948  -9.603359
-0.11532418  0.12224797  -9.696583
-0.13760696  0.09469702  -9.732032
-0.1611134  0.0960665  -9.687642
-0.18321109  0.12198124  -9.591097
-0.18823886  0.14668709  -9.538208
-0.17921348  0.15886106  -9.530924
-0.1653093  0.15914287  -9.537875
-0.15572734  0.1519676  -9.537425
-0.14566217  0.14239724  -9.538841
-0.13093172  0.14334136  -9.545911
-0.1042417  0.15069743  -9.559799
-0.07369566  0.15995105  -9.573724
-0.051328894  0.16704057  -9.575158
-0.0404572  0.18275471  -9.554022
-0.031177433  0.20499957  -9.525977
-0.012914528  0.2281649  -9.513181
0.010689045  0.24697928  -9.519669
0.03393175  0.2670256  -9.529065
0.05498365  0.2899437  -9.530227
0.0752599  0.31189176  -9.531884
0.096981704  0.32897785  -9.543041
0.11510245  0.34166053  -9.5593405
0.12971576  0.35595325  -9.567919
0.13813026  0.37142083  -9.565032
0.14037828  0.38077608  -9.562232
0.13568312  0.3822752  -9.561806
0.12074179  0.3828856  -9.558633
0.0934639  0.3944591  -9.5365
0.051984314  0.41638196  -9.495496
0.0017733941  0.43777522  -9.45531
-0.050507437  0.44894516  -9.436343
-0.096875526  0.44947824  -9.444069
-0.12951398  0.45414522  -9.467851
-0.14440177  0.46987256  -9.495788
-0.14316912  0.50268286  -9.523015
-0.13248605  0.54669136  -9.541942
-0.12076712  0.60170126  -9.540441
-0.11224844  0.65984446  -9.520665
-0.09855939  0.7160955  -9.497291
-0.07923047  0.7656982  -9.4867
-0.06007205  0.8083184  -9.48714
-0.056909174  0.84318036  -9.49482
-0.06762075  0.8778136  -9.508938
-0.08825437  0.9175394  -9.52061
-0.108477265  0.9642822  -9.510999
-0.13111643  1.012129  -9.478458
-0.15744005  1.0610428  -9.441377
-0.18966477  1.1096753  -9.415907
-0.22488332  1.1533537  -9.400407
-0.26132277  1.1828434  -9.399967
-0.30569562  1.1982745  -9.441503
-0.3544086  1.2036744  -9.540001
-0.40271652  1.2091523  -9.66764
-0.45612827  1.2134385  -9.78229
-0.5249322  1.209721  -9.881323
-0.60288906  1.1819429  -10.008023
-0.6615376  1.1255616  -10.18118
-0.68022805  1.0570545  -10.350025
-0.6617758  0.9992084  -10.445947
-0.6222677  0.9674444  -10.436955
-0.5772467  0.9517806  -10.358494
-0.540818  0.9320321  -10.28086
-0.51873666  0.89416784  -10.239633
-0.5046063  0.8397479  -10.23688
-0.48067757  0.78561515  -10.238509
-0.43049455  0.7464156  -10.230014
-0.36090565  0.7291744  -10.187127
-0.28649247  0.730877  -10.09479
-0.2252446  0.7333004  -9.958625
-0.17974871  0.72441524  -9.822928
-0.15672557  0.6966122  -9.704652
-0.1573055  0.66400534  -9.594619
-0.16218238  0.6312251  -9.512763
-0.15885565  0.5997306  -9.509419
-0.14991061  0.56830657  -9.589959
-0.15094171  0.5548696  -9.695145
-0.15441425  0.5787769  -9.779523
-0.14579071  0.62511724  -9.871171
-0.14199983  0.66472393  -9.987957
-0.14250551  0.68858546  -10.121211
-0.15735543  0.69653124  -10.23018
-0.1663606  0.66317075  -10.327923
-0.16072719  0.5511207  -10.458912
-0.14042331  0.38676286  -10.591086
-0.11259031  0.24268264  -10.663037
-0.0984059  0.1679507  -10.603201
-0.087816216  0.13953441  -10.442368
-0.074492745  0.10560342  -10.256484
-0.05442227  0.040489413  -10.100265
-0.019429622  -0.034188498  -9.989021
0.034064844  -0.08518812  -9.868609
0.0930064  -0.09370718  -9.687441
0.1271025  -0.06826413  -9.442424
0.11628411  -0.02863889  -9.207654
0.06709999  0.009833198  -9.044544
0.0069536488  0.04080446  -8.974196
-0.037649002  0.07268882  -8.953812
-0.054627087  0.11677974  -8.936977
-0.040443946  0.1755147  -8.922908
-0.0045940597  0.23869906  -8.931644
0.032508772  0.29612485  -8.9744835
0.035719547  0.3443495  -9.022743
-0.0021403476  0.3803486  -9.098033
-0.06451393  0.40593806  -9.251319
-0.13550343  0.4398458  -9.476157
-0.21481092  0.4673387  -9.691101
-0.28256547  0.44828728  -9.883331
-0.28632772  0.34703425  -10.117782
-0.22354214  0.20203914  -10.37576
-0.13061878  0.078125566  -10.537948
-0.06441392  -0.004902244  -10.541071
-0.033413637  -0.079347186  -10.464184
-0.030869626  -0.18212305  -10.376072
-0.038832888  -0.29702806  -10.253049
-0.03252331  -0.39613292  -10.063407
-0.021199012  -0.4768753  -9.823039
-0.0025793507  -0.54683846  -9.617524
0.010597111  -0.5792374  -9.440443
0.014623878  -0.5325499  -9.229045
0.0022392091  -0.42764655  -8.9805975
-0.023745852  -0.3317691  -8.776309
-0.034172248  -0.28965122  -8.723121
-0.020540146  -0.2783097  -8.782715
0.008547846  -0.24853615  -8.84579
0.029118283  -0.18362658  -8.8659315
0.027366245  -0.10786281  -8.887031
0.0010304361  -0.047762215  -9.004386
-0.022095988  -0.0034297814  -9.216004
-0.01595933  0.049992543  -9.463353
0.012875955  0.11493278  -9.673579
0.02845785  0.13150734  -9.8635025
0.023534626  0.043138105  -10.099972
0.006454997  -0.12949342  -10.365996
-0.014122069  -0.2912006  -10.561767
-0.05220626  -0.37453246  -10.583653
-0.09267496  -0.40063885  -10.481704
-0.116155505  -0.4268342  -10.372304
-0.111581706  -0.4788209  -10.312842
-0.07804676  -0.54383785  -10.259728
-0.026608877  -0.6010095  -10.135249
0.027724301  -0.6560561  -9.93349
0.08103171  -0.6918871  -9.70956
0.12312007  -0.671618  -9.480935
0.12028899  -0.56856614  -9.20836
0.05350442  -0.4241699  -8.9004965
-0.051970292  -0.3095918  -8.649175
-0.14420126  -0.2521858  -8.535657
-0.1966301  -0.22678821  -8.537086
-0.22505283  -0.1894686  -8.59663
-0.24912709  -0.124827094  -8.676787
-0.28486952  -0.048385058  -8.792512
-0.31887582  0.0213698  -8.979488
-0.34656167  0.08782432  -9.225989
-0.3621967  0.1464234  -9.488416
-0.36155215  0.16556221  -9.735012
-0.3305196  0.10759596  -10.008521
-0.2666627  -0.012670666  -10.307606
-0.1921186  -0.13741861  -10.552421
-0.13354485  -0.21866077  -10.64521
-0.11043187  -0.2666789  -10.609513
-0.10578182  -0.31338578  -10.539872
-0.101346456  -0.37992775  -10.479985
-0.072360806  -0.45336518  -10.382579
-0.03806698  -0.5116944  -10.202993
-0.02995924  -0.55499107  -9.95211
-0.04781122  -0.59060913  -9.6883
-0.05383275  -0.5847971  -9.428321
-0.043606356  -0.5016778  -9.136949
-0.042638898  -0.3577907  -8.85053
-0.06566819  -0.23461123  -8.660266
-0.07777906  -0.18292077  -8.642741
-0.06507312  -0.17776485  -8.731921
-0.04128019  -0.16886741  -8.835526
-0.029246842  -0.13932319  -8.932918
-0.038116798  -0.09821829  -9.069741
-0.06307343  -0.05751839  -9.26797
-0.07927845  -0.005298741  -9.515967
-0.100209154  0.041324403  -9.754567
-0.13618542  0.049223643  -9.999133
-0.18826504  -0.029306652  -10.279827
-0.22882442  -0.16210131  -10.580711
-0.25216094  -0.2865929  -10.798675
-0.26861677  -0.34677112  -10.852618
-0.28102684  -0.3622886  -10.774986
-0.27488917  -0.38069335  -10.647336
-0.2505951  -0.4327298  -10.523117
-0.20194887  -0.5074459  -10.400738
-0.13556843  -0.579731  -10.237996
-0.063989796  -0.64491975  -10.007744
-0.004695547  -0.700658  -9.762643
0.023509061  -0.71613055  -9.542726
0.016192464  -0.65104  -9.321324
-0.015564625  -0.5101699  -9.066752
-0.052950542  -0.3577449  -8.828992
-0.08481381  -0.2532623  -8.718204
-0.11042437  -0.19515689  -8.741433
-0.1289607  -0.14230321  -8.816135
-0.13475563  -0.06395227  -8.866831
-0.14047426  0.020452792  -8.906442
-0.1614251  0.07320265  -9.008376
-0.20107634  0.07775808  -9.210732
-0.23886275  0.057308868  -9.481927
-0.26628068  0.02233518  -9.749198
-0.26100215  -0.04344258  -9.998364
-0.2090609  -0.1605217  -10.243982
-0.11427938  -0.29820752  -10.472777
-0.034989774  -0.40790644  -10.6182575
-0.017024612  -0.4668621  -10.653398
-0.051504973  -0.49841413  -10.61309
-0.08816541  -0.5309151  -10.5481415
-0.095760934  -0.57980347  -10.457562
-0.07993313  -0.64419633  -10.326189
-0.06857977  -0.7288572  -10.154905
-0.05759825  -0.8061285  -9.987254
-0.04093215  -0.8382322  -9.801048
-0.026813777  -0.7818635  -9.560425
-0.028710285  -0.6709509  -9.287576
-0.03836793  -0.56087947  -9.080333
-0.036921967  -0.5007455  -8.999738
-0.026203668  -0.4797372  -9.002373
-0.018798774  -0.46820298  -9.025614
-0.020528922  -0.43527243  -9.038625
-0.044231147  -0.38208807  -9.055072
-0.09392648  -0.33150923  -9.113633
-0.1443543  -0.30863568  -9.253486
-0.17259653  -0.3157555  -9.449577
-0.1731341  -0.33668074  -9.664763
-0.16128986  -0.3406588  -9.8531
-0.19036679  -0.3574549  -10.014585
-0.24779738  -0.43624845  -10.199934
-0.2986042  -0.59408635  -10.409345
-0.29258975  -0.75823265  -10.572619
-0.26265708  -0.863818  -10.608681
-0.25020033  -0.9140802  -10.530429
-0.25193727  -0.9547422  -10.425786
-0.23717602  -1.0044483  -10.314294
-0.19724858  -1.058928  -10.189023
-0.14957176  -1.111549  -10.041289
-0.10899403  -1.1403632  -9.897785
-0.10235814  -1.1112828  -9.74874
-0.13665155  -1.0037472  -9.571964
-0.20174785  -0.8565399  -9.381177
-0.25707301  -0.7358928  -9.239873
-0.2769394  -0.6770232  -9.182256
-0.2656742  -0.66490865  -9.171908
-0.2405175  -0.66795164  -9.1607065
-0.21832228  -0.67126495  -9.145119
-0.21161298  -0.67309785  -9.14693
-0.22360303  -0.6709961  -9.166668
-0.2279142  -0.65462893  -9.203281
-0.21162523  -0.61861676  -9.238294
-0.17518546  -0.58026034  -9.283287
-0.1268724  -0.57275575  -9.371685
-0.061905924  -0.6115914  -9.531364
0.021193951  -0.67461056  -9.735179
0.0920097  -0.7272002  -9.911157
0.12600191  -0.75384206  -10.019668
0.12781201  -0.78001624  -10.077302
0.13206317  -0.8101855  -10.102052
0.15771566  -0.8483281  -10.079517
0.18492116  -0.8797202  -9.998183
0.19032054  -0.91119146  -9.875573
0.1709172  -0.94778544  -9.7510605
0.14072616  -1.0118685  -9.662204
0.14577332  -1.0713215  -9.606721
0.18240434  -1.0639573  -9.522308
0.22356169  -0.96216726  -9.377025
0.22782962  -0.8354332  -9.231906
0.21141392  -0.7634826  -9.171856
0.20077483  -0.7578257  -9.215327
0.19940816  -0.77539754  -9.299229
0.19897693  -0.7834349  -9.382968
0.20150113  -0.7656763  -9.438489
0.20301287  -0.72545177  -9.46218
0.20021783  -0.6768883  -9.4767275
0.19218294  -0.63967186  -9.501259
0.18352993  -0.6224994  -9.537465
0.18174703  -0.6264091  -9.566917
0.18762052  -0.6424867  -9.602791
0.19668718  -0.6663105  -9.654176
0.19726415  -0.6814607  -9.7220335
0.18071973  -0.6740741  -9.773335
0.15487276  -0.637119  -9.783666
0.1379194  -0.58298475  -9.762928
0.14727972  -0.53357404  -9.746053
0.16082662  -0.50700915  -9.7491
0.16754007  -0.51405334  -9.779968
0.16827194  -0.5365412  -9.816794
0.1614248  -0.54005647  -9.819993
0.12831354  -0.49968705  -9.756233
0.05822979  -0.43423578  -9.641502
-0.016009869  -0.38018584  -9.5420885
-0.06269521  -0.3611693  -9.49978
-0.07147167  -0.35890257  -9.513078
-0.062027287  -0.36209962  -9.55663
-0.053525824  -0.34922147  -9.611056
-0.055447344  -0.3203794  -9.65503
-0.06455826  -0.2670114  -9.680907
-0.071613476  -0.20195974  -9.682622
-0.06583803  -0.13529097  -9.6775465
-0.046764404  -0.079856835  -9.6869545
-0.033230975  -0.04338144  -9.715651
-0.037048016  -0.025165105  -9.755416
-0.0536876  -0.015505809  -9.788784
-0.06346961  -0.006397477  -9.8193655
-0.06209849  0.01089821  -9.838213
-0.060805168  0.042847145  -9.822335
-0.06885917  0.08971605  -9.765185
-0.08467686  0.13278508  -9.697833
-0.095250316  0.15238385  -9.662144
-0.0934977  0.1466067  -9.66487
-0.08458394  0.13016154  -9.689614
-0.075252116  0.11551706  -9.721076
-0.07454208  0.11073679  -9.759462
-0.0765419  0.118883274  -9.783275
-0.078986704  0.14373444  -9.781724
-0.07895624  0.17452331  -9.755749
-0.07773004  0.19723101  -9.732415
-0.07852852  0.20680867  -9.724936
-0.078606926  0.20530592  -9.731244
-0.080190994  0.1988136  -9.740863
-0.07999498  0.1870542  -9.747708
-0.078103274  0.17796284  -9.7503605
-0.07306025  0.1775599  -9.751352
-0.062084544  0.18551767  -9.750909
-0.043740183  0.19369854  -9.745297
-0.017666312  0.19721894  -9.737849
0.013317622  0.19705929  -9.737602
0.04050948  0.19612487  -9.749647
0.051612828  0.19361283  -9.76118
0.046583775  0.19118579  -9.758294
0.03539476  0.18635894  -9.746205
0.030673854  0.18039899  -9.742471
0.033474628  0.1756788  -9.747058
0.0356593  0.17614847  -9.744589
0.03214028  0.18228729  -9.725502
0.020788746  0.1879433  -9.706305
0.011491402  0.18801506  -9.704189
0.008379931  0.18261819  -9.725068
0.004624531  0.17049825  -9.754539
-0.0032437008  0.16764916  -9.768594
-0.009786318  0.1747327  -9.7576475
-0.010095272  0.19233389  -9.735782
-0.009163869  0.2053736  -9.715863
-0.014196982  0.21488106  -9.701129
-0.024301553  0.22566108  -9.682906
-0.03928183  0.23587109  -9.65753
-0.06123534  0.23323679  -9.631998
-0.090394765  0.2121043  -9.613271
-0.10952681  0.189021  -9.61594
-0.115294784  0.1724457  -9.630815
-0.11633655  0.16389416  -9.650676
-0.13035846  0.15127338  -9.669655
-0.1553055  0.14086111  -9.686082
-0.17114365  0.14244153  -9.694041
-0.1684335  0.1656443  -9.678175
-0.15333515  0.20278497  -9.651192
-0.14996077  0.22668748  -9.633764
-0.14707913  0.22858201  -9.65355
-0.13589118  0.20839964  -9.698955
-0.115734816  0.18662946  -9.752767
-0.117880784  0.16685833  -9.787995
