0.41160968  -0.017326493  -10.352001
0.385472  -0.013411579  -10.24105
0.3587763  -0.013460648  -10.128116
0.308499  -0.012831353  -9.943628
0.26815808  -0.003920273  -9.821282
0.24854  0.008334048  -9.788569
0.23866369  0.026381535  -9.786485
0.23121321  0.040405873  -9.786574
0.2209881  0.059905034  -9.770973
0.21495104  0.07277173  -9.760811
0.21491301  0.07932661  -9.759563
0.21772976  0.079066925  -9.762191
0.22193219  0.08511386  -9.767684
0.22115  0.092799336  -9.771391
0.21254896  0.099324465  -9.769294
0.19978064  0.0990492  -9.760264
0.18706346  0.098162256  -9.749343
0.17781389  0.10132262  -9.739011
0.17119332  0.11121538  -9.72893
0.16778834  0.1209173  -9.724826
0.16324946  0.12469099  -9.725737
0.15587491  0.12514134  -9.726352
0.14511484  0.12568356  -9.718482
0.13321663  0.13116695  -9.703053
0.12165966  0.13561244  -9.687359
0.10731242  0.14327402  -9.672043
0.08917434  0.15574081  -9.652302
0.07027584  0.17256302  -9.630946
0.05404209  0.18535931  -9.61664
0.041155163  0.19353187  -9.617272
0.025093734  0.20277274  -9.622435
0.0043321284  0.2202001  -9.626479
-0.022188365  0.24478708  -9.623866
-0.0506371  0.27164933  -9.617513
-0.07768513  0.29602206  -9.60938
-0.10154245  0.31501707  -9.602784
-0.12716487  0.33770135  -9.589232
-0.15783018  0.3686159  -9.565605
-0.19318932  0.40642276  -9.537068
-0.22632007  0.44153813  -9.520932
-0.25660482  0.4722711  -9.516547
-0.28562513  0.5017402  -9.51271
-0.3133312  0.5276886  -9.50496
-0.3380272  0.5419939  -9.497296
-0.35567734  0.5403146  -9.499562
-0.36835346  0.5286971  -9.501048
-0.37964824  0.51385146  -9.490965
-0.3998851  0.49942073  -9.463234
-0.43338856  0.48082873  -9.429157
-0.47277507  0.455989  -9.407447
-0.5039981  0.4262968  -9.403062
-0.5185776  0.40462574  -9.424775
-0.52308995  0.3976539  -9.460553
-0.52927655  0.40253738  -9.5000105
-0.543937  0.40101555  -9.518821
-0.56702834  0.39525357  -9.517967
-0.5954339  0.39336166  -9.499044
-0.62999004  0.4055405  -9.47147
-0.67038125  0.42747775  -9.436188
-0.7141579  0.44894448  -9.390449
-0.755261  0.47023368  -9.339959
-0.792664  0.48232737  -9.299896
-0.832186  0.48227894  -9.282735
-0.87960225  0.47010753  -9.281867
-0.9353852  0.46628895  -9.284576
-0.99589205  0.48694813  -9.29657
-1.060233  0.52233535  -9.336846
-1.1322514  0.5400283  -9.403446
-1.199204  0.526011  -9.4894
-1.247049  0.49908856  -9.610626
-1.2708087  0.49194303  -9.783414
-1.2807316  0.5038213  -9.976905
-1.2672802  0.5115767  -10.163688
-1.2120403  0.48490682  -10.351257
-1.1200489  0.43290195  -10.545948
-1.0202074  0.3796811  -10.704442
-0.9422403  0.34298953  -10.766942
-0.89157885  0.32247174  -10.733471
-0.86491126  0.3093814  -10.650895
-0.84426045  0.3159512  -10.562671
-0.83311385  0.33844447  -10.481299
-0.82735175  0.3737402  -10.382453
-0.8318301  0.40370885  -10.244237
-0.82910055  0.42393115  -10.075913
-0.814101  0.4278789  -9.911964
-0.79590887  0.4196708  -9.766938
-0.78633016  0.40808868  -9.623021
-0.79356986  0.39691702  -9.448042
-0.8069189  0.38479853  -9.288477
-0.8290141  0.37100005  -9.207337
-0.8573456  0.38187218  -9.237519
-0.89760214  0.4386538  -9.351858
-0.9339501  0.51723915  -9.536039
-0.9588156  0.58215034  -9.79004
-0.9557665  0.6109044  -10.093764
-0.90357226  0.58570325  -10.413175
-0.81034285  0.50083303  -10.728203
-0.7033074  0.37119713  -10.940128
-0.613838  0.2568326  -10.994797
-0.53362644  0.18488137  -10.91833
-0.44426394  0.13225032  -10.810059
-0.33492532  0.06794416  -10.723572
-0.212837  -0.005509844  -10.623253
-0.08210975  -0.039880477  -10.49282
0.03309248  -0.011214512  -10.324039
0.12029592  0.052202195  -10.102923
0.17202853  0.09116963  -9.809523
0.20440172  0.09428558  -9.480182
0.20926096  0.08856469  -9.170907
0.17687953  0.10613499  -8.903905
0.10037309  0.14938834  -8.628665
-0.0038371189  0.20088874  -8.356343
-0.093487404  0.24881236  -8.189999
-0.14543612  0.26997897  -8.203582
-0.16506594  0.24787515  -8.328019
-0.1902587  0.18273665  -8.495236
-0.23158912  0.10725934  -8.71716
-0.28085163  0.034043107  -9.040755
-0.2874699  -0.012445603  -9.446958
-0.23000701  -0.04390393  -9.873806
-0.1055136  -0.027531305  -10.26253
0.036376342  0.02446063  -10.571286
0.15056843  0.09815111  -10.778294
0.21906412  0.1535103  -10.898295
0.25399923  0.1780359  -10.91443
0.29784733  0.18263076  -10.826907
0.37111387  0.16914876  -10.685467
0.46792206  0.104366384  -10.53903
0.5514072  0.0037193426  -10.343875
0.6120036  -0.1068843  -10.024333
0.6413425  -0.18265301  -9.584454
0.6217427  -0.19320266  -9.111934
0.5630088  -0.13528264  -8.675782
0.48673192  -0.026680062  -8.371791
0.41685656  0.07831984  -8.233277
0.33177647  0.1562974  -8.23378
0.23423512  0.21004884  -8.327214
0.14223714  0.24149172  -8.483666
0.08491406  0.26663944  -8.706154
0.04696771  0.2707704  -8.971
0.014076017  0.27304712  -9.269423
-0.00454323  0.24657194  -9.565911
0.03334968  0.18031384  -9.901396
0.13687281  0.07045107  -10.258714
0.26409376  -0.050939303  -10.567931
0.3633562  -0.14206792  -10.715337
0.43809167  -0.20262338  -10.72686
0.5125118  -0.24498469  -10.714805
0.5846277  -0.28135753  -10.70594
0.6335409  -0.30268112  -10.66063
0.66375726  -0.27918753  -10.580497
0.68505436  -0.20959233  -10.428067
0.7098262  -0.115792595  -10.131027
0.73647743  -0.017920256  -9.699532
0.74115723  0.058715325  -9.2472725
0.69922906  0.11475321  -8.874322
0.593358  0.13001026  -8.580553
0.45884356  0.118094705  -8.348537
0.33097723  0.08675776  -8.220159
0.23146576  0.062840424  -8.235416
0.14945368  0.053101677  -8.381257
0.057767164  0.0398159  -8.592348
-0.056572393  -1.7923117E-4  -8.816955
-0.17853242  -0.049275625  -9.048725
-0.27546924  -0.082962304  -9.3291445
-0.29676837  -0.081371516  -9.651335
-0.21749179  -0.05992046  -10.004441
-0.05002746  -0.043695778  -10.336426
0.13489442  -0.041161243  -10.611646
0.2887758  -0.04570076  -10.790559
0.403549  -0.048212547  -10.87632
0.5035828  -0.060689453  -10.903689
0.5837187  -0.09094117  -10.873281
0.63027805  -0.12716794  -10.757703
0.63827825  -0.16322054  -10.549847
0.6358126  -0.18706237  -10.266721
0.6468887  -0.22469527  -9.938911
0.6528342  -0.25077057  -9.60631
0.608705  -0.23497641  -9.22899
0.507075  -0.17436783  -8.801685
0.38564274  -0.11286593  -8.383731
0.29221007  -0.08687079  -8.127465
0.21933906  -0.08435758  -8.0928755
0.15085892  -0.058833376  -8.185955
0.074754894  0.0028334737  -8.300351
0.008151411  0.08819152  -8.417427
-0.04863121  0.14978667  -8.608438
-0.08948385  0.16873068  -8.920167
-0.12246692  0.16223636  -9.356935
-0.13760221  0.14357388  -9.809588
-0.119012535  0.08269472  -10.18027
-0.059554216  -0.023749009  -10.45717
0.03090086  -0.16370605  -10.656726
0.12925537  -0.28454706  -10.780677
0.22441751  -0.36995712  -10.773944
0.32051897  -0.42606893  -10.656361
0.4248128  -0.4580373  -10.515356
0.54388684  -0.44820538  -10.413186
0.6678905  -0.36151692  -10.309978
0.7815599  -0.20777349  -10.13627
0.8705217  -0.040755976  -9.864794
0.894741  0.08147106  -9.574657
0.8289407  0.14464037  -9.296955
0.68293506  0.17675751  -9.03899
0.51661515  0.19646193  -8.777459
0.3772595  0.20887221  -8.556664
0.275422  0.21650773  -8.404895
0.19636409  0.24473894  -8.311417
0.13105272  0.30088043  -8.24694
0.08300346  0.3557608  -8.244419
0.040346894  0.3614845  -8.370137
-0.023014521  0.30524203  -8.656785
-0.119231485  0.2118568  -9.036973
-0.18390745  0.13004749  -9.443056
-0.15343644  0.07379106  -9.864259
-0.03400219  0.05880375  -10.310327
0.102108985  0.080173984  -10.715224
0.19344203  0.12896506  -10.969673
0.25088307  0.16892104  -11.036702
0.3025086  0.14468515  -11.002174
0.3688737  0.047852162  -10.951804
0.43526712  -0.077038676  -10.86382
0.49083805  -0.16298676  -10.652974
0.5317355  -0.19837306  -10.310574
0.5708006  -0.22230567  -9.897213
0.5959292  -0.24941985  -9.509079
0.57771546  -0.22850311  -9.16833
0.50057775  -0.14578658  -8.845953
0.38801423  -0.028050885  -8.584039
0.283239  0.06513244  -8.459439
0.20496559  0.13066489  -8.5144005
0.13868867  0.19087566  -8.663953
0.06988809  0.25768933  -8.793237
-0.0033961718  0.3151026  -8.884131
-0.07591006  0.32141393  -8.985568
-0.15012293  0.26657107  -9.145411
-0.2143857  0.18297742  -9.34566
-0.22223854  0.075709544  -9.577684
-0.15420243  -0.05118944  -9.860946
-0.0470966  -0.19327654  -10.189384
0.023565283  -0.31007597  -10.456004
0.035223942  -0.3769065  -10.579543
0.035016645  -0.41907957  -10.5913515
0.077240326  -0.4508442  -10.611027
0.17534809  -0.48465335  -10.679421
0.2876192  -0.4908701  -10.725682
0.38749656  -0.43705988  -10.6441345
0.47890222  -0.32704684  -10.38511
0.5729509  -0.1960163  -10.012862
0.61603385  -0.08944085  -9.598502
0.56045777  -0.011616844  -9.1750765
0.4116418  0.040976554  -8.765397
0.24637973  0.07295551  -8.442338
0.123399764  0.081649534  -8.281539
0.04739676  0.07630216  -8.299577
-0.008156039  0.07269194  -8.415538
-0.06788665  0.067077726  -8.548728
-0.13652985  0.049884256  -8.685727
-0.20728357  0.013960284  -8.868539
-0.27891275  -0.025349716  -9.118022
-0.31958637  -0.053681847  -9.389525
-0.28812012  -0.056209747  -9.673855
-0.16929823  -0.048426528  -10.004253
-0.012697086  -0.02713949  -10.3515005
0.119090855  0.012019675  -10.613576
0.20243277  0.06926343  -10.705266
0.25190634  0.10989281  -10.68246
0.29437175  0.10321048  -10.640095
0.3374308  0.042658657  -10.610183
0.3767736  -0.04567416  -10.531049
0.4123149  -0.13172688  -10.350005
0.46332327  -0.19215584  -10.070907
0.52394706  -0.22769968  -9.775467
0.53562546  -0.2148134  -9.480254
0.46469355  -0.15309598  -9.163182
0.34204188  -0.054892525  -8.820157
0.24996924  0.045017365  -8.585446
0.22062664  0.123674594  -8.55
0.21603304  0.19530243  -8.672845
0.18817611  0.2537714  -8.798066
0.10876926  0.3022531  -8.854023
-0.007866659  0.31694007  -8.883282
-0.12592976  0.28722298  -8.976421
-0.2161599  0.2468021  -9.202853
-0.2316562  0.20236532  -9.492876
-0.15836066  0.1233289  -9.8443
-0.018517528  -0.0041103945  -10.215861
0.12304702  -0.14758284  -10.57998
0.21066199  -0.2495931  -10.79805
0.25613204  -0.31568673  -10.828664
0.29080173  -0.34809732  -10.728855
0.34505787  -0.3445513  -10.602325
0.4168128  -0.3008844  -10.485103
0.49479994  -0.23645973  -10.368034
0.57233673  -0.16868187  -10.204467
0.6505949  -0.11497184  -9.97886
0.69504875  -0.072552465  -9.716854
0.6610923  -0.05900045  -9.4365015
0.53256565  -0.0742639  -9.128451
0.36414847  -0.119937114  -8.833224
0.21913783  -0.17047183  -8.612964
0.12419645  -0.21890618  -8.5269165
0.06854274  -0.2506037  -8.549983
0.033223238  -0.25128672  -8.631618
0.0058475886  -0.20519201  -8.739501
-0.02562724  -0.13148211  -8.87593
-0.07298411  -0.0666899  -9.076777
-0.14808287  -0.04716381  -9.310811
-0.21903335  -0.066674896  -9.536427
-0.22215061  -0.090507805  -9.7527075
-0.13288714  -0.08880479  -9.9859
0.0068951454  -0.06771185  -10.235989
0.13147032  -0.059988994  -10.436492
0.2241348  -0.07844222  -10.542885
0.30327925  -0.12198231  -10.56858
0.38183784  -0.18310384  -10.552912
0.46855712  -0.24133383  -10.529344
0.5603221  -0.27367738  -10.478021
0.63922364  -0.280199  -10.360597
0.6935439  -0.29868042  -10.148309
0.691314  -0.32556137  -9.898426
0.62298054  -0.30910468  -9.600391
0.50163823  -0.23229414  -9.279193
0.38110366  -0.1247006  -8.974849
0.3213435  -0.04188867  -8.836177
0.31320956  0.0022282861  -8.881223
0.31862342  0.0024755932  -9.012067
0.2866955  -0.0047410764  -9.094499
0.22143869  0.013900444  -9.101553
0.14750169  0.07051297  -9.097181
0.09855781  0.11556081  -9.15844
0.079003036  0.12553963  -9.322995
0.08804258  0.104871  -9.554391
0.08766524  0.100916676  -9.791361
0.084443204  0.106176525  -9.989994
0.11702337  0.0916183  -10.184743
0.23251462  0.013146427  -10.418727
0.3923763  -0.095200695  -10.651044
0.5379934  -0.1995629  -10.770177
0.64264125  -0.26760456  -10.718601
0.7232668  -0.316727  -10.561134
0.8053786  -0.35260287  -10.373922
0.8957338  -0.37706515  -10.173268
1.0175139  -0.36552784  -9.990203
1.1220173  -0.3341174  -9.83903
1.1556698  -0.3188264  -9.706417
1.0951098  -0.3425447  -9.56993
0.99421746  -0.37278423  -9.427548
0.9158822  -0.38228723  -9.316897
0.8685121  -0.37861967  -9.256959
0.83058316  -0.38103616  -9.242925
0.79577166  -0.39048716  -9.257465
0.77708197  -0.40523037  -9.273177
0.78568476  -0.4248636  -9.2775755
0.80706817  -0.44289255  -9.273978
0.8376133  -0.45811906  -9.290989
0.8626823  -0.4716755  -9.341804
0.88349944  -0.49107757  -9.428843
0.8980407  -0.5157024  -9.546054
0.91812533  -0.5400385  -9.694264
0.94019467  -0.5577839  -9.838288
0.95128316  -0.5431385  -9.927756
0.95082164  -0.49962357  -9.953102
0.96465653  -0.47468665  -9.956246
0.9967768  -0.51031613  -9.977731
1.0445471  -0.600034  -9.988046
1.0820671  -0.6844785  -9.954652
1.1050056  -0.7328176  -9.860363
1.1057225  -0.74452615  -9.74014
1.1214641  -0.7595957  -9.631202
1.160647  -0.7688922  -9.576049
1.1830548  -0.7390316  -9.536057
1.1283274  -0.6500091  -9.442929
1.0198703  -0.52787477  -9.304875
0.91818017  -0.41625908  -9.205883
0.8487962  -0.34012523  -9.204984
0.7942094  -0.3041018  -9.24995
0.73524505  -0.30332497  -9.288708
0.6899588  -0.31320128  -9.324767
0.6458127  -0.33112124  -9.366399
0.61752856  -0.34421158  -9.418247
0.5942261  -0.33612314  -9.462818
0.57828444  -0.30649394  -9.493323
0.5571833  -0.28451464  -9.521948
0.53116673  -0.28208062  -9.563592
0.51043206  -0.28299746  -9.614272
0.49732634  -0.26804838  -9.647016
0.4815592  -0.23636568  -9.652585
0.44213524  -0.19526428  -9.6376295
0.3812633  -0.14836171  -9.623406
0.33438924  -0.09899218  -9.632782
0.31666946  -0.048983216  -9.660567
0.3262176  0.0025827102  -9.715058
0.34138873  0.051693853  -9.790328
0.34773168  0.09607629  -9.865924
0.32961106  0.12364915  -9.880348
0.28504518  0.13784648  -9.822871
0.23284726  0.13038422  -9.745838
0.19058438  0.11469936  -9.697852
0.158121  0.10005233  -9.6733675
0.13224006  0.10127631  -9.655345
0.10777823  0.11298808  -9.64964
0.088826306  0.1258974  -9.663667
0.08130432  0.13177703  -9.695065
0.084024765  0.12452713  -9.736869
0.08899257  0.115840934  -9.782218
0.07302434  0.11424168  -9.812314
0.04049219  0.11478958  -9.810773
7.0112135E-4  0.117208354  -9.791841
-0.037841555  0.11470753  -9.762086
-0.07649217  0.12360141  -9.733216
-0.110459186  0.134813  -9.708358
-0.13074215  0.15237987  -9.704813
-0.14092213  0.16791807  -9.725145
-0.15629604  0.17589469  -9.7512
-0.17783481  0.1766916  -9.770587
-0.2041552  0.18324518  -9.775235
-0.23476152  0.19544546  -9.772336
-0.271496  0.20484263  -9.768612
-0.30269495  0.20642714  -9.777709
-0.32284653  0.20246081  -9.7982025
-0.34000477  0.19448519  -9.8095045
-0.36308584  0.18884325  -9.800593
-0.38398084  0.18619204  -9.789596
-0.3863033  0.18304072  -9.791713
-0.3696401  0.17926872  -9.805103
-0.35056004  0.17671283  -9.805348
-0.34587714  0.17928071  -9.789866
-0.3582112  0.16987526  -9.751531
