-0.07041238  0.4129036  -9.779257
-0.06255707  0.4572597  -9.768423
-0.06974422  0.467586  -9.731861
-0.08128833  0.47347483  -9.679015
-0.10299761  0.44368052  -9.637643
-0.11300999  0.41856048  -9.642244
-0.11493186  0.41560245  -9.671528
-0.11149568  0.41302225  -9.695987
-0.10572366  0.4026496  -9.715775
-0.09985927  0.38420498  -9.719145
-0.09655788  0.37251964  -9.717683
-0.09672003  0.3683863  -9.706466
-0.09957101  0.36495534  -9.700759
-0.101150535  0.35624412  -9.702479
-0.104277514  0.34651694  -9.705445
-0.10707214  0.34053528  -9.7078905
-0.10987999  0.33735904  -9.710656
-0.112421714  0.336503  -9.717597
-0.11685798  0.33812866  -9.723807
-0.12464287  0.33977315  -9.722535
-0.13492014  0.33884934  -9.713585
-0.14440691  0.33672574  -9.702461
-0.15200938  0.33824888  -9.694164
-0.16015936  0.34254026  -9.683993
-0.16912813  0.34877393  -9.672906
-0.17793769  0.3566798  -9.664234
-0.18689685  0.36935067  -9.65963
-0.19749033  0.38612595  -9.656433
-0.21322288  0.4075786  -9.650549
-0.23337515  0.43030992  -9.642089
-0.25597322  0.45430624  -9.634064
-0.27770758  0.47862473  -9.6302595
-0.2981585  0.5048199  -9.632554
-0.31759298  0.52717143  -9.641663
-0.33667198  0.5410916  -9.655185
-0.3534448  0.5425554  -9.669858
-0.36957228  0.53792256  -9.6804085
-0.38428846  0.5314076  -9.685306
-0.3971621  0.5283189  -9.689816
-0.406271  0.5284671  -9.692767
-0.41110745  0.5295904  -9.690769
-0.4131991  0.5306042  -9.680982
-0.41417155  0.52925354  -9.664308
-0.41901314  0.5247924  -9.644462
-0.4334488  0.51203877  -9.612742
-0.45610514  0.48982355  -9.574146
-0.47949204  0.4614034  -9.538361
-0.499118  0.43583393  -9.520648
-0.52199346  0.4162333  -9.510447
-0.558136  0.3984039  -9.491338
-0.6028959  0.37980112  -9.466152
-0.64311886  0.36919722  -9.455063
-0.6728981  0.3782843  -9.464488
-0.6995935  0.4027001  -9.470753
-0.7321479  0.42664084  -9.4553
-0.76914006  0.44100448  -9.42368
-0.8084509  0.44863883  -9.393422
-0.8488087  0.45276192  -9.373677
-0.89193183  0.45074797  -9.359554
-0.93795186  0.4395838  -9.347343
-0.98747057  0.4259611  -9.336614
-1.0379912  0.42163417  -9.348414
-1.0848526  0.42265224  -9.399358
-1.1247339  0.41666612  -9.475297
-1.1630858  0.38854575  -9.543098
-1.205058  0.34086022  -9.586486
-1.2543465  0.2901642  -9.629046
-1.2944127  0.24436389  -9.693923
-1.3008951  0.19967131  -9.780186
-1.2621561  0.15818202  -9.891098
-1.186653  0.13256167  -10.028286
-1.1031488  0.13999195  -10.182268
-1.0340793  0.16742218  -10.301077
-0.9949002  0.1934083  -10.334947
-0.9846055  0.20568772  -10.267465
-0.99300885  0.20862086  -10.145824
-1.0029063  0.21850808  -10.047546
-0.9972064  0.22860287  -10.010341
-0.97634864  0.2328422  -10.009429
-0.9488893  0.22808655  -10.002956
-0.92151046  0.23304617  -9.991673
-0.89264077  0.2579163  -9.98204
-0.8666756  0.2945408  -9.954913
-0.85082316  0.3280767  -9.886798
-0.83757144  0.35254908  -9.798062
-0.8128521  0.37384713  -9.728047
-0.77968806  0.3958747  -9.683632
-0.752533  0.41473565  -9.637875
-0.74024177  0.41876197  -9.583957
-0.73591787  0.40756527  -9.565537
-0.7286994  0.3828542  -9.620795
-0.7205375  0.3524963  -9.736
-0.7121811  0.3304536  -9.864117
-0.70268154  0.31639472  -9.960762
-0.6606856  0.2977215  -10.042313
-0.5708477  0.27507877  -10.173047
-0.45031545  0.25362462  -10.347455
-0.34568274  0.23659085  -10.462197
-0.2766753  0.20524333  -10.425549
-0.21955593  0.15837146  -10.289313
-0.1378226  0.12098605  -10.175908
-0.023383573  0.1145967  -10.130452
0.10735345  0.1317117  -10.1073475
0.21372457  0.15684074  -10.048283
0.2603793  0.18620922  -9.929708
0.23889089  0.22181527  -9.744872
0.16726442  0.24490519  -9.50296
0.07942064  0.23159027  -9.23674
0.0027312338  0.18630724  -9.011727
-0.04738937  0.13500483  -8.878362
-0.06827092  0.09987557  -8.850753
-0.06869176  0.08309199  -8.89358
-0.06845814  0.06572186  -8.946163
-0.090324916  0.042468738  -8.966809
-0.13423835  0.021671511  -8.977367
-0.17763372  0.021220064  -9.029275
-0.20627333  0.028767398  -9.162581
-0.22730644  0.017458797  -9.356005
-0.22128539  -0.0037564796  -9.584622
-0.16659123  -0.009641642  -9.855411
-0.07210585  0.012842704  -10.133988
0.012165303  0.0438942  -10.352203
0.06309728  0.06352368  -10.454417
0.10291039  0.062253434  -10.463799
0.15299588  0.03787559  -10.450031
0.2149185  -0.0047169295  -10.415009
0.2707144  -0.033914883  -10.339924
0.31234932  -0.03775293  -10.206486
0.34237364  -0.030200101  -10.02654
0.3657808  -0.028587991  -9.842074
0.3595215  -0.0214143  -9.660832
0.31205025  -0.0045766435  -9.440172
0.24558675  0.021447703  -9.191201
0.20545681  0.04076279  -8.990897
0.20219916  0.06837085  -8.91986
0.202998  0.11670574  -8.961899
0.17553349  0.18073654  -9.041878
0.11160296  0.24425066  -9.1045065
0.025215173  0.2799856  -9.134312
-0.060065463  0.28224486  -9.1726
-0.123497985  0.25460577  -9.282519
-0.16689815  0.21816333  -9.480622
-0.19020738  0.20057566  -9.7014265
-0.17476016  0.19745457  -9.9025955
-0.10177824  0.1936581  -10.106654
0.01169775  0.17296995  -10.311774
0.114649735  0.14154336  -10.465564
0.1802061  0.10196074  -10.502257
0.2296053  0.063363746  -10.455293
0.29319528  0.046783816  -10.401252
0.37639388  0.06221206  -10.370293
0.446254  0.091826834  -10.325209
0.4838136  0.12317395  -10.181656
0.49223232  0.16441447  -9.935418
0.4595739  0.20643048  -9.646884
0.37611017  0.22183336  -9.350921
0.25633368  0.19575967  -9.07243
0.14964928  0.14668787  -8.848207
0.08647254  0.10739174  -8.736792
0.0480872  0.09309148  -8.75705
0.010487951  0.101860166  -8.838696
-0.038720373  0.12095735  -8.932303
-0.09400118  0.12700506  -8.99787
-0.14397572  0.11977893  -9.061088
-0.18271722  0.109056465  -9.178168
-0.21392739  0.10369939  -9.364694
-0.23278974  0.09517024  -9.582896
-0.21405871  0.08916638  -9.7960825
-0.1387433  0.09235412  -10.020848
-0.030093707  0.10729306  -10.258926
0.0643293  0.11832821  -10.448627
0.12236551  0.115602486  -10.512843
0.15807062  0.099525176  -10.453837
0.19913568  0.06333581  -10.352538
0.25506672  0.018988179  -10.267348
0.32031766  -0.018547473  -10.18518
0.37757292  -0.03520717  -10.050555
0.42495903  -0.041618843  -9.849127
0.45657632  -0.053099196  -9.647102
0.4550426  -0.056060076  -9.46791
0.39831197  -0.03464644  -9.275385
0.30367443  0.015561498  -9.069641
0.21752281  0.073330104  -8.914755
0.17089863  0.1345089  -8.87996
0.14230342  0.19800873  -8.925251
0.09655961  0.25221416  -8.976062
0.022319332  0.27850392  -9.002316
-0.053197693  0.27747396  -9.049787
-0.10716709  0.256863  -9.180275
-0.13378744  0.21817976  -9.400271
-0.15152061  0.1657924  -9.654339
-0.15959287  0.122713774  -9.868023
-0.122260235  0.097284645  -10.059012
-0.02599217  0.085463665  -10.275913
0.104063936  0.06508087  -10.491164
0.20328641  0.030998377  -10.592868
0.25692514  -0.006804233  -10.529858
0.29310492  -0.02878728  -10.386559
0.34564546  -0.014329441  -10.281611
0.42092577  0.028007763  -10.239894
0.49419716  0.07408116  -10.195529
0.5536582  0.11490717  -10.084723
0.5883284  0.15996902  -9.905202
0.57396054  0.19813085  -9.695209
0.48579302  0.20449977  -9.456878
0.34465656  0.1748653  -9.195691
0.20995224  0.13949025  -8.959843
0.123084046  0.11671817  -8.814102
0.0788747  0.09879449  -8.773782
0.048199307  0.07792677  -8.807181
0.013461676  0.062521316  -8.888541
-0.032495584  0.060072687  -8.9933405
-0.0837123  0.06690982  -9.103242
-0.13271183  0.0732839  -9.211688
-0.17522223  0.070546485  -9.334573
-0.20224756  0.055393543  -9.487058
-0.1866525  0.041272204  -9.688278
-0.11715377  0.040062312  -9.956743
-0.01848674  0.05093072  -10.244009
0.0593106  0.060400918  -10.449412
0.09959165  0.05666938  -10.505709
0.13041353  0.041891396  -10.460977
0.18238075  0.01714708  -10.408708
0.25570396  -0.0126223415  -10.35667
0.3335863  -0.033848148  -10.276582
0.3949132  -0.031083098  -10.148597
0.44374964  -0.006075802  -9.983253
0.4714423  0.018328816  -9.814086
0.44737482  0.03569327  -9.620285
0.36408618  0.057358757  -9.37976
0.24793136  0.09554529  -9.133694
0.16040544  0.14031541  -8.973611
0.113260984  0.18009539  -8.946148
0.079691924  0.21297617  -8.988286
0.033723116  0.23487353  -9.025752
-0.029427657  0.24190402  -9.04481
-0.092953466  0.2336374  -9.071303
-0.14597459  0.21136038  -9.14167
-0.18390884  0.1795672  -9.284667
-0.21640544  0.1581317  -9.493138
-0.22157274  0.15607728  -9.707805
-0.16653354  0.15161423  -9.950514
-0.04493021  0.12724976  -10.234998
0.093255796  0.08245421  -10.519216
0.18341754  0.046107903  -10.663059
0.22235684  0.026952684  -10.61544
0.2508062  0.02884124  -10.471732
0.3019918  0.052110802  -10.3522005
0.3785589  0.0908794  -10.290723
0.45519435  0.13550721  -10.245069
0.5207497  0.18393125  -10.149285
0.55873  0.23334324  -9.985677
0.54262924  0.26543075  -9.760498
0.4635141  0.26381043  -9.476844
0.3507818  0.23531461  -9.17883
0.2522501  0.19971587  -8.947884
0.19016534  0.16956295  -8.845752
0.14926542  0.14201814  -8.841235
0.10170273  0.11997402  -8.862108
0.03060078  0.109070085  -8.885647
-0.06264475  0.1090841  -8.91188
-0.15506811  0.11375966  -8.947746
-0.22593898  0.110428  -9.006427
-0.26404577  0.09653723  -9.127469
-0.28149498  0.07605559  -9.328827
-0.281937  0.056950834  -9.575576
-0.2541506  0.044493034  -9.821148
-0.18603097  0.04922947  -10.069691
-0.09090147  0.067710355  -10.318109
0.0020894825  0.087261654  -10.509651
0.07844427  0.09040328  -10.578317
0.14350747  0.07688005  -10.536303
0.21506685  0.052253935  -10.45287
0.29648444  0.024855549  -10.362537
0.38030532  -0.0017972522  -10.253829
0.45912385  -0.03145385  -10.100588
0.5029643  -0.058222804  -9.932442
0.47757593  -0.055641413  -9.725223
0.37537336  -0.019093705  -9.476874
0.24348623  0.040977973  -9.22406
0.14782433  0.09360572  -9.068107
0.09785032  0.14225833  -9.038827
0.06421464  0.18208997  -9.056202
0.024544543  0.20044696  -9.046214
-0.026499048  0.18306501  -9.011115
-0.07891142  0.13752311  -8.991538
-0.13213758  0.086864114  -9.026825
-0.17731516  0.05556609  -9.134535
-0.20851062  0.048111368  -9.30585
-0.22653627  0.058639497  -9.524162
-0.23712055  0.074445225  -9.768834
-0.2508854  0.09734131  -10.017804
-0.24553211  0.12057207  -10.22907
-0.1991765  0.11850917  -10.404128
-0.09091011  0.07809348  -10.543538
0.05139652  0.010565481  -10.626076
0.19133006  -0.048631053  -10.607841
0.3119811  -0.077738665  -10.5059395
0.41549516  -0.069286555  -10.398339
0.506222  -0.03019879  -10.302925
0.5802431  0.02425561  -10.188468
0.62326205  0.07571115  -10.027764
0.6166298  0.121799886  -9.824962
0.5525098  0.15253393  -9.575063
0.44890866  0.16055764  -9.300246
0.33652624  0.13684578  -9.056609
0.23324794  0.101017214  -8.897548
0.14437519  0.081263304  -8.803014
0.07492491  0.0948722  -8.745854
0.027565693  0.124617495  -8.732155
-0.012906499  0.14878304  -8.781949
-0.06121598  0.16096978  -8.88482
-0.1259914  0.1602016  -9.003936
-0.19758259  0.14566866  -9.121337
-0.26696676  0.10681331  -9.252051
-0.32685533  0.05567568  -9.437808
-0.36679292  0.0070929565  -9.678572
-0.36402074  -0.017795878  -9.934639
-0.3011082  -0.016803743  -10.174312
-0.19477552  0.005311361  -10.382385
-0.07802685  0.04327549  -10.53316
0.026562274  0.09165031  -10.587939
0.120783985  0.13409078  -10.543298
0.21037996  0.14485626  -10.43695
0.2981897  0.12424142  -10.312272
0.3836955  0.087103605  -10.176395
0.45859376  0.048611373  -10.024086
0.5172593  -8.2673226E-4  -9.8518305
0.52764136  -0.05816804  -9.687433
0.4680132  -0.08062185  -9.503472
0.33312288  -0.0376526  -9.284072
0.17908369  0.059124816  -9.063113
0.058230955  0.14941789  -8.923458
-0.01978355  0.19218409  -8.889781
-0.08435952  0.18864302  -8.891252
-0.15457933  0.17080952  -8.869596
-0.21775095  0.16258122  -8.833424
-0.25739226  0.15802628  -8.852799
-0.27552882  0.13122152  -8.987625
-0.28747952  0.074443854  -9.237251
-0.31417236  0.027545212  -9.526208
-0.32660177  0.026677104  -9.788984
-0.28316692  0.054798886  -10.05183
-0.16619547  0.0671661  -10.370558
-0.038621824  0.038786944  -10.680535
0.03585474  -0.0012280842  -10.832322
0.04947338  -0.0357987  -10.753544
0.058280364  -0.06907044  -10.546849
0.113312155  -0.09491352  -10.354579
0.2197391  -0.10392257  -10.225696
0.3499399  -0.07932318  -10.120782
0.4627855  -0.037138622  -9.9627695
0.5357627  0.010677549  -9.747147
0.54364735  0.041312035  -9.507491
0.47590137  0.04299524  -9.263457
0.35207546  0.012711083  -9.015513
0.21520643  -0.03133549  -8.791225
0.10224524  -0.07137964  -8.654204
0.021749413  -0.10098446  -8.629533
-0.04182035  -0.11926916  -8.671735
-0.10692667  -0.1287431  -8.718738
-0.18412578  -0.12536731  -8.755659
-0.26306394  -0.108064346  -8.814885
-0.32785544  -0.09064829  -8.9315405
-0.36928788  -0.07426276  -9.099132
-0.39215  -0.06329992  -9.293965
-0.38022867  -0.04851682  -9.514099
-0.31586054  -0.033305112  -9.803513
-0.20533578  -0.028756283  -10.150246
-0.09091175  -0.023914965  -10.4588175
7.030561E-4  -0.0071309325  -10.623122
0.07243622  0.021812612  -10.644032
0.14174606  0.038981505  -10.617862
0.20491175  0.026625836  -10.583665
0.2577932  -0.006372828  -10.503015
0.29526234  -0.036600746  -10.325054
0.33786854  -0.07104505  -10.083592
0.36786577  -0.111399926  -9.847359
0.35644963  -0.14328176  -9.607327
0.27551368  -0.14645536  -9.303856
0.16429581  -0.11837428  -8.970281
0.0777556  -0.08092695  -8.734816
0.04199298  -0.04729427  -8.6715555
0.026781099  -0.023268402  -8.702155
-0.0034778279  -0.0055663474  -8.7416315
-0.05861493  0.015508674  -8.782498
-0.1210772  0.045760944  -8.869288
-0.16870554  0.06684655  -9.024155
-0.20353247  0.06751448  -9.248769
-0.2315383  0.052736122  -9.519512
-0.27252713  0.058390155  -9.794949
-0.3005525  0.09552265  -10.034814
-0.27812982  0.13354826  -10.289634
-0.18590887  0.13858724  -10.582273
-0.06397519  0.10465088  -10.85001
0.042443097  0.060337257  -10.978363
0.11685976  0.031231709  -10.93049
0.17864607  0.014073587  -10.7723
0.24121593  0.011991247  -10.56162
0.3161175  0.028593076  -10.338257
0.3967208  0.06554701  -10.135064
0.4746953  0.10886893  -9.965655
0.51451737  0.13681835  -9.8019905
0.48289347  0.14383106  -9.562512
0.38428554  0.1446601  -9.247354
0.26532352  0.138475  -8.95493
0.16659223  0.122047104  -8.801264
0.089649804  0.08825883  -8.789013
0.01652295  0.055150587  -8.817872
-0.06045407  0.041894097  -8.821984
-0.13584255  0.048983056  -8.818848
-0.1994506  0.062307354  -8.862338
-0.24791785  0.078328244  -8.967125
-0.28467542  0.0921351  -9.1113
-0.32266632  0.09906865  -9.28492
-0.35150942  0.08273682  -9.507362
-0.33915427  0.061639298  -9.781962
-0.2623864  0.06429492  -10.110526
-0.1388426  0.10174692  -10.44038
-0.014162998  0.15830441  -10.718734
0.08299895  0.20462471  -10.860768
0.1537001  0.22948746  -10.867778
0.20801143  0.22583449  -10.777701
0.25232056  0.20742978  -10.639766
0.29155272  0.18688154  -10.456901
0.32867828  0.16700487  -10.231328
0.37999985  0.12829573  -9.99049
0.42221436  0.07119832  -9.770293
0.41755858  0.026022037  -9.521354
0.3435638  0.022370264  -9.211902
0.23311615  0.06505755  -8.896955
0.13232042  0.12862498  -8.687331
0.060061738  0.19070847  -8.629062
0.006140255  0.24420868  -8.665778
-0.041921455  0.2720638  -8.761886
-0.09548632  0.27890846  -8.915064
-0.15660816  0.25465938  -9.108813
-0.22045873  0.2151532  -9.32024
-0.27731258  0.17132048  -9.528169
-0.3147749  0.13813035  -9.756538
-0.33413753  0.117601335  -10.007819
-0.3278934  0.10763827  -10.234372
-0.27918267  0.07772411  -10.412354
-0.17024009  0.020038718  -10.573054
-0.020363677  -0.06455773  -10.733233
0.12793218  -0.12803693  -10.855453
0.24184139  -0.14837907  -10.862992
0.32452226  -0.12428212  -10.752861
0.395643  -0.07883052  -10.600745
0.46933487  -0.03443346  -10.462954
0.5474038  -0.0060378765  -10.344689
0.6109136  0.018118262  -10.196377
0.6224  0.034653258  -9.985106
0.5602776  0.034742635  -9.699778
0.4422535  0.015950384  -9.388977
0.31462646  -0.006462515  -9.121563
0.214108  -0.030413276  -8.971431
0.14060204  -0.05765869  -8.919852
0.08755503  -0.075773746  -8.924136
0.046732992  -0.06404551  -8.941339
0.01336516  -0.036339104  -8.96222
-0.011220314  -0.021749025  -9.00721
-0.034277644  -0.0278864  -9.081679
-0.05881014  -0.037765022  -9.187847
-0.08465064  -0.0370936  -9.307311
-0.09770887  -0.027364405  -9.460103
-0.0948253  -0.03603122  -9.666368
-0.08782164  -0.069638036  -9.89544
-0.06788693  -0.11090162  -10.081516
0.004613741  -0.13962089  -10.202052
0.17333587  -0.13334154  -10.321622
0.40481758  -0.117808305  -10.445937
0.62989473  -0.088787265  -10.512337
0.78734654  -0.070514366  -10.443519
0.8859127  -0.07817557  -10.276924
0.95494586  -0.1199345  -10.078358
1.0210476  -0.17847364  -9.880779
1.0817397  -0.22772443  -9.713997
1.1131463  -0.23052652  -9.567517
1.0893005  -0.19083692  -9.413842
1.0163859  -0.11954371  -9.24755
0.93670017  -0.06880266  -9.120091
0.88377744  -0.05482267  -9.081988
0.86897427  -0.07228987  -9.121132
0.8778464  -0.10513892  -9.181561
0.89818287  -0.1422128  -9.235954
0.921499  -0.1732653  -9.286201
0.9433437  -0.19250052  -9.346117
0.96511346  -0.19924082  -9.42945
0.9859372  -0.19484948  -9.52415
1.0144925  -0.18984781  -9.638173
1.0571235  -0.18587345  -9.77041
1.1044201  -0.18080604  -9.901279
1.1439532  -0.17007159  -9.998844
1.1713675  -0.16619162  -10.049373
1.1978319  -0.17694943  -10.075835
1.2306796  -0.1911943  -10.094362
1.2600645  -0.18350877  -10.075855
1.2882152  -0.15157175  -10.02444
1.3236523  -0.11996576  -9.965257
1.3712307  -0.10933969  -9.934424
1.4157783  -0.12040656  -9.9043
1.4459916  -0.11941715  -9.826587
1.469247  -0.09568474  -9.725895
1.4758047  -0.07240348  -9.660515
1.4259015  -0.069234274  -9.648314
1.2779812  -0.09716535  -9.588859
1.0656308  -0.12453952  -9.4333315
0.866303  -0.14499585  -9.249278
0.7472419  -0.14926285  -9.155963
0.6974592  -0.13423067  -9.165824
0.6755844  -0.10050529  -9.212665
0.65044403  -0.054023024  -9.251451
0.614404  -0.010292634  -9.277905
0.57232475  0.015599419  -9.315169
0.530467  0.025807982  -9.367707
0.4928125  0.02769447  -9.43134
0.46003363  0.03728357  -9.484797
0.43142942  0.05600996  -9.533695
0.40053275  0.07564291  -9.577413
0.36345544  0.091297336  -9.6115465
0.3163972  0.10580986  -9.6296835
0.26577213  0.12102457  -9.627018
0.22185695  0.13266732  -9.624438
0.18783927  0.1318553  -9.630882
0.16468813  0.1108372  -9.653959
0.14418316  0.0846656  -9.6741
0.11984337  0.064022645  -9.6704645
0.091608316  0.05998869  -9.653861
0.06495025  0.05924082  -9.642442
0.038750537  0.05627309  -9.635552
0.008612652  0.051015023  -9.618837
-0.023623824  0.049741443  -9.600269
-0.045152556  0.05033523  -9.611476
-0.05591994  0.048909273  -9.6521635
-0.06705779  0.047586013  -9.696656
-0.086265646  0.050933868  -9.727308
-0.11136896  0.05602482  -9.748425
-0.134717  0.05363944  -9.765379
-0.15495397  0.044569876  -9.772798
-0.1695114  0.038497444  -9.773892
-0.17861505  0.03856169  -9.777596
-0.18508501  0.038679183  -9.781127
-0.18998487  0.036302775  -9.783539
-0.19551148  0.03372172  -9.782723
-0.20142727  0.03791011  -9.783561
-0.2099057  0.046528775  -9.78417
-0.22266428  0.05500738  -9.781216
-0.23870273  0.05857177  -9.778957
-0.25670037  0.057225283  -9.778764
-0.2758155  0.053921863  -9.776183
-0.2952087  0.0479546  -9.769723
-0.31123495  0.03833175  -9.765147
-0.32188722  0.025045445  -9.770409
-0.32861957  0.01437718  -9.780586
-0.33459616  0.009929082  -9.78687
-0.34232548  0.008579563  -9.778246
-0.35087195  0.0067200363  -9.75996
