0.07048869  0.1740438  -9.419903
0.072669014  0.12063505  -9.442736
0.074941695  0.10837241  -9.447426
0.07457393  0.083812125  -9.449127
0.07135867  0.07955874  -9.455686
0.064871885  0.058933426  -9.47649
0.054857317  0.02949843  -9.527926
0.040598154  0.013870065  -9.574231
0.025867566  0.015605235  -9.614686
0.019197294  0.02378442  -9.632422
0.019148946  0.038285043  -9.639304
0.02203505  0.049038857  -9.644913
0.023653498  0.05702512  -9.656627
0.025248244  0.058436885  -9.667409
0.029463055  0.053072404  -9.669014
0.03791068  0.044419765  -9.663089
0.048254352  0.03638864  -9.646542
0.05697784  0.03432948  -9.62823
0.06383338  0.034134727  -9.611289
0.0717243  0.031676013  -9.597352
0.082915716  0.027019912  -9.582611
0.09823025  0.021903427  -9.566714
0.11438352  0.026000157  -9.554565
0.1346892  0.03287996  -9.546845
0.16261351  0.039775223  -9.536218
0.19795263  0.03960601  -9.523663
0.23307042  0.033324916  -9.520416
0.2612172  0.027627898  -9.53159
0.2834363  0.024622545  -9.550178
0.30191562  0.023075221  -9.56623
0.3186731  0.017882818  -9.57655
0.33458546  0.007992419  -9.57955
0.34966028  4.6574976E-4  -9.571595
0.36389852  -2.9030489E-5  -9.553856
0.37799427  0.0031686472  -9.530243
0.39103058  0.0066835526  -9.506322
0.40368986  0.0073686596  -9.483572
0.41403297  0.009998228  -9.464177
0.41890454  0.013383493  -9.454055
0.42039374  0.016393123  -9.454408
0.41885543  0.02184697  -9.45605
0.4210029  0.032423005  -9.452764
0.42640266  0.053227913  -9.441811
0.43451738  0.08346971  -9.433148
0.44416395  0.120271355  -9.428847
0.45363033  0.16015369  -9.435079
0.4705405  0.19707681  -9.452643
0.49648294  0.2305926  -9.4754
0.5335175  0.25461444  -9.49347
0.5743406  0.26631615  -9.505607
0.61538297  0.26988116  -9.520379
0.65352637  0.27639252  -9.538894
0.69000024  0.29465687  -9.553864
0.7253136  0.32255042  -9.555181
0.75991017  0.35265565  -9.539755
0.79252416  0.378464  -9.514602
0.82492393  0.39446628  -9.494622
0.86311746  0.40869376  -9.485061
0.9083335  0.4350553  -9.482765
0.95527667  0.49452063  -9.482095
0.9906699  0.5865989  -9.494572
1.0145321  0.6835403  -9.536561
1.041507  0.75944424  -9.600918
1.0780934  0.7987477  -9.669974
1.1202416  0.81446964  -9.739804
1.1569718  0.8210719  -9.819804
1.1859025  0.83183384  -9.912955
1.2008868  0.84489137  -9.987821
1.196375  0.84059614  -10.039598
1.1545104  0.8078694  -10.095294
1.0812658  0.7411483  -10.202242
0.9921668  0.6526737  -10.350601
0.91722494  0.561045  -10.491548
0.866692  0.4932305  -10.573204
0.8359111  0.46711537  -10.589894
0.8158498  0.46854022  -10.570697
0.80335116  0.4845046  -10.537013
0.79557127  0.49379215  -10.491817
0.7949529  0.49098945  -10.417468
0.8003762  0.46785173  -10.312111
0.80891466  0.43084612  -10.181467
0.81674623  0.392267  -10.032387
0.81724167  0.35851252  -9.8706665
0.8091919  0.32824382  -9.712466
0.7938144  0.30521533  -9.565125
0.77944964  0.29931247  -9.442949
0.7761484  0.3161194  -9.350865
0.7772765  0.34380296  -9.309193
0.77598554  0.3503405  -9.342284
0.76838493  0.32015666  -9.454486
0.7618535  0.27830455  -9.633851
0.77156955  0.26125923  -9.841492
0.7886653  0.27650765  -10.036933
0.76436853  0.2836971  -10.223355
0.66964656  0.21999168  -10.425374
0.5189788  0.08719628  -10.63604
0.3676541  -0.053747322  -10.779945
0.24251218  -0.12614375  -10.770406
0.13370614  -0.13159467  -10.6163645
0.03990293  -0.123951726  -10.414191
-0.048346084  -0.13976866  -10.233124
-0.1272666  -0.17362891  -10.0818205
-0.19440956  -0.20807652  -9.924281
-0.23357439  -0.22909985  -9.767067
-0.24007933  -0.22416127  -9.611857
-0.20063107  -0.19588213  -9.435586
-0.13140379  -0.1399049  -9.211505
-0.049756095  -0.06754268  -8.966266
0.017958771  0.0127630355  -8.753882
0.08038769  0.067649625  -8.616899
0.1496821  0.090690546  -8.553775
0.22464025  0.11401695  -8.538611
0.2897469  0.1507241  -8.552367
0.34086958  0.19267541  -8.611356
0.36866796  0.2256004  -8.753967
0.3693173  0.26448843  -9.013813
0.33991185  0.29984108  -9.352005
0.29010662  0.2810826  -9.698985
0.21759419  0.19211839  -9.996475
0.13095479  0.07424363  -10.24543
0.04548511  -0.025463954  -10.459816
-0.027629456  -0.08950738  -10.6281805
-0.10467752  -0.13506812  -10.753503
-0.1847478  -0.17632167  -10.84074
-0.2600595  -0.2153639  -10.882764
-0.32620746  -0.23672903  -10.855263
-0.3921875  -0.24175431  -10.729083
-0.4709514  -0.24553001  -10.489368
-0.5546637  -0.25047454  -10.149238
-0.60242987  -0.23463762  -9.743526
-0.58552414  -0.17042463  -9.304115
-0.49975038  -0.09689859  -8.877236
-0.3819615  -0.05575989  -8.53008
-0.25443453  -0.06738517  -8.329537
-0.13510779  -0.096458875  -8.29638
-0.044776816  -0.10850645  -8.382346
0.029566476  -0.10131306  -8.5286
0.1041438  -0.08649635  -8.690317
0.17199735  -0.07069301  -8.897967
0.2184711  -0.05880764  -9.195737
0.22449069  -0.043471128  -9.526959
0.17761128  -0.02955052  -9.836208
0.07103353  -0.03944718  -10.104085
-0.06667381  -0.06505183  -10.357798
-0.19580458  -0.085387506  -10.557199
-0.3023586  -0.0739784  -10.638841
-0.39331916  -0.069085054  -10.618626
-0.47773886  -0.11030022  -10.56886
-0.55354166  -0.19966753  -10.540204
-0.62235004  -0.29572913  -10.50436
-0.6659787  -0.37328804  -10.398239
-0.680976  -0.4342928  -10.168278
-0.6674351  -0.47607437  -9.85437
-0.6303339  -0.46180305  -9.536178
-0.5690334  -0.3758134  -9.271136
-0.480782  -0.2586611  -9.04044
-0.37975827  -0.15389127  -8.837473
-0.27751455  -0.08886077  -8.686234
-0.17808811  -0.04714914  -8.600936
-0.09224897  -0.009100112  -8.553326
-0.028999327  0.048368026  -8.51426
0.013084534  0.1158311  -8.497867
0.051809948  0.16391222  -8.561164
0.09423601  0.18160929  -8.754464
0.119315736  0.16194594  -9.0671
0.10666304  0.089179344  -9.44629
0.055150677  -0.037168283  -9.83892
-0.02296173  -0.17142169  -10.208333
-0.113278836  -0.27941892  -10.509772
-0.21628922  -0.35500956  -10.720963
-0.3205166  -0.41926458  -10.837036
-0.40770492  -0.45651725  -10.857318
-0.4791223  -0.46235016  -10.787025
-0.54771835  -0.4392111  -10.645184
-0.60534334  -0.41456115  -10.432473
-0.64493763  -0.4054226  -10.14932
-0.64531505  -0.41792712  -9.8528185
-0.60060316  -0.42723414  -9.5674
-0.50532585  -0.39230415  -9.282712
-0.3810229  -0.33521208  -8.98861
-0.26172283  -0.29478022  -8.764922
-0.16827662  -0.28684798  -8.668463
-0.094730675  -0.27032828  -8.671925
-0.0315863  -0.22934888  -8.709118
0.031650376  -0.18437016  -8.7705555
0.089962505  -0.14978796  -8.874557
0.13896073  -0.11300997  -9.057878
0.19174351  -0.07886759  -9.322233
0.21020083  -0.041144807  -9.616391
0.15077542  -0.033360433  -9.91679
0.0056888275  -0.06311536  -10.206243
-0.16415368  -0.11167592  -10.469722
-0.30112886  -0.133707  -10.636449
-0.396741  -0.120429315  -10.664784
-0.47140864  -0.1135914  -10.599022
-0.53454655  -0.14487448  -10.517286
-0.59006745  -0.20384292  -10.4531355
-0.62302613  -0.27625656  -10.387488
-0.6350369  -0.33464375  -10.2595
-0.6370589  -0.3755927  -10.058392
-0.62343735  -0.38666877  -9.822458
-0.58008283  -0.34428808  -9.57248
-0.5048438  -0.23349573  -9.310027
-0.42002574  -0.0876666  -9.048263
-0.34645033  0.035201054  -8.85299
-0.28518718  0.112101555  -8.751374
-0.22500841  0.16708386  -8.710818
-0.16826837  0.21699916  -8.701308
-0.12173919  0.25394508  -8.741832
-0.09018796  0.25996903  -8.848019
-0.06392479  0.25304934  -9.010785
-0.03740872  0.27732888  -9.19678
-0.02777516  0.34082556  -9.404895
-0.063175835  0.38418773  -9.657975
-0.14176957  0.33754382  -9.96861
-0.23780495  0.22937703  -10.2804575
-0.3125449  0.1274462  -10.502032
-0.36174753  0.06495442  -10.599562
-0.40517154  0.010192685  -10.625281
-0.45973697  -0.046793547  -10.640719
-0.52694017  -0.086570494  -10.645627
-0.59081745  -0.0988288  -10.609943
-0.6446286  -0.10773503  -10.497968
-0.697463  -0.11907566  -10.298916
-0.7076842  -0.14581478  -10.044767
-0.6403715  -0.14725316  -9.7400465
-0.4899257  -0.11033168  -9.397525
-0.32864186  -0.044170495  -9.059463
-0.21835504  0.002249796  -8.815171
-0.17151093  0.01175487  -8.711133
-0.1482112  0.004346993  -8.693448
-0.10871744  -0.0030177692  -8.698872
-0.042975962  -0.01626076  -8.73117
0.019900676  -0.023862587  -8.82
0.055265617  -0.020438861  -9.00277
0.07535858  -0.004267534  -9.259587
0.10224146  0.01642926  -9.558984
0.14133815  0.037416  -9.8422365
0.14813769  0.053061023  -10.0793295
0.082689576  0.04921927  -10.299342
-0.038518798  0.025374046  -10.500364
-0.16445877  -0.0058721215  -10.644502
-0.2517518  -0.028931275  -10.657767
-0.30961236  -0.047510374  -10.550878
-0.35763535  -0.06634063  -10.380879
-0.4126903  -0.08793327  -10.22188
-0.48567784  -0.11640236  -10.107434
-0.55771345  -0.1788053  -10.022471
-0.60170484  -0.27460778  -9.936242
-0.57417274  -0.34421346  -9.81207
-0.48332253  -0.3313969  -9.625574
-0.36476874  -0.24539472  -9.3812065
-0.26692688  -0.14787154  -9.146923
-0.20713504  -0.0773795  -9.005113
-0.16689056  -0.021501772  -8.943553
-0.12047875  0.026776984  -8.896485
-0.0591998  0.06964651  -8.8275
0.0033390766  0.097959675  -8.770623
0.04801185  0.113580495  -8.769439
0.08110878  0.11420844  -8.835471
0.11151976  0.10905502  -8.978709
0.14734362  0.11277896  -9.188863
0.16407847  0.108142994  -9.479204
0.1314149  0.05973919  -9.842926
0.050470877  -0.046793085  -10.249001
-0.0382335  -0.15857077  -10.590649
-0.100464724  -0.21570893  -10.7737465
-0.15217431  -0.20227166  -10.782135
-0.21607482  -0.1601925  -10.682922
-0.2977611  -0.13058038  -10.551734
-0.37935522  -0.12943077  -10.403802
-0.4535432  -0.14570421  -10.225792
-0.5159098  -0.16821432  -9.995318
-0.5654661  -0.19566031  -9.75341
-0.5666065  -0.22365244  -9.535919
-0.49075606  -0.231216  -9.3187685
-0.36047062  -0.20897609  -9.098699
-0.2326097  -0.18133865  -8.923393
-0.16162992  -0.1765306  -8.886447
-0.13603769  -0.19470072  -8.973769
-0.11738416  -0.20836145  -9.096429
-0.071174  -0.20353644  -9.167115
0.0033111677  -0.1853499  -9.169017
0.06658768  -0.1523242  -9.147586
0.102553435  -0.10507897  -9.146932
0.11234165  -0.058690578  -9.2060175
0.12346002  -0.023584789  -9.32783
0.14861448  -0.012018788  -9.521524
0.17198867  -0.011898625  -9.733373
0.14562091  -0.015802732  -9.930157
0.030025931  -0.034318577  -10.142259
-0.13163082  -0.078005455  -10.367034
-0.28688863  -0.12971027  -10.537937
-0.39710164  -0.15256272  -10.567521
-0.50017136  -0.13899958  -10.49641
-0.62376744  -0.116090685  -10.428374
-0.7707673  -0.11014252  -10.394069
-0.9192824  -0.12962167  -10.371517
-1.0207638  -0.15049024  -10.295278
-1.0445939  -0.13194185  -10.116111
-1.0023375  -0.05654012  -9.848063
-0.93795484  0.029338941  -9.599399
-0.8937652  0.0698139  -9.474599
-0.8652281  0.05924504  -9.473312
-0.8369228  0.03759792  -9.50471
-0.7928992  0.027981507  -9.496059
-0.74068624  0.023367383  -9.446755
-0.69584465  0.017322479  -9.396554
-0.674778  0.014336526  -9.380679
-0.66994905  0.016131554  -9.404114
-0.6705122  0.006793763  -9.459571
-0.6730369  -0.02253873  -9.552537
-0.67246246  -0.061063726  -9.670758
-0.6761115  -0.08284541  -9.784606
-0.6965375  -0.085776545  -9.874543
-0.74674755  -0.10117531  -9.972333
-0.8170395  -0.14809327  -10.112036
-0.8785267  -0.20743181  -10.262515
-0.9160958  -0.2420245  -10.358078
-0.9287753  -0.2487209  -10.354561
-0.93577677  -0.25152302  -10.2757635
-0.9552286  -0.268129  -10.159393
-1.0001937  -0.2947496  -10.029294
-1.0711142  -0.32117656  -9.8882265
-1.144647  -0.3524318  -9.764699
-1.1671573  -0.39834437  -9.666916
-1.1020645  -0.43938825  -9.540555
-0.99525756  -0.44592485  -9.379605
-0.89811283  -0.43379793  -9.24505
-0.8288854  -0.45839426  -9.215663
-0.7736297  -0.50968087  -9.245455
-0.69575804  -0.55548054  -9.236827
-0.6139089  -0.57136256  -9.1801
-0.50905365  -0.59861404  -9.086223
-0.5017631  -0.60414714  -9.079186
-0.5037048  -0.6356477  -9.1195135
-0.5278515  -0.65558964  -9.209212
-0.4991159  -0.68166715  -9.252643
-0.5060014  -0.6617875  -9.294301
-0.53666764  -0.6187851  -9.361595
-0.575976  -0.58149886  -9.446322
-0.6106865  -0.54782814  -9.531486
-0.6357069  -0.51471645  -9.591933
-0.6488071  -0.4865297  -9.645547
-0.6480975  -0.46787527  -9.702137
-0.63880014  -0.4589206  -9.763586
-0.62988114  -0.4503847  -9.824823
-0.6294112  -0.4376181  -9.864907
-0.64524585  -0.42767093  -9.889981
-0.6593217  -0.43383214  -9.905488
-0.64407414  -0.45383152  -9.903645
-0.5848588  -0.4576147  -9.852528
-0.5061375  -0.42621887  -9.731384
-0.44705054  -0.37510666  -9.593918
-0.41933894  -0.34412757  -9.498807
-0.4121008  -0.3412486  -9.4771
-0.41169783  -0.35206434  -9.504275
-0.40862694  -0.35510013  -9.544857
-0.39592195  -0.3468453  -9.589294
-0.37298322  -0.32832953  -9.636719
-0.34329763  -0.30469313  -9.689529
-0.31088722  -0.27289382  -9.732109
-0.2731336  -0.23637241  -9.757773
-0.2372561  -0.20102865  -9.771148
-0.20609897  -0.17292537  -9.780938
-0.19699208  -0.13237901  -9.791848
-0.17367657  -0.0979282  -9.801891
-0.15416221  -0.068781674  -9.82297
-0.12509018  -0.048793122  -9.834248
-0.12924692  -0.0062177884  -9.85856
-0.06415398  0.013295628  -9.818856
-0.017178243  0.05139077  -9.792246
0.037337545  0.070006214  -9.769372
0.02656133  0.0929206  -9.81044
0.042441707  0.07341797  -9.8408785
0.073338486  0.035479363  -9.835546
0.115500055  0.009600976  -9.813558
0.15518202  -9.917555E-4  -9.790052
0.18412454  0.0038318501  -9.786049
0.1982758  0.013708291  -9.781254
0.20492756  0.016071606  -9.768954
0.20473273  0.012209251  -9.74461
0.19922937  0.013512143  -9.719773
0.18977189  0.02893802  -9.702813
0.1890527  0.056626547  -9.685651
0.19426453  0.09144968  -9.672692
0.19782309  0.12764043  -9.673005
0.19003987  0.15599036  -9.69004
0.1777082  0.16180997  -9.7123995
0.17205499  0.15582384  -9.730755
0.17265123  0.16093107  -9.742227
0.17882907  0.17620254  -9.741249
0.20041215  0.18817848  -9.719634
0.22413523  0.18628716  -9.700185
0.23145509  0.17863648  -9.696408
0.21438237  0.17125916  -9.698573
0.19263797  0.16023147  -9.696046
0.17578141  0.1491402  -9.695035
