0.18769532  0.061894856  -9.8544
0.123638004  -0.010590691  -9.854692
0.09679019  -0.0716703  -9.803718
0.04679686  -0.16844845  -9.738598
0.045367774  -0.20147252  -9.686639
0.05619367  -0.18549962  -9.705115
0.0624806  -0.1585967  -9.748485
0.061184842  -0.1590422  -9.7681
0.054770887  -0.1772908  -9.753328
0.059680447  -0.19449902  -9.723377
0.067242585  -0.19868387  -9.710899
0.072686106  -0.200341  -9.71658
0.06614104  -0.20471002  -9.73194
0.05056989  -0.20854189  -9.755879
0.03538068  -0.21245758  -9.775432
0.032205623  -0.22498721  -9.7717495
0.04182003  -0.25398186  -9.730489
0.051483642  -0.2916684  -9.677075
0.055975407  -0.32260773  -9.635406
0.055255372  -0.33776614  -9.6125
0.05262561  -0.34323034  -9.597964
0.045477044  -0.3533814  -9.58125
0.03497629  -0.37455764  -9.558602
0.025263147  -0.40270057  -9.536082
0.021444162  -0.43174246  -9.518322
0.021126201  -0.4619  -9.505158
0.02099467  -0.49366495  -9.495265
0.01927326  -0.5222545  -9.493023
0.01644385  -0.5453846  -9.501712
0.01329504  -0.5624321  -9.51797
0.010750656  -0.5756037  -9.534968
0.011036326  -0.5841374  -9.546767
0.01574776  -0.58676034  -9.549157
0.023628583  -0.58407897  -9.543597
0.033493314  -0.5796823  -9.534652
0.04496658  -0.5770512  -9.526924
0.061545115  -0.58138424  -9.514617
0.09049151  -0.5850665  -9.498809
0.13054027  -0.58648896  -9.490684
0.17162538  -0.5886803  -9.499901
0.20079334  -0.6040816  -9.51958
0.21809822  -0.6328407  -9.534717
0.23336065  -0.6637295  -9.542983
0.2500719  -0.6900036  -9.557052
0.26730075  -0.7166961  -9.577369
0.28615597  -0.75002176  -9.590801
0.31584492  -0.78636426  -9.579637
0.3587264  -0.8183251  -9.549326
0.40485704  -0.8494417  -9.513177
0.44309464  -0.89043504  -9.476287
0.47324753  -0.9432063  -9.439266
0.5040285  -0.9992132  -9.405189
0.53590184  -1.0554416  -9.388608
0.56190014  -1.1213397  -9.391449
0.583595  -1.2015393  -9.414307
0.6209654  -1.2833837  -9.4461975
0.68313617  -1.3502116  -9.489315
0.7539635  -1.3971477  -9.555993
0.8015182  -1.4293786  -9.6621275
0.82146627  -1.4348965  -9.809064
0.82240915  -1.3990701  -9.979607
0.8112483  -1.317058  -10.155828
0.7773717  -1.2103385  -10.323831
0.7215982  -1.1021206  -10.463543
0.6603884  -1.0024265  -10.560848
0.61074615  -0.9128569  -10.60797
0.5774059  -0.8395527  -10.610024
0.5556449  -0.78994864  -10.575749
0.5388201  -0.76688796  -10.523364
0.5260522  -0.76235026  -10.46746
0.5133765  -0.7677248  -10.40953
0.49853763  -0.7777476  -10.335998
0.47673187  -0.78961897  -10.24043
0.44770253  -0.80255026  -10.124896
0.41117838  -0.8144388  -9.997872
0.370213  -0.8246282  -9.868177
0.33634862  -0.82719404  -9.745336
0.31817687  -0.81625676  -9.644122
0.31428072  -0.8008048  -9.554839
0.30274412  -0.8001575  -9.478102
0.27893436  -0.8173898  -9.421983
0.24586974  -0.8369007  -9.415179
0.21585424  -0.84490514  -9.480724
0.18419625  -0.8514185  -9.612388
0.15172032  -0.8666571  -9.790824
0.13839322  -0.88827664  -9.973218
0.1554609  -0.8842601  -10.1191225
0.16291265  -0.8276848  -10.256663
0.12223796  -0.69538045  -10.433362
0.05796955  -0.507961  -10.632097
0.021676576  -0.29887655  -10.75613
0.009987856  -0.12405708  -10.736342
-0.020653734  -0.009529375  -10.604327
-0.075877875  0.058083672  -10.42412
-0.12227518  0.110411055  -10.228469
-0.1498429  0.1463005  -10.018765
-0.1676157  0.14259599  -9.789548
-0.17855053  0.090914436  -9.540033
-0.16092911  0.019625992  -9.282651
-0.10954853  -0.05136189  -9.046059
-0.043438483  -0.12441597  -8.843686
0.016513431  -0.20870076  -8.677125
0.063359894  -0.29438174  -8.5492325
0.09258128  -0.3687264  -8.482823
0.098510146  -0.4235176  -8.495233
0.089571394  -0.4584701  -8.583184
0.09676429  -0.46876994  -8.716866
0.13069004  -0.4597787  -8.879094
0.17392002  -0.45241854  -9.080394
0.20307322  -0.45467722  -9.314229
0.18925631  -0.44381306  -9.569802
0.12915386  -0.3900553  -9.817412
0.016727945  -0.30103838  -10.054876
-0.116804056  -0.22037147  -10.266725
-0.23521423  -0.16413032  -10.434019
-0.2964673  -0.10951191  -10.538795
-0.30174303  -0.032253474  -10.586301
-0.28330657  0.055063758  -10.583106
-0.28572527  0.12870763  -10.524987
-0.3065795  0.1895159  -10.4005375
-0.32541874  0.2526944  -10.203395
-0.33906677  0.32915252  -9.9644165
-0.3633474  0.3880497  -9.728654
-0.37349057  0.4053661  -9.491977
-0.33871365  0.36120582  -9.227842
-0.2796186  0.28218538  -8.958122
-0.2547101  0.18370897  -8.75282
-0.2845352  0.09309363  -8.673331
-0.33095455  0.02446352  -8.696501
-0.35323656  -0.011007067  -8.790208
-0.33845082  -0.022645801  -8.930505
-0.29305777  -0.03271187  -9.099986
-0.2294846  -0.069329515  -9.275002
-0.16263641  -0.09688884  -9.432568
-0.13255219  -0.084376186  -9.625478
-0.16293027  0.0033811962  -9.878367
-0.22050047  0.11981658  -10.159177
-0.2500147  0.23281413  -10.380315
-0.24384113  0.3167759  -10.502971
-0.22816618  0.3921945  -10.566104
-0.21596855  0.47092447  -10.589664
-0.20585752  0.5507912  -10.565845
-0.21869917  0.60653  -10.48658
-0.2579213  0.6301586  -10.353622
-0.30441347  0.6359234  -10.162172
-0.33701357  0.63649887  -9.934259
-0.3242615  0.6178288  -9.682233
-0.25444987  0.56364435  -9.4233675
-0.13090242  0.47929266  -9.156798
-0.0010340925  0.40023705  -8.91436
0.10458678  0.34761667  -8.754258
0.17817704  0.31021956  -8.683588
0.22228439  0.25524703  -8.666633
0.24599838  0.18278836  -8.672111
0.27329096  0.12246263  -8.71566
0.32448688  0.10183421  -8.8349
0.39940166  0.09957542  -9.02917
0.45421472  0.100911595  -9.250566
0.45004156  0.12278656  -9.503488
0.36782035  0.18119349  -9.787869
0.2461976  0.25344738  -10.074428
0.13764633  0.30078736  -10.278579
0.074398644  0.32212234  -10.376414
0.057724576  0.34707475  -10.416972
0.071345724  0.39334127  -10.449295
0.08871768  0.44845262  -10.460599
0.08365872  0.48545322  -10.407224
0.049881816  0.50177723  -10.275044
0.0016351036  0.5309115  -10.096293
-0.041555706  0.5504944  -9.926619
-0.04710141  0.5347201  -9.728581
-0.0010008545  0.44779718  -9.473809
0.054445818  0.34221599  -9.197282
0.06165995  0.25306377  -9.0046835
0.02350817  0.2034471  -8.940925
-0.007396858  0.16375929  -8.94082
-0.0061566946  0.11059791  -8.953902
0.00969372  0.040883902  -8.9754095
0.029859142  -0.018031007  -9.048118
0.05528541  -0.04907677  -9.194421
0.08764399  -0.06056611  -9.41106
0.12610514  -0.06595434  -9.638192
0.16276026  -0.02243186  -9.868558
0.17853785  0.09523761  -10.142119
0.17387976  0.2612675  -10.429476
0.17403115  0.3951367  -10.628608
0.19039083  0.45122465  -10.645074
0.19929527  0.4691359  -10.546882
0.18052773  0.5029167  -10.446429
0.13713701  0.574423  -10.393581
0.074005716  0.64360476  -10.357839
-0.015560259  0.6662957  -10.273458
-0.12513101  0.65363735  -10.117402
-0.20989509  0.6226184  -9.924876
-0.22843957  0.56581885  -9.696248
-0.16367808  0.46945333  -9.428792
-0.0545963  0.3606061  -9.143373
0.04567443  0.2760477  -8.9243
0.10695117  0.22731322  -8.824871
0.13273092  0.19673415  -8.825281
0.13981427  0.1756518  -8.882588
0.13923682  0.15640913  -8.963662
0.14065516  0.13569246  -9.059817
0.152084  0.11133639  -9.169338
0.17820714  0.08370211  -9.3119955
0.21172307  0.056978315  -9.483115
0.21989703  0.0477484  -9.675799
0.17422004  0.07735246  -9.886389
0.080887504  0.14809348  -10.10406
-0.0059169806  0.22969227  -10.281564
-0.065654375  0.28175926  -10.366028
-0.11016043  0.30635265  -10.358323
-0.1511756  0.34274712  -10.307578
-0.18564405  0.41642448  -10.263911
-0.21895583  0.50856036  -10.233066
-0.26657075  0.5830382  -10.197459
-0.32124022  0.635148  -10.117679
-0.36813334  0.6732134  -10.011564
-0.39638174  0.65645  -9.864755
-0.39534572  0.5624945  -9.644738
-0.37026215  0.42105973  -9.387603
-0.34718752  0.31788015  -9.193171
-0.3549535  0.29526964  -9.15148
-0.37980494  0.31830263  -9.21192
-0.39093038  0.3372604  -9.276855
-0.37188992  0.31759953  -9.291612
-0.34355602  0.25792223  -9.261265
-0.324427  0.18058467  -9.239488
-0.3110779  0.12066304  -9.271538
-0.29218516  0.105038285  -9.386134
-0.26927266  0.119704574  -9.578569
-0.25751245  0.16232452  -9.803126
-0.2775338  0.23383892  -10.037629
-0.31955665  0.35997298  -10.266755
-0.36685348  0.50230384  -10.465476
-0.38772497  0.6157982  -10.5613165
-0.39335856  0.6684108  -10.518105
-0.40441623  0.67775077  -10.381981
-0.4203627  0.68940073  -10.214415
-0.44154322  0.7398064  -10.076346
-0.46911633  0.83679  -9.968605
-0.51715213  0.95052856  -9.890282
-0.55655104  1.0261511  -9.813817
-0.551393  1.0306817  -9.710665
-0.49069497  0.9703128  -9.575381
-0.41514817  0.89234  -9.44046
-0.35531363  0.84931535  -9.362269
-0.32408917  0.8511141  -9.360718
-0.31232667  0.8695045  -9.397534
-0.313313  0.8688054  -9.419484
-0.3129034  0.84305793  -9.397458
-0.2998667  0.8069313  -9.346298
-0.28806582  0.780145  -9.313474
-0.29603934  0.7726167  -9.32485
-0.331737  0.7885123  -9.391093
-0.38074684  0.81513685  -9.499272
-0.42749104  0.838124  -9.63447
-0.45700154  0.84487104  -9.752948
-0.46779004  0.8338774  -9.832121
-0.46751797  0.80706596  -9.860291
-0.46638122  0.77848816  -9.860784
-0.46624026  0.7666258  -9.8483515
-0.45722163  0.7990491  -9.842091
-0.43306708  0.8757184  -9.83207
-0.40956685  0.967112  -9.807771
-0.40506688  1.0330297  -9.748808
-0.42468724  1.0715182  -9.656468
-0.44947004  1.0686525  -9.554484
-0.4497877  1.0198334  -9.45081
-0.41888347  0.9148443  -9.349144
-0.3680779  0.806917  -9.269904
-0.33374295  0.727479  -9.246001
-0.32357368  0.6808586  -9.27975
-0.32143888  0.6512783  -9.346691
-0.3231037  0.6289059  -9.44498
-0.31926507  0.6049642  -9.550416
-0.31451  0.55361813  -9.612255
-0.2993812  0.47794187  -9.598236
-0.27881628  0.40234545  -9.546432
-0.2611533  0.34658334  -9.516479
-0.24811007  0.31955943  -9.528183
-0.24458711  0.30748203  -9.567399
-0.24957843  0.287572  -9.604395
-0.26127312  0.24927485  -9.63581
-0.26604834  0.19855289  -9.658898
-0.2571673  0.14890355  -9.663726
-0.24695551  0.09462292  -9.650672
-0.26071745  0.047695965  -9.642226
-0.2821876  0.0282815  -9.663541
-0.28732124  0.031919237  -9.698318
-0.26300848  0.02819472  -9.699737
-0.2201513  0.005310427  -9.662793
-0.18363614  -0.030157948  -9.604253
-0.15475662  -0.05940275  -9.5735655
-0.1409043  -0.07757001  -9.578704
-0.13318473  -0.080511905  -9.609922
-0.13040139  -0.07649259  -9.648338
-0.13876553  -0.07341265  -9.68953
-0.15931186  -0.08393406  -9.723654
-0.19183983  -0.108820476  -9.745691
-0.22152765  -0.14361596  -9.753894
-0.23497063  -0.1749955  -9.76229
-0.22685568  -0.19328165  -9.773678
