0.25750577  -1.7370194  -9.863462
-0.35430422  0.309514  -10.487696
-0.20965496  -0.20950009  -10.294847
-0.28043088  -0.36818066  -10.540194
-0.29629496  -0.31886414  -10.05672
0.7864874  0.23764947  -9.591773
0.51848376  0.22478992  -9.284938
-0.36331034  -0.066753305  -8.969321
-0.45801714  -0.08483365  -9.388261
0.050687  -0.02532969  -10.472928
-0.0026916408  -0.105413154  -10.969031
0.03182742  -0.08879593  -10.707143
0.061419144  0.12492672  -9.156651
0.1679032  -0.08986694  -8.238425
-0.35795602  -0.16446964  -8.834149
0.0666351  -0.13773616  -10.05182
0.2616446  -0.31910858  -11.633509
0.16470222  0.015728451  -11.548529
0.044785097  -0.09947329  -13.443784
-0.55221015  0.14046709  -11.775414
-0.25798833  0.06264536  -10.490298
0.22925724  0.09299503  -10.195145
0.23725635  -0.01325675  -10.025286
0.31817675  -0.07794642  -9.596668
0.23714972  0.16458929  -10.536875
0.02456483  -0.045567054  -10.602567
-0.17128788  -0.12755035  -10.001823
-0.5896928  0.28546196  -9.640635
0.5526306  -0.31701696  -9.4371
0.29517895  0.0062096566  -9.344368
-0.50967324  -0.002654935  -9.788874
-0.1538919  -0.089664415  -9.904596
-0.0781975  -0.014118538  -9.709688
0.10331201  0.054598927  -9.873259
0.18001235  -0.010276794  -10.118131
-0.18582913  -0.25236967  -11.10595
-0.47325644  0.0422096  -10.743046
0.1543757  0.055452593  -10.296451
0.44053587  0.047556285  -9.823373
0.059651095  -0.03844896  -9.906382
-0.11519716  0.067825474  -10.050284
-0.14265688  -0.015806714  -9.86998
0.15490308  0.02546336  -9.866244
0.07652128  -0.030979754  -10.021322
-0.16634499  0.13084643  -10.381784
-0.09482214  0.1166484  -10.375292
-0.06338263  -0.039819874  -9.522658
0.20452407  -0.14909713  -8.952645
-0.050688405  0.0811065  -9.693168
0.053387083  -0.025511304  -10.567488
-0.07212455  -0.033609405  -10.963437
-0.07235858  -0.025257451  -10.273141
-0.045725442  0.076219104  -9.855739
-0.10623253  0.12945664  -10.362548
0.16611727  -0.057024855  -10.375002
0.047214434  0.099009804  -10.001928
-0.18004073  0.08463501  -10.149104
-0.5514624  0.18103687  -10.530649
0.055471048  0.0085782865  -10.861762
-0.12501784  -8.267469E-4  -10.430418
0.24380368  0.029107176  -9.864371
-0.106591195  0.14521524  -9.626323
-0.08723111  -0.035427533  -9.70215
0.3723031  -0.10110967  -10.30143
0.110188186  0.13193189  -10.550819
0.10440431  -0.101461805  -10.140093
-0.018486012  0.06513116  -10.012262
-0.05507542  -0.052777294  -10.278639
0.10921463  -0.022851368  -10.409548
-0.1246941  0.1380859  -10.262183
-0.12938842  0.007745571  -10.128485
-0.07766552  -0.04854678  -10.169377
0.11003673  -0.012419809  -10.345107
-0.15217711  0.09472938  -10.364185
-0.12328195  0.042837806  -10.108683
0.07669546  -0.058538076  -9.61063
0.0701251  0.12181107  -9.679516
-0.019658148  -0.020931607  -10.158363
-0.0052038194  0.0056782323  -9.999775
0.07144341  -0.031021679  -10.191005
-0.16990383  -0.08186408  -9.958781
0.1257335  -0.010215793  -9.897842
-0.051501706  0.12731154  -9.74192
-0.09736801  -0.11589067  -9.667146
-0.04149914  0.051814005  -9.704236
-0.057229135  0.027839215  -10.11339
0.0051923306  -0.0046054143  -10.422695
0.02787279  -0.03139021  -9.84613
4.6511236E-4  0.03226045  -9.382748
0.10046793  0.265547  -9.479001
-0.34561536  0.15391563  -9.977697
0.050867908  -0.04419813  -9.90856
0.39600435  -0.2474278  -9.747019
-0.08272779  -0.0051878043  -10.38215
-0.15784225  -0.04096643  -11.580171
-0.24235937  0.15562505  -11.697277
-0.23524666  0.4323534  -10.894954
0.36163726  -0.3088038  -10.60517
-0.27209762  0.65377736  -9.547812
0.056168225  -0.16120814  -9.647246
-0.15139735  -0.1459352  -10.3069
-0.056427907  0.07716753  -10.756298
-0.12924033  -0.07349129  -11.324751
-0.053693905  -0.021226106  -11.576587
0.10487189  0.054658893  -11.05991
-0.08301208  0.057846017  -10.382487
-0.07636939  0.08449711  -9.985447
-0.02625535  0.13168983  -9.855058
0.13842258  0.07192291  -10.053458
0.121418096  -0.041137274  -9.805433
0.058421757  0.038509782  -9.679842
-0.06434049  -0.027971363  -10.27925
0.048404865  0.034735825  -10.404342
0.103292316  -0.04718472  -10.182739
-0.031032862  0.04175489  -9.5936985
-0.069948435  0.15446353  -9.910167
0.12664352  0.07343871  -10.434419
0.06858173  -0.020841878  -10.444643
-0.013352811  -0.022281135  -10.761728
-0.2106773  0.05284296  -11.618009
-0.18815184  0.111804746  -11.873737
0.1505152  -0.015352356  -11.315353
0.11912849  -0.09001509  -11.397256
-0.2579888  0.20909365  -11.876005
-0.34339908  0.025504857  -12.160434
0.22914937  -0.7422954  -10.970782
0.37447646  -0.04637936  -10.559498
-0.041317713  -0.12648638  -11.343628
-0.21011077  -0.0056819646  -11.637367
-0.021169681  -0.16149203  -10.896514
0.07751781  -0.012300423  -10.811362
0.014070052  0.12804697  -11.398959
-0.24517553  -0.06316947  -11.439074
0.07577268  -0.008015136  -9.7322645
0.39067656  -0.06453144  -7.9115024
0.06557768  0.24514917  -7.5196486
0.08726463  0.14819854  -8.200966
0.17777629  0.022281239  -7.807849
-0.057531048  0.03310978  -6.5148263
-0.10352673  0.097360194  -6.93454
0.1562624  -0.030638212  -7.838349
0.20235324  -0.16314973  -8.467907
0.402313  -0.20709969  -8.891165
-0.18754965  0.09923606  -9.291972
-0.44755405  0.18287046  -9.693232
-0.29695988  0.005734536  -10.851827
0.0780558  0.11313097  -11.171482
0.13759038  -0.0014584644  -10.880589
0.18735985  -0.06345065  -11.200266
-0.324238  0.16228768  -12.198457
-0.4862355  -0.10333227  -13.344236
-0.18141595  0.047145613  -13.058416
0.24725485  0.40988797  -11.242523
0.7350021  -0.84215575  -9.986196
-0.38333455  -0.6146386  -11.776807
-0.77953243  -0.17649174  -13.487671
-0.628469  -0.13749656  -12.375988
-0.043392975  0.42476973  -9.549656
0.22981517  0.7442154  -7.887191
-0.14957358  -0.4688324  -8.679297
-0.21181843  -0.5109831  -10.092701
-4.3492604E-4  -0.072917946  -10.675756
0.540482  -0.37366667  -10.021221
0.34761855  0.03457765  -9.31277
-0.31700137  0.29613435  -8.810341
-0.18439883  0.16822852  -8.328065
-0.30175635  -0.06818362  -8.899383
0.33899936  -0.018411845  -9.221144
0.5798093  0.20223592  -9.023236
0.44309637  -0.16437003  -8.783837
-0.06514115  -0.056260485  -9.378909
-0.1467161  0.092379555  -10.740507
0.0825515  0.16398542  -11.4937935
0.25914755  0.010505862  -11.801091
0.057137378  -0.104624234  -11.59284
-0.37208968  -0.06860998  -11.426022
-0.45375773  -0.18945707  -12.6817255
-0.42302617  0.19507304  -13.092354
-0.21056098  0.2703332  -12.322924
0.5785608  -0.6801063  -10.968986
0.5003972  -1.416739  -11.883674
-1.2562523  0.011871995  -14.192859
-1.1927477  0.74793226  -13.736983
0.27670932  0.067149006  -10.716641
0.45519832  0.1261827  -7.94613
0.41817996  -0.02855359  -7.4483604
0.118510924  -0.0026411435  -7.853519
-0.22172762  0.24091591  -8.559645
-0.18792559  0.10667488  -8.225774
-0.13795571  0.2667672  -7.708058
-0.059534688  0.11530149  -7.0938106
-0.02930703  0.14627953  -6.670949
-0.061704  -0.017600743  -7.212983
-0.029692957  -0.09411314  -8.406073
0.15757148  -0.12699759  -8.928064
0.16621704  -0.011024322  -8.912495
0.024191879  -0.14423007  -9.213278
-0.32367954  0.032193117  -9.564411
-0.40825874  0.032509197  -10.041015
-0.13798177  0.17216189  -10.613951
0.017234836  0.1675927  -10.671881
0.11940295  -0.1249041  -10.307152
0.1639298  0.08292772  -10.913442
-0.014066133  -0.1544335  -11.3137045
0.14271063  -0.1873709  -11.869362
-0.115885116  -0.2910315  -11.935282
-0.6320419  0.2620834  -12.5884075
-0.31195483  0.065894134  -12.926328
0.042476416  -0.3828444  -12.207198
-0.039205138  -0.37733227  -13.161554
-0.36262953  0.15811718  -14.0827055
-0.01445326  0.27775142  -13.269052
0.17269509  0.22847381  -10.276282
0.39064324  0.053733703  -7.5082693
0.16838324  -0.027086267  -7.648363
-0.16185473  -0.19825892  -9.471367
-0.015047243  -0.054875445  -10.39309
0.06577368  -0.098662704  -9.44229
0.06441665  -0.0045423754  -8.367055
-0.08759144  0.067168675  -8.170802
-0.17638075  0.005687053  -8.194364
-0.10044963  -0.030733481  -8.8678465
0.06489339  -0.031484727  -8.845356
0.26512018  0.04742994  -8.800023
0.07159319  0.013070065  -8.806571
-0.24766773  0.032982327  -8.717174
-0.077049434  -0.14060552  -9.320768
-0.07633729  -0.14286746  -10.5343075
-0.014965995  0.022497019  -11.788561
0.1262916  -0.013603893  -11.9450245
0.34242636  -0.108106576  -11.376724
-0.025485916  -0.21204352  -11.639409
-0.28551444  -0.0069901077  -13.148524
-0.20611188  0.10652281  -13.948549
-0.16038115  0.21351977  -13.179624
0.47152898  -0.09076889  -10.993247
0.03756192  -0.2753298  -10.720084
-0.36913478  -0.22737533  -12.476761
-0.519914  0.3274585  -13.314455
-0.052533817  -0.047230896  -11.955103
0.1026633  0.4249335  -8.70691
0.59785444  -0.2914042  -6.403327
0.06410803  -0.13456541  -7.154492
-0.39238828  0.2477074  -9.914432
-0.39309323  0.24873619  -10.989109
0.05892853  -0.24405798  -9.186761
0.16293283  0.39687678  -7.578287
0.6350793  0.70348865  -7.0432806
0.18466006  0.18134929  -7.13569
-0.06467768  0.047940545  -7.275829
0.24766451  -0.012555602  -7.806688
0.4432504  -0.03667378  -8.224813
0.20779264  -0.12257926  -8.571675
-0.39324763  0.00800396  -9.308296
-0.47238776  -0.1064977  -9.744575
-0.6535321  0.036755316  -10.13062
-0.49719328  0.06320858  -11.230281
-0.28135216  -0.07708745  -12.419363
-0.29884928  0.03213188  -13.198573
0.22367825  -0.17962588  -13.317333
0.103473805  -0.06599181  -13.07534
-0.4187382  0.21654713  -12.344077
0.07838709  -0.03527133  -11.145558
0.16700056  -0.4056862  -10.526502
-0.0051742587  -0.46037477  -12.934505
-0.2964435  0.22206134  -14.746657
-0.100938335  0.15876833  -13.288888
0.3276859  0.04441919  -9.063821
0.35808024  0.008420605  -7.0207925
-0.073522955  0.0056880456  -8.217622
-0.24126528  -0.05311892  -9.81197
-0.065599896  -0.082835875  -10.040775
0.13566497  -0.15190148  -9.011091
0.01963682  0.26488534  -8.441959
-0.24271406  0.11984176  -8.607953
0.10938888  -0.092508934  -7.9361615
0.046504926  0.08900528  -7.4391685
0.22373481  0.017059099  -8.433331
0.1813014  -0.04123155  -8.736888
0.15048546  -0.09293388  -8.190609
-0.1672416  0.04559564  -8.768842
-0.25139502  0.09398343  -10.02798
-0.1271017  0.08026177  -11.053939
0.16452031  -0.06884083  -11.951187
0.122176506  -0.2683571  -12.1584215
-0.004529514  -0.1106712  -12.731048
-0.040024072  -0.059533395  -13.529952
-0.49068874  -6.27534E-4  -13.8035555
0.14647953  0.24394643  -12.517602
0.47521695  -0.054291483  -10.639769
-0.10905581  -0.49170178  -11.342251
-0.6200164  0.05176094  -13.108034
-0.27927828  0.31789026  -13.096599
-0.07473169  0.040624186  -10.855408
0.30339542  -0.18392266  -8.338385
0.21019794  -0.28600252  -7.8701854
-0.10387278  0.2106178  -9.820815
-0.40068245  0.2025111  -10.783051
0.042285103  -0.06856279  -9.61405
0.03381443  0.17680053  -7.785807
0.15518409  0.12767135  -6.3591623
-0.022404663  0.25973922  -5.9084506
-0.15749222  0.24290305  -6.7913346
0.1876191  -0.1026856  -6.924108
0.32109472  -0.066933714  -6.946153
0.07215004  -0.16402282  -8.072618
-0.20085779  0.123350345  -9.438409
0.1005594  -0.05142242  -10.424684
0.15875705  0.16166583  -10.660097
0.12564026  0.13414218  -10.10733
-0.03646161  0.01792476  -10.052557
-0.27394384  0.148306  -10.5595045
-0.5168645  -0.062554106  -12.643415
-0.14704306  -0.25246772  -14.103466
0.0024212378  -0.016500717  -15.209096
-0.2913851  0.13062786  -15.27965
-0.18859869  0.1526231  -13.170327
0.38695115  -0.48673907  -10.790729
0.040762823  -0.28767356  -11.242679
-0.19235992  0.11181064  -14.224518
-0.29112342  0.14065935  -14.2845125
0.07122403  0.12411403  -10.21482
0.39122692  -0.13393697  -6.9345393
1.246214  -0.55052614  -6.7693715
-0.44874015  -0.26557785  -10.3237915
-0.80732137  0.26418158  -11.970256
-0.61227745  -0.15667652  -11.129157
0.07482813  0.10881683  -9.378113
0.14407687  0.44775468  -8.185017
0.13408838  0.38095155  -7.6495414
-0.04082838  0.33468607  -6.679298
0.00952638  0.5136278  -5.978202
-0.12657854  0.083808474  -6.6268034
0.14508839  -0.52134633  -7.894188
0.27956674  -0.38620242  -9.002098
0.0478533  -0.17085762  -9.121251
-0.15458453  -0.15174338  -9.220607
-0.25059885  -0.3410552  -10.143278
-0.063369244  -0.46670625  -11.7432375
-0.25061512  -0.13975304  -13.622866
0.083506964  -0.12508671  -14.054251
0.30290812  0.10505991  -12.736179
0.2270933  0.14047876  -11.829671
0.25884575  0.26216465  -11.199351
0.47255158  -0.24412572  -11.023979
0.21313378  -0.6194464  -11.615392
-0.9081144  -0.22225751  -13.5434675
-1.3510286  0.48012137  -14.426042
-0.18515679  -0.01823235  -12.901985
0.6322918  0.32165036  -9.410206
0.7448932  0.11163621  -7.5631537
-0.25468403  -0.029050102  -8.392
-0.43120474  -0.11138075  -9.652438
-0.43002558  0.087743066  -10.381928
-0.064776294  0.17988911  -9.546561
-0.0884709  0.19034511  -8.423447
-0.014493419  0.024888242  -7.4740305
-0.06252982  0.06290456  -7.573147
-0.061144862  0.05451722  -7.896607
0.2734097  0.012604894  -7.9872627
0.3212949  -0.1828959  -8.086311
0.25233856  0.03653631  -7.970004
0.040101483  0.04097267  -8.370014
0.03565484  -0.03945946  -8.817789
-0.3999135  0.022162355  -9.4345875
-0.28481922  0.07446008  -11.026748
0.28321144  -0.2506116  -12.457106
0.13047121  0.08385002  -12.63355
-0.11371277  0.17700456  -12.395033
-0.30316275  0.10475066  -12.026371
-0.10441468  0.058263823  -12.460864
0.08037762  -0.05354621  -13.210857
0.15291516  0.6733648  -11.798587
0.4752747  -0.41507697  -10.046936
-0.30237883  -0.7444201  -11.205078
-0.83225983  0.1540871  -15.021445
-0.40067092  0.02733402  -14.954862
0.04539307  0.24468024  -10.061719
0.38028756  0.2990128  -6.4431624
-0.052014723  -0.10387816  -6.80932
-0.31115907  -0.34839153  -8.780359
-0.12801434  -0.049927127  -9.92396
0.5772746  -0.22469601  -9.687767
0.19892097  0.22633234  -8.36753
-0.25913253  0.06767583  -7.870467
-0.22217412  0.018313287  -8.7305155
-0.13678356  -0.1193246  -9.817805
-0.55877185  -0.04814898  -9.613842
0.24131195  0.2953126  -7.9488955
0.5823091  0.08126724  -7.287739
-0.076024786  -0.17674007  -7.685954
-0.5114925  0.09870636  -8.638216
-0.68872565  0.070527285  -9.559134
-0.06411437  0.0346145  -9.402282
0.5362299  -0.075513065  -10.401498
0.18300658  -0.06251564  -11.434735
0.31045184  -0.32951087  -12.04613
0.13965783  -0.6062283  -13.135554
0.06644657  -0.60403204  -14.714627
-0.38961896  0.39222786  -14.872192
-0.10938939  0.43604535  -13.071994
0.17478687  -0.46564963  -11.498626
-0.10414516  -0.800321  -12.163845
-1.0211313  0.1436229  -13.213303
-0.53625417  0.8492078  -12.137997
0.92451274  0.14682287  -9.376049
0.6403595  0.8350913  -6.646333
0.45828417  -0.5765576  -5.943057
-0.16169539  -0.682293  -7.58266
-0.885173  0.17410997  -9.230328
-0.29291248  -0.7012872  -10.52614
-0.74464965  0.03094052  -10.413213
-0.39567038  0.66998684  -9.2667
0.32376438  0.65701073  -8.183148
0.1632855  0.17464887  -7.6444206
0.13580503  -0.15962544  -7.475721
-0.052588545  -0.04788993  -7.6135073
0.45030358  -0.16248244  -8.093308
-0.29916352  0.006098814  -8.882282
-0.08516906  -0.16091426  -9.99954
0.2649085  -0.18307647  -11.33878
0.11263779  -0.05488328  -11.89265
0.046297964  0.088645115  -11.644291
-0.049425866  0.17703685  -11.468157
-0.1074066  0.11482709  -12.189351
0.15006642  0.046179228  -12.643145
-0.08816015  0.355119  -12.878566
0.13680214  0.13605057  -12.212189
0.39258662  -0.6996985  -10.852799
-0.20728904  -1.43228  -11.716137
-0.7130125  0.21913858  -15.413158
-0.7450183  0.46259698  -16.732367
-0.0010939637  0.107884176  -13.349284
0.14779727  0.15436836  -8.961114
0.3701343  0.09294679  -6.3874187
-0.05032339  -0.13035977  -7.866541
-0.065967046  -0.18523179  -9.401803
0.027697971  0.0073350677  -9.038058
0.12537482  0.002451878  -7.335004
-0.17287318  0.18380931  -6.773779
-0.20900492  0.16438417  -6.7226057
-0.05390806  0.0566155  -6.7660255
0.47230953  0.05134313  -6.9994864
0.4112514  0.062212463  -7.67554
0.045450483  0.029977353  -6.9818845
-0.025620017  0.098432176  -7.4295015
0.015210989  -0.2872807  -9.013685
-0.12774977  -0.024827337  -9.767241
0.2553366  -0.004879838  -10.76642
-0.231579  0.05986943  -11.861577
-0.0058618025  -0.22381674  -13.554581
-0.0025511575  -0.27798852  -14.742826
0.012016149  -0.10848879  -15.184175
-0.0078078215  -0.027871242  -15.231585
-0.25780988  0.5303556  -14.095194
0.47375134  -0.08186854  -12.173848
0.5593162  -0.80410224  -11.874382
-0.57668006  -0.3597061  -13.644503
-0.88731164  0.13437127  -14.557443
-0.48423  0.2755225  -12.783183
0.28951776  0.2055145  -9.128895
0.6016863  -0.33019173  -6.1109824
-0.24618156  -0.097160995  -6.5286145
-0.68881905  0.3320656  -9.343976
-0.31679305  0.16769265  -10.474551
0.103494234  0.102617696  -8.448839
0.25934258  0.20137449  -6.4186044
0.11424306  0.24396378  -5.250071
-0.22771122  0.17060074  -4.823688
-0.24478717  0.056327086  -5.2732577
0.069948986  -0.06884288  -7.032851
0.089291945  -0.19370621  -8.885369
0.17940393  -0.104723506  -8.665277
0.22567408  0.1151976  -8.799994
-0.018753694  0.039117314  -10.101937
-0.21668552  0.12708898  -10.748194
-0.13481669  0.11999367  -11.370309
0.08844083  -0.094539516  -12.836561
0.09251645  -0.003369662  -13.927649
-0.02282567  -0.10253188  -14.081201
0.06898703  -0.11791026  -14.22722
-0.1812693  0.2871809  -14.257485
-0.076116525  0.1744073  -13.660429
0.08770618  -0.6478891  -12.535011
-0.26474786  -0.678657  -14.236401
-0.4565781  -0.025674257  -16.317402
-0.64189625  0.27481055  -14.730912
-0.21096131  0.16018693  -10.289421
0.15441863  0.22481023  -6.5843863
-0.032620274  -0.093734264  -6.7422523
0.24846394  -0.27471346  -8.9962015
0.29382402  -0.13859248  -9.825887
-0.2724887  0.018976932  -7.57539
0.11818643  0.30594933  -5.6129365
-0.04422182  0.22993591  -5.0488586
-0.35319063  0.08118004  -4.89847
0.15534608  -0.28599322  -6.4537234
0.1515263  0.040004555  -7.4579973
0.5128936  -0.2394044  -7.296726
-0.8688476  0.9104084  -6.703422
0.02593252  0.08060641  -7.5564895
0.19840562  -1.1649076  -11.171374
-0.19653283  -0.028745981  -12.841867
-0.11901757  0.26360786  -11.7810955
-0.19291832  0.23716572  -10.839535
-0.3255117  -0.3622797  -13.704358
-0.13567635  -0.34845313  -15.6462555
0.050334122  0.02011562  -15.025963
0.13536814  0.10259932  -14.074908
0.35520142  0.23663448  -11.448302
0.67564636  -0.39328572  -10.451721
0.05697781  -1.096827  -12.318114
-1.2189322  -0.0011684755  -15.557242
-1.3403112  0.061639287  -15.621024
-0.17672057  -0.056306608  -11.702313
0.27490985  0.12484267  -6.7365637
0.8984722  0.029124955  -4.807005
-0.30971572  -0.17623422  -7.964671
-0.9013619  0.18319833  -10.396592
-2.4026854  0.6440854  -9.896012
-0.2824192  0.27357176  -8.608039
0.38662854  0.42844227  -6.99832
0.508735  0.39741996  -6.184117
0.02321599  0.11470901  -6.0534663
-0.35276732  0.261145  -6.5465603
-0.09141167  -0.24950062  -7.392529
0.1330263  -0.2840224  -9.11987
0.3720663  -0.51576275  -9.799928
0.19069156  0.059960116  -9.683462
0.18396313  0.13221155  -9.731885
-0.6589728  0.12625486  -11.042944
-0.4579397  -0.16499722  -12.226967
0.13259053  -0.04407295  -12.976024
0.5917466  -0.058798082  -13.405109
0.31208077  -0.13278252  -13.601827
-0.17244941  -0.07420305  -13.889594
-0.7379567  0.563555  -13.075324
-0.36051387  0.6698556  -11.487169
0.6117468  -0.68344426  -11.026285
-0.07776163  -1.5528024  -12.898001
-0.87792367  -0.14800376  -15.432271
-1.1736387  0.38780862  -14.778405
-0.49740514  0.023138834  -11.434344
0.2725858  0.07818049  -8.385437
0.688635  -0.18422648  -7.864948
0.19551118  0.124635294  -8.939326
0.020709854  0.10423653  -8.97313
0.050117925  0.05062303  -7.7920165
0.29262596  0.0073241256  -6.6105847
0.19221722  0.17385387  -6.201272
0.018941047  0.051682737  -6.2767115
-0.106243104  -0.069504894  -6.6032877
-0.12671728  -0.07660266  -7.3211164
0.093253106  -0.08409536  -7.945006
0.09303753  -0.10021618  -8.876882
-0.092604555  0.165981  -9.858838
-0.06417961  0.016616302  -10.488374
-0.1262008  0.15185921  -10.076502
0.06072534  0.19952655  -9.842051
0.03711202  0.09256572  -10.2553835
-0.20012727  -0.16270526  -11.17354
-0.0990303  -0.35775134  -12.967638
-0.14677674  -0.06266949  -13.99701
0.05513709  0.078936465  -14.135544
-0.254502  0.40432882  -13.432862
0.1765561  0.113094695  -11.721411
0.8562303  -0.3639939  -11.176917
-0.06741323  -0.6596695  -12.77145
-1.1553639  0.23780979  -15.3281
-0.9136611  0.29199588  -14.906566
-0.16630284  0.20151944  -11.144
0.43544048  0.23246457  -7.5729823
0.5942545  -0.1268565  -6.9596334
-0.11729755  -0.08912346  -8.942233
-0.4608491  0.15214303  -10.308315
-0.3804644  0.221211  -10.86825
-0.10693822  0.078348756  -9.644661
0.10698293  0.17967783  -7.6680374
0.31053483  0.060196437  -6.1764708
0.3097505  0.01877652  -6.0960946
-0.0604453  -0.07413389  -7.2746396
-0.32957315  -0.09150359  -8.762769
-0.18772942  -0.08544239  -9.57533
0.10835718  -0.024581634  -9.644338
0.2595668  -0.03344  -9.823834
-0.26469564  0.09550891  -10.124796
-0.40118757  0.05699237  -10.167435
-0.009623234  0.17223373  -10.069024
0.2319137  0.06518972  -10.067981
0.13833524  -0.038518563  -10.301905
-0.10365902  -0.0563676  -10.8093
-0.17166983  -0.19497252  -11.604493
-0.17709269  0.045818392  -12.446299
-0.060287587  0.08427844  -13.183076
-0.095219195  0.12536135  -12.683195
-0.088677794  0.39424446  -11.043523
0.29324493  -0.37057042  -9.802727
0.19783068  -0.63912714  -10.011571
-0.42454356  -0.05715414  -13.116684
-0.5278961  -0.012092045  -14.50685
-0.24041171  0.031273488  -12.475597
0.07498719  0.3029853  -9.632009
0.29772392  0.19604768  -7.9217963
0.31606454  0.038489852  -6.935254
0.11318368  -0.16915062  -7.3979654
-0.028741738  -0.04233207  -8.98249
-0.2777671  0.0052349353  -10.215264
-0.3559515  0.01913503  -9.443177
-0.060590602  -0.020563751  -9.21227
0.054986935  -0.049332958  -9.770896
0.18975398  0.021640856  -10.83536
-0.0031711785  0.058722187  -11.324574
0.011559859  0.013091172  -11.361956
0.08146046  0.107789144  -10.01279
0.08747952  0.12092762  -8.7864895
-0.005930518  0.09652954  -8.294458
-0.081025705  0.03414948  -8.681192
-0.33258253  -0.021596072  -9.122078
0.061695464  -0.042923804  -9.675662
-0.002448217  -0.097608134  -10.245202
0.18707433  0.030141307  -10.282984
0.017850814  0.0020990043  -10.017073
-0.06582705  0.022774942  -10.007505
-0.12895143  -0.14286888  -10.778151
-0.08035371  -0.07730103  -11.832783
0.16097142  -0.07741437  -11.8504
-0.14104074  0.01748681  -11.24383
-0.13505879  -0.11592137  -10.950114
-0.34236765  0.05753569  -10.827641
-0.1175703  0.48549694  -9.954438
0.1835304  -0.1935886  -9.72588
0.50296897  -0.24232773  -10.20817
-0.1547958  -0.48602244  -10.913729
-0.25994703  -0.6638276  -11.733316
-0.84384185  0.26199737  -11.694772
0.1756513  0.16536926  -10.101263
0.27047333  0.019443668  -8.87232
0.054581612  0.13594314  -8.649589
0.01644807  0.03080249  -9.315292
0.059772387  -0.103796266  -9.337356
0.20360763  -0.15518647  -9.722652
0.024062833  -0.15123895  -10.382398
-0.23354919  -0.1307526  -10.575782
-0.20449702  0.08544448  -11.234079
-0.14068863  -0.02045003  -11.612739
0.11448688  -0.0063557858  -10.8483925
0.06250116  0.14275856  -9.779568
0.26630524  -0.09691128  -9.457544
0.02195874  0.14639652  -9.510741
-0.05941867  0.022539647  -9.803846
-0.0031934674  0.07210526  -9.704012
-6.887919E-4  -0.025469666  -9.729989
-0.10799439  -0.06628725  -9.881875
-0.110875055  0.052571695  -9.86681
-0.11061931  0.15135857  -9.724711
0.1189761  0.007470224  -10.025807
0.061772406  -0.071824744  -10.406948
-0.05942981  -0.13779855  -10.452999
-0.08510424  -0.1983151  -10.7007475
0.18777014  0.047439422  -10.779922
0.26692674  -0.08030683  -10.501913
-0.13320276  0.17998704  -10.117634
-0.054359514  -0.012358852  -10.036966
0.050568163  0.17015404  -9.857559
0.0806391  -0.07789865  -9.81268
-0.093036056  -0.017247602  -9.973384
0.01963043  -0.07310773  -10.67739
-0.11649573  0.053101894  -10.975652
0.046791542  0.033427484  -10.728575
0.12397617  -0.047760557  -9.989496
-0.03387331  0.07539103  -9.986731
-0.079109795  0.0827472  -10.411308
0.001706824  0.1393447  -10.154005
0.13062252  -0.03783158  -9.538626
0.0895411  0.05647879  -8.987691
-9.23257E-5  -0.099280275  -9.093432
-0.1128346  -0.108244084  -10.168165
-0.19039282  -0.06591195  -10.86068
0.036671698  -0.05211393  -11.143079
0.2564575  -0.050389487  -10.57936
0.19124916  0.03452309  -10.14609
-0.08615989  0.0597215  -10.329384
-0.16703899  0.19404629  -10.493298
0.043445546  -0.17627633  -10.81082
0.0090584755  -0.11252409  -10.450568
0.018742269  -0.0020637955  -10.200036
-0.004297869  0.017112162  -10.290778
-0.027753089  0.004315223  -10.138163
-0.08764259  0.04335048  -9.930573
0.008080144  0.010930114  -10.002029
0.06717456  0.020968696  -10.115792
0.06085543  -0.024187705  -10.170491
0.16408022  0.016611082  -9.89761
-0.13453902  0.09048574  -9.810076
-0.06514192  0.025300419  -9.811493
0.048270326  0.017166186  -9.9397
-0.028648173  -0.032934815  -10.461875
0.04996551  -0.09560438  -11.014522
0.035428777  0.052481044  -10.658465
0.1281275  0.14193065  -9.860118
0.12979646  0.09203749  -9.461216
-0.13676468  -1.1024343E-4  -10.092008
-0.028586082  -0.015149408  -10.458161
-0.022228148  0.030306507  -10.549163
0.2196178  -0.016891863  -10.128405
-0.05344124  0.13045044  -9.944686
-0.067876644  0.048667308  -10.033398
-0.01693885  0.035344273  -10.132759
-0.0027785695  0.016224818  -10.374865
0.15168758  -0.25282913  -10.405235
0.18927628  0.03442165  -10.234941
0.06429965  -0.041501585  -10.056959
0.025576029  0.005729179  -10.291166
-0.1449417  0.12753649  -10.15985
-0.048452478  0.041032206  -10.01886
-0.064975195  -0.039011165  -10.077397
0.08899872  0.044472024  -10.265354
0.025438184  0.11663491  -10.025726
0.11018809  0.051408984  -9.712186
-0.03136771  -0.1578104  -9.928076
0.043086812  -0.06344018  -10.51952
0.015696207  -0.15891083  -10.902769
-0.024237568  -0.05904924  -10.794849
0.008841807  0.09489618  -10.706175
0.2376611  -0.045220513  -9.964456
0.06637543  0.29940265  -8.920661
0.09635608  0.1404803  -8.72874
-0.8121298  0.23940256  -9.573412
-0.86211044  0.636226  -10.82438
1.0119694  -1.557128  -10.540882
0.093391776  0.64077055  -9.7775955
0.09017173  -0.26316562  -10.3737335
-0.35307452  -0.36008006  -10.23097
-0.26510593  0.070893206  -9.987529
0.49365667  0.15036948  -9.925608
0.13266069  -0.2837496  -10.151177
-0.22151048  -0.13770922  -9.515441
1.0514662  0.6162187  -10.751628
-0.29292825  -0.035965834  -11.515207
0.20997709  -0.48723033  -10.932315
-0.12943022  0.33434144  -8.887873
0.21046071  0.011091066  -9.423431
-0.19042426  -0.0042261397  -11.711352
-0.3474541  0.71803814  -12.485257
0.922694  -0.90589255  -10.932136
-0.012848907  0.55332285  -10.809221
-0.7140327  -0.1273561  -9.959223
-0.01990831  -0.43492505  -9.683607
0.35516226  -0.23396511  -10.111916
0.054495737  0.4860488  -10.283144
0.45607588  -0.012082226  -10.272068
-0.031335555  -0.15022822  -10.421269
-0.09478907  -0.14557545  -11.227085
-0.2447039  -0.0020661184  -10.331038
-0.06993929  0.27362555  -9.090264
0.16507769  0.019852525  -8.994549
0.022665912  0.055601932  -10.138162
-0.023912136  -0.035148866  -10.495676
0.032180954  0.10475249  -10.139799
-0.035146758  0.013294326  -9.383716
-0.12704416  0.05173087  -9.231551
-0.043614272  -0.09756329  -9.378265
0.11993377  0.02336891  -10.257735
-0.18805031  0.067741476  -11.353237
0.4722136  -0.10201875  -11.079439
0.33253616  -0.01493507  -9.177617
-0.2018228  0.09953548  -8.208602
-0.14461073  -0.11912263  -10.00367
-0.028212814  -0.045272935  -11.186442
0.033787124  -0.047659345  -11.552327
0.016703093  0.05862349  -10.5582695
-0.25104174  0.046588633  -10.1284895
-0.2999203  0.06563532  -10.050298
0.3403509  -0.10394285  -9.087641
0.032455042  -0.08053698  -10.219302
-0.12328388  0.005953573  -11.768063
0.11072079  0.06457911  -10.84955
0.044662796  -0.008587627  -9.9084215
-0.16797101  -0.050338503  -9.502144
-0.06428245  0.0047223927  -9.88469
0.014014563  -0.038616538  -10.655204
0.2904333  -0.0025620824  -10.062443
-0.13429733  0.07259517  -9.546631
-0.3965244  0.07549219  -10.189519
0.07720043  0.014521978  -10.722063
0.34897876  0.03496255  -9.740129
-0.008431594  -0.048805736  -9.81671
-0.29175937  0.12482259  -9.529218
-0.10785702  -0.08646425  -9.629274
-0.03341425  -0.09838508  -10.256458
0.15210365  -0.14675404  -10.503167
-0.050609004  0.028742285  -10.154945
-0.27785116  0.29484716  -10.124643
-0.010774486  -0.050945252  -10.310878
-0.5832596  0.100916654  -11.823623
0.08273339  -0.11884309  -10.631842
0.40112564  -0.0714126  -8.841143
-0.27480125  0.20509508  -8.962649
0.3811639  -0.08896531  -10.696092
-0.14838429  -0.2452686  -10.356563
0.30748153  -0.09599895  -10.439213
0.22434884  -0.024548668  -10.429219
0.045394685  0.009097853  -10.670112
-0.22231396  -0.00762631  -10.748645
-0.30044395  0.1158241  -10.650581
0.4836375  -0.13460606  -10.061153
0.21795696  0.008529128  -9.628618
-0.09539989  0.045638364  -10.023759
-0.30735716  -0.0048316997  -10.290152
-0.26681003  -0.0954882  -10.505186
0.13880707  0.013589683  -10.237885
0.077617496  1.6054104E-4  -9.977115
-0.22302914  0.023517612  -10.254822
0.015792478  0.1033671  -10.346691
0.2600346  -0.19507475  -10.241396
0.500084  -0.074569896  -9.52284
-0.011544609  0.11493412  -9.656213
-0.39402947  0.11875939  -10.201067
-0.038685836  0.027640732  -10.185784
0.033951465  0.026251942  -10.11457
0.45863742  -0.1314381  -10.081502
0.006691393  0.098551795  -9.899434
-0.0015968856  0.008560461  -10.030884
-0.15652442  -0.043050822  -10.37848
-0.16978355  -0.07016335  -10.579639
0.14386448  -0.052046407  -10.393837
0.3280721  -0.016806327  -9.878554
0.008167046  0.009430889  -9.828013
-0.06373816  0.0113766445  -10.084578
-0.4298731  -0.01705567  -10.531061
-0.058427736  -0.1507712  -10.713854
0.24190892  0.011271408  -10.103801
0.39493316  0.07699722  -9.864092
-0.34388205  0.105497  -10.044889
-0.2435265  -0.08820021  -10.263622
0.069609046  -0.06627534  -10.79254
0.18649338  -0.118474826  -10.59073
0.37315425  0.0068630297  -9.803945
-0.051110737  0.14148398  -9.721326
-0.24371955  0.006221054  -10.253747
-0.06415808  1.4599136  -11.26
0.021490455  1.7741767  -10.683
-0.03462474  0.46997002  -10.175529
0.12044205  -0.06336394  -10.152276
0.0634694  -0.02331647  -9.718668
-0.13656114  -0.06952293  -10.773359
-0.0071184547  -0.100365  -10.795731
-0.10924135  0.1597487  -10.186729
0.06498959  -0.0069269226  -10.11033
-0.113126226  -0.37464303  -10.655831
-0.23693754  -0.08599978  -10.666829
-0.1293207  0.19570114  -10.732923
0.2165368  0.12607664  -10.58873
0.2805127  0.07827636  -10.075827
-0.12888664  0.18662833  -9.612428
0.112410285  -0.009542178  -9.426907
-0.014005283  0.056354288  -9.444191
0.003790807  0.06916074  -9.915169
0.022592187  -0.040289864  -10.460523
0.1747215  -0.04046611  -10.582637
0.07220433  -0.014600765  -9.824187
-0.051697146  0.026455564  -9.361367
0.008452043  -0.03698499  -9.323441
-0.036347803  -0.074718684  -9.731105
-0.020169085  -0.033883892  -10.026675
0.1441971  -0.056618657  -10.515971
-0.10320976  0.16530648  -10.26014
-0.06607481  0.025453933  -10.003109
0.08324872  -0.03437478  -10.165852
-0.08364565  0.033408202  -10.221481
-0.039805893  0.04799289  -10.277811
0.022562211  -0.035017405  -10.430474
-0.19490448  0.03624465  -10.07962
-0.011206024  0.014827207  -10.348374
-0.04405153  0.05667049  -10.501191
0.070915006  -0.045581862  -10.244712
0.053293936  0.09576473  -9.876793
0.029869726  -0.010588827  -9.756231
-0.077623785  -0.012954241  -10.422145
0.028670909  0.05734195  -10.479659
0.06802822  0.04576679  -10.359883
0.06421944  0.11351317  -9.569152
0.03788256  0.10019302  -9.4713745
-0.07894247  0.032888435  -9.838418
0.07868937  -0.04985173  -10.138448
0.008510424  -0.07922754  -10.257182
-0.0038722209  -0.0691858  -10.213377
0.06422207  0.018481161  -10.1959915
-0.121539935  0.17896356  -10.231968
-0.1302795  0.015081654  -10.318319
0.046742644  0.079670206  -10.379261
0.09234278  0.07309051  -9.707715
0.08207327  -0.005816997  -9.730651
0.15928097  0.102308914  -9.604147
-0.12203019  -0.022391288  -9.579484
-0.101989515  -0.108822316  -10.14406
0.09728583  0.03435161  -9.729418
0.02817956  0.087751985  -9.162046
0.10904155  -0.055546753  -9.230941
0.15287727  0.02482211  -9.206244
-0.009223862  -0.020240957  -8.526731
-0.5612266  0.011648897  -7.073886
-0.61971855  0.45642504  -7.3813024
0.24749073  -0.4974163  -7.510402
-0.05346005  -0.04339449  -8.787516
0.15799306  -0.13145907  -9.268337
0.17233188  -0.16701907  -9.231289
-0.7578897  -0.03101542  -8.390649
0.1434066  0.15234917  -7.710702
0.05531828  -0.29072988  -7.9788947
-0.006106046  -0.35523263  -7.9420314
-0.39317617  0.2909503  -8.917347
-0.21967137  0.060434733  -9.857127
-1.1809822  0.102836296  -12.108172
-0.13976547  -0.023255266  -13.781882
1.2444302  -0.34792838  -15.880782
1.535676  -0.0819965  -15.955404
-0.05404884  0.523912  -14.493833
-0.23805575  -0.030685896  -12.673855
0.09724345  0.1334616  -13.690973
-0.088692  -0.37091568  -15.030454
-0.42359537  0.028326243  -13.816519
-0.10223379  0.1475829  -10.753396
0.086815506  0.14067078  -8.719893
0.43308443  0.071697496  -7.9248514
0.29588  0.10966847  -7.6191144
-0.67512107  0.028372033  -7.992002
-0.41397125  -0.25988248  -6.566614
0.19647905  0.12400529  -5.057294
0.4655378  0.020409908  -5.8581295
-0.30544153  -0.042750236  -7.338194
-0.41270828  -0.049737357  -7.1459317
0.26692802  0.09389785  -6.2606997
0.10120622  0.13790563  -6.61208
0.044149987  -0.12797709  -6.44332
-0.18981166  -0.081955865  -6.6436267
-0.26310852  -0.05007658  -9.365933
-0.038662914  -0.02942725  -11.743889
0.45206606  0.12199413  -13.4816
1.2009989  -0.29097375  -16.174984
-0.35222688  -0.4442444  -19.749636
-1.5544934  -0.14577486  -18.473934
-0.47296423  0.6120989  -13.569104
0.6836087  0.30266666  -12.776037
0.64618033  -0.44877243  -14.334824
0.13759784  -0.3085318  -14.11972
-0.3147118  -0.11281751  -12.516604
0.25874564  0.110630095  -10.496575
0.121001504  0.37863243  -8.816287
0.117358826  0.002080669  -8.079086
-0.019018024  0.019241633  -7.8191686
-0.28376466  -0.13691714  -8.032402
-0.10880844  -0.031045238  -6.848406
-0.13484788  0.13949487  -5.621892
0.4543917  -0.19252518  -5.2681746
-0.0734111  0.74482757  -7.090695
0.019856429  -0.12613939  -8.161157
-0.44737783  -0.15415516  -6.920107
-0.0572362  0.2349421  -6.039223
0.19216873  0.06802868  -6.391938
-0.45067883  -0.37126008  -9.096559
0.49942303  0.25741324  -11.891753
-0.1428544  -0.41194135  -12.518318
-0.41057053  0.2214663  -11.094772
0.21543194  0.005744139  -11.396055
0.11090886  0.12548703  -13.166036
-0.5788176  -0.45170748  -15.322704
-0.047464076  -0.16679478  -16.434816
0.43718645  0.2817104  -14.366027
0.9047335  0.38747904  -12.011452
0.014248795  0.17773284  -11.783485
-0.4249791  -0.22892524  -12.178939
-0.5593273  -0.17321561  -12.016283
0.15374818  -0.19078831  -11.905349
0.26335797  0.044592302  -10.936494
0.10924557  0.13071083  -8.513535
-0.14381833  0.042430453  -6.3597116
-0.50657535  -0.08682869  -5.947593
0.1112165  -4.0093833E-4  -6.6184936
0.35450882  0.06727271  -5.6969123
0.0709886  0.10447548  -4.9321804
-0.4298812  -0.16267078  -5.4518676
-0.11667277  -0.0883355  -6.2270575
0.462346  0.094351076  -6.1936307
0.12761782  0.016904937  -6.2988486
0.2570856  0.07489793  -8.43842
-0.22589277  -0.034691565  -10.7078285
-0.5475179  -0.10608724  -12.212347
-0.28169957  -0.26006952  -14.242651
0.64586115  -0.9306417  -16.87137
1.4871008  0.54404145  -18.582413
0.42406854  0.25448117  -18.493656
-0.6598767  0.262558  -15.99605
0.061915465  0.058095634  -14.309374
-0.31858167  -0.5238882  -15.179471
-1.0411435  -0.4555589  -14.911685
-0.25952318  -0.13362867  -12.644699
0.3695065  0.3303001  -9.220157
1.1989067  0.5251388  -7.7037683
0.35761175  0.26222995  -6.90453
-0.4373149  -0.06286331  -5.977778
-0.16422383  -0.068552636  -5.5037556
0.05954441  0.21261121  -4.5430546
0.2546317  0.18737093  -3.6192522
-0.1920577  -0.30615565  -4.441949
-0.3933416  -0.20052262  -5.6179237
0.4296534  -0.2631668  -5.6147966
0.19801262  0.11654353  -6.5654836
-0.6188821  -0.16933352  -8.401798
-0.41309285  -0.1195014  -9.091007
0.6272774  -0.13319612  -9.5053425
0.78136337  0.15343522  -11.384531
1.0227566  1.0287411  -14.543435
-0.8812124  -0.60369545  -17.306358
-0.7774118  -0.3915452  -18.01822
0.37026212  0.053594913  -17.542562
0.46503267  0.1942464  -15.749296
-0.17408456  0.20869216  -14.164747
-0.28156024  -0.19716279  -14.000136
-0.111147426  -0.15935592  -14.171696
-0.043110024  -0.16407342  -14.091795
-0.114895746  0.0603415  -12.144007
0.08847043  0.16569741  -9.1540785
0.046232607  0.14762235  -6.2564616
0.2843908  0.31291074  -3.6289914
-0.13440052  0.082394384  -3.4895136
-0.10232587  -0.23256734  -4.3769517
-0.052044056  0.069363415  -4.3308887
-0.059761573  0.03241974  -3.348454
0.019709675  -0.10244236  -3.9866858
0.065507144  -0.29735073  -5.648722
-0.074993186  -0.13696405  -6.9459915
0.0055177566  -0.0716679  -7.0669966
-0.14054151  -0.26427606  -9.214799
-0.331797  0.005712413  -11.7897215
0.20412987  0.028316543  -13.97342
0.29660243  0.14863206  -15.577331
-0.036747396  -0.07995809  -18.246868
-0.555769  -0.101263255  -19.65227
-0.3746467  0.2337684  -17.902788
0.102793604  0.9018586  -14.240626
1.1507212  0.03872157  -12.477829
0.42729184  -0.8399786  -13.248944
-0.6530649  -0.30083817  -14.755162
-0.9021754  -0.028532332  -12.648284
-0.36004007  0.074344486  -9.589674
0.2268257  0.41110846  -8.148926
0.45330194  -0.017761903  -8.290856
0.8473215  -0.12945399  -6.9632783
0.14123622  0.12987135  -4.7025533
-0.3915897  0.06367106  -4.2510934
-0.65866715  -0.14612149  -5.885647
-0.21346107  -0.07791192  -7.3153567
0.5912121  -0.06968898  -6.905604
0.51219356  0.2986542  -4.8836336
0.9418273  0.16141926  -3.8274958
-0.91980386  -0.058072653  -5.4548035
-1.6112338  -0.3721643  -8.573488
0.5583358  -0.30791205  -10.110906
0.6857185  -0.094872326  -10.01192
0.81294644  0.25975618  -12.251735
-0.867611  -0.08908635  -15.499462
-1.03973  -0.0031267162  -16.050158
0.50571054  0.6334536  -16.075994
0.75517064  0.118280485  -16.407969
-0.142743  0.6660401  -14.6931715
0.017738493  0.0050241062  -12.943473
-0.07298519  -0.7496069  -13.410088
-0.6083396  -0.36172417  -14.415304
-0.023047442  0.17123349  -13.38335
-0.032511666  0.380364  -11.018806
0.33502886  -0.012005675  -9.983887
0.32120138  -0.2159995  -8.850679
-0.33882812  -0.047612615  -8.052857
-0.33163798  0.22819139  -7.475651
-0.3077381  0.15304519  -5.9159055
0.33041775  0.23856522  -4.556804
0.2976634  -0.11080664  -4.917184
-0.32360378  -0.06373898  -5.6322846
-0.14067188  -0.048934657  -5.270817
0.06440057  -4.2559134E-4  -5.025224
0.30653986  -0.3431128  -6.78021
0.03424612  -0.21855316  -8.325289
-0.4692293  0.051559523  -8.075258
-0.8615838  0.019283632  -8.296909
0.6379799  0.17293335  -10.517401
0.9561335  0.2417487  -14.245482
0.76013345  -0.6548129  -16.243662
0.43500277  -0.5713536  -16.43449
-0.3119467  -0.28882304  -18.017195
-0.8468133  0.20889947  -18.60989
-0.44808888  0.3609742  -14.994023
0.20193891  0.49364778  -11.742697
0.76197064  -0.40116456  -10.482925
0.2804038  -0.57163477  -11.530367
-0.17257032  -0.31179795  -13.515027
-0.59620076  0.030627195  -13.057347
-0.3089267  0.03548179  -10.970481
0.14552294  0.0932889  -8.552807
0.38012937  0.23599005  -6.768915
0.11375605  0.14572303  -6.1939597
0.06923482  0.130088  -5.4328804
0.31895846  0.26512188  -4.111128
0.08647602  0.10856802  -3.8839033
-0.23891054  -0.5194568  -5.23301
-0.35047656  -0.11198073  -6.3646336
-0.40391982  -0.048843708  -6.9973803
-0.35310647  -0.012309688  -7.340085
0.06677802  0.05931826  -8.497163
0.24611363  -0.08451877  -9.321104
0.5513236  -0.14368966  -11.204048
0.15403199  -0.08601866  -13.387743
-0.34615025  0.12926866  -14.798172
-0.42149267  -0.015978184  -15.604321
0.38013417  0.016912812  -15.801998
0.3718724  0.1890159  -15.133517
0.14200631  0.0036582912  -14.300792
-0.1536951  0.1031782  -14.76193
-0.2844171  -0.02672891  -14.498625
0.014536098  -0.05477866  -12.831918
0.23312566  0.11090712  -11.751952
0.21609148  0.11901406  -11.428557
-0.05455695  0.096908495  -9.890712
-0.032308456  -0.032868568  -8.022599
0.13159874  -0.08160295  -6.8395047
0.12355719  0.03380256  -6.696553
-0.02064852  0.15238658  -6.6383934
-0.36940718  0.03781163  -5.94362
-0.05659657  -0.05152985  -5.442805
0.18487085  -0.05697662  -5.7443156
0.15772104  0.059641942  -6.1848555
0.02225868  0.024833139  -6.29324
-0.09207573  -0.11885603  -6.3340964
-0.17140369  0.0072192  -6.969727
-0.2878758  0.030557865  -8.704521
0.22493733  -0.1817425  -10.589794
0.16389734  -0.20113626  -10.820725
-0.047747526  -0.1191069  -11.927579
0.006109247  -0.16138755  -14.410211
-0.11453038  -0.16160464  -18.271175
-0.005824526  0.03581655  -18.959501
-0.6191595  0.45379585  -14.625282
0.49713382  0.7081576  -11.971852
1.1899717  -0.49646464  -11.831948
0.15928316  -1.2313615  -13.673483
-1.0631137  0.233405  -15.493577
-1.4873596  0.34644097  -13.8873415
-0.5869394  0.35415715  -10.869896
0.64489496  0.27514955  -7.763128
0.70622504  0.07604969  -7.3835416
0.0021780028  0.3169204  -7.9521217
-0.09456026  0.17317495  -6.6360364
0.015586207  0.07188225  -4.8243275
0.16321418  0.010356008  -4.9048624
-0.01973512  -0.033746943  -5.59431
0.038786687  -0.014604999  -5.7072334
0.064330846  -0.12437878  -5.50036
-0.006093121  -0.15578568  -6.205411
-0.22781101  0.027606914  -7.5805283
-0.13680877  -0.10244932  -8.274385
-0.1733778  -0.15828794  -10.221781
-0.3694311  -0.18615086  -13.370902
-0.2256757  0.5353049  -15.204652
0.07260201  0.42105728  -14.916811
-0.00403458  0.13001183  -14.3789015
0.08743115  0.05733019  -15.529742
-0.18561836  0.33021516  -16.189816
0.2575749  -0.38655874  -15.848457
0.16565052  0.023624199  -16.24978
0.36212674  -0.024087016  -16.288734
0.20479032  0.19709145  -13.21172
0.70511425  -0.11229625  -10.910539
-0.22420223  -0.1264806  -12.317742
-0.2993812  0.018683163  -11.781142
0.21179488  0.24712816  -8.821483
0.13449237  0.13487324  -6.2145667
0.03568301  0.07373442  -4.763314
-0.006348515  -0.08527898  -4.5796585
-0.12887305  0.0319319  -4.5539207
-0.04413341  -0.055238403  -4.925738
-0.35854352  0.12838745  -5.4489574
0.07703592  -0.04062906  -5.6246815
0.19182958  0.16195753  -4.778685
0.20512328  -0.12894122  -4.8081784
-0.10550291  -0.16612932  -5.9264426
-0.33834046  -0.5091587  -8.619959
-0.7435894  -0.099799715  -12.347975
-0.2173662  0.06803681  -15.243551
0.2700139  0.780626  -16.46808
0.6254752  0.9506798  -14.732199
-0.06574637  0.9280975  -12.110116
0.8092533  -1.8496182  -13.2544
-0.046652295  -0.4547854  -18.747978
-0.6951498  -0.90476745  -19.779392
-0.870524  -0.34666827  -19.821514
-0.8987003  0.5128529  -19.728926
-0.5021968  0.01592298  -17.037193
0.5411681  0.019858925  -10.568166
1.2532289  0.030042253  -8.788283
0.32118443  0.05356029  -8.839879
0.026318321  0.26892343  -6.141549
-0.08287088  0.17489974  -5.106161
-0.05544275  -0.22647816  -5.7495446
-0.49751326  0.059754826  -7.362882
-0.23438121  -0.047657795  -8.861828
0.07549047  0.10838275  -9.183519
0.18030621  0.06203896  -8.722284
0.05907466  0.05761276  -7.5412264
-0.04762291  0.07795012  -7.858046
-0.2931587  -0.033966158  -8.819634
-0.17767243  -0.16250058  -9.819245
0.088104784  0.056869097  -9.974659
0.055413865  0.19823845  -10.938591
0.058870714  0.033813912  -11.067721
0.2038545  -0.11161176  -9.879154
0.2016381  0.07412037  -9.429993
0.0031965745  0.055143967  -10.112812
-0.016159335  -0.12940423  -10.770613
0.5032137  -0.25015348  -10.374533
0.14091597  -0.066181965  -9.761022
-0.3706872  0.09303079  -10.111754
-0.18437286  0.15299162  -11.032707
-0.11787463  0.0861537  -11.316666
0.35158908  -0.021476965  -10.819957
0.15978548  0.23837556  -9.650332
0.18100804  -0.11977641  -9.35956
0.2943501  -0.016415527  -10.202347
0.11492958  -0.1283558  -10.822237
-0.36899275  0.030074675  -10.767509
-0.39161086  0.009509988  -10.350099
-0.4070559  0.18879795  -10.468894
0.036473606  -0.069222435  -10.661282
0.50466454  -0.41855416  -10.168693
0.114493445  0.09055532  -10.150053
-0.1501644  0.05455554  -10.33375
-0.1409389  0.34202978  -9.788052
0.10803706  0.0066616307  -9.4859295
-0.25243384  0.04309559  -9.876383
-0.03330837  -0.07214659  -10.564755
-0.12562822  0.1711362  -10.757609
0.17286104  -0.025236135  -10.768809
0.2826801  0.015913302  -10.437161
0.06385822  -0.2379284  -10.233503
-0.09381147  0.013330091  -10.217699
-0.06466216  0.030239165  -10.762981
-0.08470374  -0.09534135  -11.119845
-0.07719533  0.05177669  -10.313955
-0.010289567  0.027980393  -9.787441
0.11636294  0.031187342  -9.608359
-0.11669631  -0.046310723  -9.881055
-0.07032972  0.018013984  -10.400999
-0.053676985  -0.035390057  -10.205619
-0.07372421  0.012223228  -10.18696
-0.16657482  0.0025397108  -10.203436
0.012988083  -0.012768102  -10.145376
0.023320604  -0.054033384  -10.288989
0.12120105  -0.0024787725  -10.412642
0.053258464  -4.2165472E-4  -9.9948
0.04018802  0.06312479  -9.687446
-0.010543525  -0.04678995  -9.803585
-0.0010061478  -0.014215558  -10.228332
-0.07779683  0.038527086  -10.276994
-0.06690265  0.06496046  -10.342572
0.020680264  0.0948951  -10.267194
-0.10580718  0.04214954  -10.221427
0.062441487  -0.005747786  -10.269026
-0.07148137  0.0070682694  -10.330118
0.10323913  0.04373328  -10.297715
0.043980077  -0.008988748  -10.191955
0.023309642  0.03302252  -10.037975
-0.038514778  0.046791494  -9.997273
-0.05765861  0.050320327  -10.319471
-0.074322015  0.03891557  -10.591375
0.08364212  -0.0024567929  -10.300209
-0.013684441  0.08355736  -9.899749
0.08348589  -0.05344779  -9.431218
0.14891566  -0.09606656  -9.361837
-0.13052589  0.05555041  -10.118523
-0.19042265  0.072167315  -10.587623
-0.07269001  -0.0440388  -10.708815
0.19737297  -0.040433213  -10.377493
0.15405123  0.021215323  -10.341303
0.04645382  0.06875418  -10.222229
-0.044182442  0.08206489  -10.191127
-0.02019606  0.03882322  -10.204481
0.07143615  0.019667678  -10.360924
-0.078430444  0.0902928  -10.379281
-0.115832284  -0.008852801  -9.901117
-0.08528951  0.11423301  -9.914525
-0.055397063  0.053269017  -10.566651
-0.002373887  0.07655084  -10.185844
0.19669388  -0.026631137  -9.825992
0.060248423  -0.074885204  -9.959902
-0.14770846  -0.0034688779  -10.12663
-0.0074845315  0.075050585  -10.09724
0.12149986  -0.06464048  -10.542425
-0.02671893  0.055769693  -10.623147
-0.042958576  0.024589103  -10.268673
0.13571574  0.050680663  -10.03406
0.00714318  -0.025351774  -10.243049
-0.07433999  0.01128104  -10.236567
-0.01743311  0.13848491  -10.120967
0.060160577  -2.2696263E-4  -10.112662
-0.028412443  0.11550311  -10.126035
-0.04393679  0.040061947  -9.960348
-0.055386096  0.09661819  -9.643738
-0.05743711  0.027357714  -9.874234
-0.1094859  0.040379584  -10.13808
-0.11952474  0.02876777  -10.641207
-0.07798002  0.0651782  -10.654582
-0.012338019  0.056940727  -10.074636
0.07875288  -0.014205239  -10.081099
0.1044555  -0.081866115  -10.524763
-0.005154232  0.13834934  -10.567439
-0.0014680759  -0.03762802  -10.314738
0.040907048  -0.037651297  -10.113211
0.18319726  -0.1123954  -9.995205
-0.028638208  0.008113686  -10.0210495
-0.22657156  0.08383137  -10.149004
-0.04176452  0.059169736  -9.905685
0.10733176  -0.052059826  -9.767183
-0.21651685  0.11912368  -10.166925
0.06579595  0.02836934  -10.475147
0.09832975  0.044555612  -10.340151
-0.0028146002  -0.15087481  -10.229164
0.05669556  0.019293226  -10.270189
-0.09414901  0.08682642  -10.442631
0.04983978  -0.034370452  -10.291422
0.1967651  -0.087268725  -10.422954
0.069139086  0.11970886  -10.598043
0.007981557  0.053941216  -10.23874
0.07073314  -0.044434644  -9.848002
0.014906071  -0.10951692  -10.032571
-0.19908758  0.06962742  -10.209477
-0.03606768  0.10384991  -10.213138
0.07231149  -0.030849626  -10.117561
-0.0189544  -0.11346104  -10.266083
-0.07233766  0.15011813  -10.718921
-0.07822626  0.019969076  -10.785586
0.2663476  -0.030932704  -9.970359
0.13635427  -0.050524004  -9.914902
-0.01260934  -0.0839468  -10.205094
0.121320456  0.059006616  -10.013404
0.038109004  -0.10543186  -9.777414
-0.008042444  0.015038317  -9.854987
0.020404212  -0.04427175  -10.278918
0.029347865  -0.010644092  -10.032225
0.12956284  -0.09764367  -10.068002
0.08916454  -0.048180826  -9.880428
0.20096722  -0.059606895  -9.984892
0.02261636  -0.031670395  -10.273008
-0.11958903  0.06750411  -10.19652
0.100808024  -0.0786426  -10.210603
0.11676813  -0.028167058  -10.447332
0.02100783  0.07674123  -10.319509
0.015731858  0.007227337  -10.338106
-0.027787657  0.045833036  -10.596565
-0.03880308  0.04493731  -10.640533
-0.10565136  0.07961676  -10.639864
-0.041436154  -0.012635922  -10.178221
-0.10062925  0.12421481  -10.285794
-0.023568776  -0.042365585  -10.538672
0.029233497  0.015318403  -11.029537
-0.17029646  0.17748225  -10.393555
0.04843213  0.04569793  -10.011645
-0.009915759  0.19163509  -10.715809
0.03135203  0.03647076  -11.2805605
0.104865566  0.07139208  -10.431662
0.123690434  0.27039972  -9.48539
0.16298157  -0.2454883  -9.463981
0.18120018  -0.29447705  -11.123679
-0.10504967  0.05539307  -11.789927
0.06967679  0.16667013  -10.058235
-0.032741986  -0.06343574  -9.558132
0.06039259  -0.22432242  -10.380114
-0.09579684  0.059643432  -12.232934
-0.041292634  0.071216725  -10.290434
0.30944127  0.09140089  -8.373779
0.11709791  0.22802643  -7.6202164
-0.14698781  0.34086832  -8.015825
-0.008374625  -0.18989529  -9.679852
0.099265106  -0.25306588  -10.730727
-0.039892714  -0.08597919  -10.600674
-0.16336979  0.18702076  -10.485822
0.009062862  0.10426935  -10.857561
0.07416309  -0.11910264  -10.986926
0.0720463  0.034864064  -9.879051
0.54726607  0.10156853  -9.147948
0.3109989  -0.19361599  -9.543462
-0.3910692  0.0851608  -9.825604
-0.10497475  0.2420305  -10.030697
-0.009683213  0.094761506  -10.731489
-0.22117186  0.018454742  -10.788198
0.006567373  0.047110785  -9.999627
0.30985105  -0.04532279  -9.003109
0.04305157  0.025546165  -9.479829
-0.3719392  0.0089966385  -10.653076
-0.04305657  0.43224302  -11.314642
-0.22641484  0.29818594  -11.157991
0.4054765  0.01200538  -10.25351
0.72650117  -0.32422915  -9.556477
-0.050300576  -0.29398277  -9.321082
-0.13881269  0.2005794  -9.355947
0.11107205  0.42068896  -9.32282
-0.4361565  0.37607092  -10.195409
-0.031565245  -0.090111785  -13.031964
0.06959035  0.07492095  -12.631559
0.56756806  0.055726223  -11.160726
0.3594978  -0.04143561  -10.716038
0.0337237  -0.17084883  -10.811701
-0.16276811  -0.39712688  -9.593195
0.19050176  -0.27424774  -8.584457
-0.27554742  0.08713992  -8.625491
-0.17718706  0.4560113  -9.603005
-0.066945255  0.44073108  -11.032919
0.024482673  0.3351822  -11.523094
0.20697099  -0.18780625  -10.6445465
-0.08462722  -0.36937097  -9.740112
-0.16954692  -0.16157247  -9.254726
-0.075148374  0.18120189  -9.179104
-0.05356191  0.18783157  -9.689063
0.032919366  0.16950054  -10.540813
0.22115767  0.016627155  -10.9782505
0.17819412  -0.025950013  -11.105619
0.06054039  -0.12282176  -11.124638
-0.12658331  -0.05114368  -11.298586
-0.002575034  -0.04842986  -10.776073
-0.05386366  -0.051492415  -9.8100605
0.008518935  0.0019940953  -8.971771
-0.044675577  -0.1281483  -8.790209
-0.38537768  0.06417733  -9.839197
-0.06888898  0.17754632  -11.044761
0.3531903  -0.0041569555  -9.888009
0.107760005  -0.075602114  -9.340882
-0.06996024  -0.14113729  -9.806011
-0.14154458  -0.0050462284  -10.372449
-0.0977829  -0.062696084  -10.130628
0.08070413  -0.104454525  -9.762997
0.1865615  -0.0021157437  -9.988582
0.12209703  -0.13604468  -10.081491
-0.07695282  0.14858264  -10.23941
-0.083013825  0.13436201  -10.197612
-0.01303063  0.0945599  -10.188387
0.009771994  -0.150602  -10.094692
-0.048651643  -0.036505952  -10.218489
0.0052230773  0.024060342  -10.650679
0.13538358  -0.0038842086  -10.555283
-0.022678299  0.010550404  -10.31533
-0.114178784  -0.06370128  -10.47625
0.057801362  -0.02361038  -10.587992
-0.007186094  -0.04166676  -10.4544325
0.014450932  -0.06109121  -9.82316
0.056326248  0.0048335018  -9.960508
0.15709844  0.17577524  -10.428651
0.0179808  -0.07801954  -10.638434
0.025021968  0.1291886  -10.199109
0.03556666  -0.088013306  -9.842947
-0.024928637  -0.07134958  -9.3669405
0.112629436  -0.032490656  -9.547637
0.04797865  0.055141006  -10.058487
-0.055776086  0.2401275  -10.997659
0.25546727  -0.030074768  -12.245892
0.15726094  -0.13619801  -12.905954
0.24977766  -0.10642254  -11.566342
-0.0719448  -0.32489657  -9.119249
-0.4005033  -0.06500641  -8.160106
0.031760264  0.13862295  -8.683001
0.06427908  0.2840221  -9.711228
-0.10835598  0.08815401  -10.136154
0.07757105  0.03274876  -10.0388
0.067845635  0.022330895  -9.920492
0.1426702  -0.09076012  -9.781241
0.25718424  -0.13585438  -9.779438
-0.01305484  -0.13010319  -10.408406
-0.014508093  -0.08744686  -10.899239
-0.36258087  0.1209437  -10.021914
-0.16128814  0.044910386  -9.26123
-0.44673845  0.38884947  -9.730962
-0.018088914  0.1807182  -10.533981
0.23759279  -0.35556614  -10.259303
0.06445492  -0.14709795  -10.2016535
0.02714342  -0.007640649  -10.235304
-0.01777395  0.11153556  -9.747809
-0.11354683  -0.058048967  -9.739584
-0.33756033  0.0871569  -9.438138
-0.4254058  -0.120978616  -9.028637
0.26649454  -0.414574  -8.731536
-0.033532828  -0.18948866  -9.425072
-0.53524303  0.15237798  -10.143206
0.19996443  0.20329995  -11.684971
0.3702293  0.4401103  -14.466662
0.51569355  -0.08852051  -16.056068
-0.043387614  -0.35018724  -15.123751
-0.11191643  -0.31597906  -13.8884735
-0.003052447  0.06555134  -14.073137
0.3588571  0.26119056  -14.522873
0.7116141  -0.22161642  -13.5830145
0.52279365  -0.3816457  -12.607519
-0.3151575  -0.091772385  -11.593219
-1.1763334  0.864368  -10.461033
-1.280387  1.1229855  -11.073112
1.1881871  0.053110465  -13.114053
1.8641973  -0.6538052  -12.985455
0.63594764  -0.1685213  -10.851354
-0.1288683  -0.14642744  -7.7953033
-1.0769717  0.4851723  -6.4844246
-0.5425344  0.25011086  -7.347018
0.41612068  -0.07846958  -8.378208
0.51094985  -0.1731051  -7.984109
0.073891275  0.045809265  -6.7336144
-0.1311911  -0.4102708  -6.4397774
0.034163535  -0.5320675  -7.4973264
0.021024162  -0.14610086  -7.3271446
-0.21972193  -0.058897816  -6.2938895
-0.2155475  0.09476087  -6.6583633
0.13528347  0.12331821  -7.621579
0.7071051  -0.18974048  -7.8680053
0.049983803  0.055170674  -7.572652
-0.64593095  0.21712704  -8.1520605
-0.35103118  0.28813753  -9.214543
0.43376276  -0.05033974  -10.093949
1.1199166  -0.320226  -11.129126
0.33777544  -0.39238715  -12.528908
-1.0180235  -0.12696269  -12.266947
-0.9024241  -0.23125458  -11.629539
-0.022457581  0.021586707  -12.867296
0.5073444  0.098533794  -14.652377
0.7055906  0.2292876  -16.044605
0.71812695  0.078833684  -16.270094
0.116805784  -0.013675138  -15.603529
-0.07153735  -0.112788685  -13.529467
-0.14461349  -0.11696479  -11.684812
-0.16692437  -0.012840365  -10.738679
-0.02416775  -0.016602036  -10.80849
-0.06963061  0.36843747  -11.879534
0.3398901  0.115646236  -11.513371
0.28443864  0.05650723  -10.640655
0.3451325  -0.13473335  -9.773638
0.0025764394  -0.05989589  -9.530625
-0.20830074  0.011419167  -9.238829
0.020338854  0.02370852  -8.346852
-0.066383444  0.07637622  -7.84993
0.0022199159  -0.022489414  -7.6525946
0.049956717  -0.13013929  -7.3510065
-0.09157025  0.003143335  -6.8273606
-0.06153779  -0.011585296  -6.3358183
-0.0018162066  0.024631698  -6.126312
-0.03888146  -0.0812278  -7.080757
0.16747984  0.02490595  -7.6364627
0.15330821  0.12227591  -6.9376698
0.048640106  -0.07123551  -6.5449896
-0.35948637  0.016056359  -7.310752
-0.20392783  0.21430588  -8.572786
0.13292977  -0.06695729  -9.4382715
0.18408132  0.15711452  -10.786534
0.44992423  -0.14640509  -12.889073
-0.07440304  -0.23788948  -14.130247
-0.6666233  0.09269974  -15.135541
-0.23549595  0.15960737  -16.674438
-0.09965987  -0.079386055  -17.454607
0.17496268  -0.080736145  -16.764788
0.1635646  0.012206533  -15.506266
-0.08168391  -0.11725115  -14.0702505
-0.3053328  0.099669844  -11.92132
-0.21559113  0.16862065  -11.188218
0.18651855  0.35090175  -12.62107
0.55471015  0.09969317  -13.015254
0.56226164  0.114714876  -11.013299
0.07947546  0.11166466  -7.9687734
-0.18078165  -0.215333  -6.3675313
-0.47736764  -0.17205076  -7.2830396
-0.049479462  0.066363975  -8.12343
0.38276076  -0.10765393  -8.078898
0.121090285  0.12742057  -7.9084697
0.15216523  -0.018002229  -6.8303967
-0.2654615  -0.20172283  -5.9841094
-0.2455172  0.024986902  -6.141863
0.045341194  -0.05483736  -5.603205
0.030378897  0.013272098  -5.5252705
0.10195922  0.018205162  -7.088903
-0.11994307  0.14771117  -8.5121155
-0.28109708  8.5191487E-4  -9.192798
-0.22288284  -0.09195634  -8.823269
0.2427424  -0.089768946  -8.983766
0.5207729  0.053418886  -11.242605
0.30361626  -0.20344938  -13.30232
-0.025626838  -0.2446984  -13.330287
-0.39667344  -0.08778801  -12.788104
0.0010263333  0.035714947  -13.947533
0.21506543  0.26850396  -15.312011
0.22905  -0.00451248  -15.578745
0.26721653  -0.10959204  -14.341643
0.37992913  -0.0047406466  -12.813606
0.16015746  -0.15318555  -10.923541
-0.5553518  0.059826165  -9.519688
-0.17877026  0.38932723  -12.561003
0.44904265  0.30331266  -14.725568
0.6004517  0.12893489  -12.814064
0.29563197  -0.037341464  -9.240231
-0.09385303  -0.29865077  -8.270692
-0.76489305  -0.16745044  -8.774098
-0.28836882  -0.065709054  -8.715895
0.06530398  -0.08768861  -7.393815
0.06560622  0.0070885057  -6.2677684
0.1382965  -0.012684056  -5.7699785
-0.067925625  -0.027989509  -6.4028163
0.16302487  0.13678318  -7.1054044
0.19726796  0.25449067  -7.1396255
0.038952548  -0.021077178  -6.9531927
0.22641826  -0.13199906  -6.5887737
-0.28738856  0.04982493  -7.3040786
-0.20701373  -0.046124086  -8.086107
0.09385167  0.020623077  -8.891688
-0.34269723  0.21966922  -10.274654
0.2114708  -0.06459554  -11.470641
0.43408024  0.112634175  -12.690094
-0.02851453  0.06481192  -13.777528
-0.15008314  0.15553994  -13.610398
0.08532614  -0.28623822  -13.234428
-0.30076438  -0.059722006  -13.746161
-0.07154809  -0.020642757  -14.407286
0.101419896  0.47497886  -13.675742
-0.15574566  0.19613916  -11.74385
-0.7911307  0.08751856  -10.131648
-0.67414224  0.03780338  -10.401016
0.20739204  0.2668306  -12.535357
0.9825649  0.2835502  -13.981551
1.0952357  0.118128195  -13.669648
0.65580595  0.17719035  -11.211165
0.027586503  -0.26216024  -8.996691
-0.48562285  -0.24371718  -8.180734
-0.50500125  -0.18718785  -8.254353
-0.22897649  -0.047050778  -8.50464
-0.12447717  0.10718353  -8.1621895
0.1843416  -0.12203515  -7.9001527
0.5255847  -0.09241207  -7.5576854
0.42764226  -0.033398096  -7.5070333
-0.28134474  -0.08024668  -7.0619383
-0.32893822  -0.18969232  -6.861204
-0.06257948  -0.069401816  -7.216003
-0.11047028  0.17557858  -7.782253
0.12003149  0.12635475  -8.674802
0.06806342  -0.05167719  -9.918142
-0.06619405  -0.05419058  -9.964245
-0.35816544  -0.046600826  -9.8209505
-0.3060942  -0.022424316  -10.43353
0.47243774  0.15120658  -11.997159
0.3860879  0.022445433  -12.271876
-0.022130303  -0.08994195  -12.352473
-0.036975406  -0.05798346  -12.983073
0.064025775  0.022864949  -13.795547
0.033799097  0.060301267  -12.644195
0.019382853  -0.141806  -11.821967
0.007145686  0.074711494  -12.276141
0.010524972  0.13995855  -12.115389
-0.2149161  0.1745468  -13.190606
0.025808353  0.31382677  -14.727338
0.15538228  0.28187808  -15.274619
0.42060632  -0.086695656  -14.308113
0.31684986  -0.040616978  -11.760916
-0.06379215  -0.2032663  -9.446858
-0.12183527  -0.15246187  -8.449921
-0.2008514  -0.124868445  -8.3917885
-0.0032159213  0.012190855  -7.646321
0.10165175  -0.04928109  -5.8238726
0.091216825  -0.007328671  -5.2810006
-0.019537656  0.03158768  -5.3302126
0.108169764  0.039804935  -5.993104
0.0442875  0.023309648  -6.6562233
0.36372823  0.027507396  -6.106661
-0.12816823  -0.072022386  -6.3498635
-0.41283295  0.1451567  -6.514483
-0.09366602  -0.013946342  -6.6444416
-0.116430044  0.08299898  -7.304667
0.11769853  -0.091798946  -8.646001
-0.2674948  0.12135018  -10.896308
-0.074062444  -0.17090441  -12.925127
0.11650509  -0.07284616  -13.802738
0.3704986  0.094946265  -12.938971
-0.032908365  -0.04402275  -14.220583
-0.30243635  0.09812219  -15.688844
-0.36587617  0.08189925  -16.181318
-0.004271979  0.11497206  -16.50679
0.4323409  -0.021649016  -15.117421
0.09812764  -0.026543638  -13.535861
-0.8632707  0.20248456  -11.791809
-0.2895543  0.06153109  -11.935095
0.10717368  0.18546012  -13.688946
0.52479225  0.13101666  -13.214956
0.3441519  0.17451027  -11.200295
0.07663828  -0.020523338  -8.795545
-0.28373843  -0.1250201  -7.721056
-0.27201533  0.02168903  -7.8621445
-0.10777572  0.03567851  -7.7376227
0.14692901  -0.1227344  -7.1649384
0.15407647  -0.020802412  -6.05331
0.060706887  -0.14960043  -5.4938564
-0.11180297  -0.12768915  -5.4831676
-0.1761304  -0.0666365  -5.3728952
-0.22074153  -0.13535698  -5.5620127
0.1789595  0.14199498  -6.0154195
0.30938208  0.33449543  -7.085687
0.040334195  0.16314022  -8.505497
-0.2836949  0.1337016  -9.399319
-0.22527035  0.040456425  -9.899606
0.24676085  -0.1324588  -11.512232
0.46555606  0.033364158  -12.759639
0.15298761  -0.060006086  -13.496286
-0.39885756  -0.055426612  -13.761307
-0.16012973  -0.2175246  -14.31571
0.30841357  -0.055434864  -15.504018
0.46968848  0.06801443  -14.866138
0.2898293  -0.20741855  -12.557403
-0.14071062  -0.11613592  -11.034156
-0.4705865  0.42461067  -10.207042
-0.23013173  0.39680406  -12.672052
0.25183043  0.22122426  -15.136228
0.7224083  -0.11068157  -15.055574
0.22935979  -0.08535502  -11.222597
-0.11632627  -0.2549663  -8.032308
-0.4073339  -0.21055983  -6.7601132
-0.17799136  0.09644584  -7.381913
0.07552693  0.04556404  -7.9234405
0.35531455  -0.047004502  -7.8022895
0.79918057  0.06895152  -7.233429
-0.12782282  -0.12503321  -6.6028323
0.09837942  0.04354112  -6.444728
0.4876077  0.19796723  -6.5703115
0.25443006  0.22232145  -7.139617
0.052335244  0.12799793  -7.783553
-0.44301185  -0.25450936  -8.3086195
-0.49767575  -0.19661705  -8.396853
-0.5469318  -0.009510125  -8.592799
-0.04844542  -0.24131937  -9.180695
0.5305865  0.18591821  -10.217547
0.33466884  0.05952257  -12.136434
-0.21697691  -0.15073147  -13.772283
-0.39562252  -0.16709785  -13.36928
-0.26030448  -0.122864105  -13.136245
0.35466233  0.08955959  -14.521807
0.17031488  0.40923524  -16.185953
0.22617577  0.11965327  -16.23133
0.22646719  -0.20214699  -13.7011795
-0.8494559  -0.17902578  -11.007301
-0.75974894  -0.029469468  -10.174142
0.7188968  0.28717035  -12.141312
1.0320545  0.25388762  -14.528381
0.85217255  0.24377754  -13.565681
-0.020197479  0.009518342  -9.579838
-0.3150383  -0.13572511  -6.854374
-0.20143606  -0.07888617  -7.472173
0.24689159  -0.021525022  -9.928673
0.26033148  -0.118173964  -10.407893
0.20911202  -0.019312123  -9.016041
-0.006372167  -0.10948814  -7.083696
-0.22413549  -0.3123543  -5.7144513
-0.14983623  -0.17758565  -5.416892
0.026855776  -0.07065561  -5.0935636
0.0879613  0.058336556  -5.6603823
-0.013724898  0.061970223  -5.9871774
-0.08284628  -0.1171094  -6.639279
-0.3407283  0.15117802  -7.9603796
-0.049018566  0.2671115  -8.961214
-0.01580275  0.24677989  -9.6019535
0.12685297  -0.15135606  -11.777434
0.27093792  0.076345265  -14.275795
0.3218349  0.14923787  -14.935687
-0.043252204  -0.040831234  -14.230813
0.04308058  -0.12176976  -13.857456
0.044861604  -0.17512245  -14.241795
0.16875783  -0.1270139  -13.49534
0.024233205  -0.20450322  -11.982307
-0.26407847  -0.09446754  -10.666723
-0.9558674  0.49449247  -10.90486
0.1735889  0.28956822  -14.687445
1.0203577  0.24612314  -17.217352
1.2230006  0.24434751  -14.849685
0.37052235  0.04497905  -10.446543
-0.19651324  -0.23809485  -7.5187526
-0.47485268  -0.1800498  -7.93644
-0.11049022  0.07550428  -8.911178
0.086508736  -0.14357063  -7.7991962
0.09894746  -0.032624207  -6.2487864
-0.12551521  -0.034601636  -5.13374
-0.096977696  0.02429651  -5.007537
0.035778772  -0.019364962  -5.7336707
0.15368228  -0.052987803  -5.680898
0.07181977  0.05579222  -6.049927
-0.29914194  -0.012772515  -7.2045865
-0.7921041  -0.3460601  -7.541158
-0.37875345  0.05493361  -7.014711
0.04514006  0.17298876  -7.6298523
-0.0949672  0.040054835  -9.165715
0.5124893  0.14096735  -10.609316
0.4227077  0.35868865  -12.029071
0.07143625  0.15592752  -12.682184
-0.20561436  -0.03830971  -12.219144
-0.45781022  -0.08060398  -12.629517
-0.5403811  0.09324434  -14.016058
0.109715626  0.07829624  -16.269905
0.36818928  0.36293754  -16.10678
-0.012370727  -0.07019265  -14.135523
-0.6963838  -0.51987535  -13.021149
-0.9423082  0.29891285  -13.255837
0.47619992  0.38043576  -15.263119
1.2258085  0.719013  -16.282013
0.8310386  0.6594345  -14.3216305
-0.9068659  0.31125206  -10.753429
-0.7533219  -0.097230606  -8.3933735
0.9690933  -0.36852825  -9.761608
0.18163805  0.11761343  -11.12857
0.19095802  -0.09423674  -10.495172
-0.17499553  0.114059255  -8.0256815
-0.13517517  -0.11591971  -5.7624655
0.13850652  -0.099850595  -4.328838
0.08972383  -0.31293005  -4.082273
-0.33772308  -0.39921582  -4.256441
-0.28398365  -0.1352117  -5.3720613
-0.19810809  0.069541104  -5.9981594
-0.109663084  -0.029932618  -5.4183335
0.53099996  -0.056578673  -6.070145
0.0083388  0.30291942  -7.6979413
-0.37193963  0.4347184  -9.067842
-0.2882915  0.21207464  -9.753529
0.12850137  0.11481787  -10.462562
0.41306433  -0.11519351  -10.537138
0.5406405  0.0476399  -11.456347
0.39466456  -0.33329833  -11.422332
0.05364518  -0.15355787  -11.242698
-0.077135034  0.06526729  -11.669321
-0.1576616  -0.021150507  -12.245116
0.13868563  -0.10091079  -13.608091
0.016392216  0.15153027  -15.502629
-0.10322406  0.111516856  -15.345533
0.22399075  -0.10880835  -13.1093645
-0.00820264  -0.10716413  -12.142829
0.084061645  0.47133535  -12.961901
-0.15452343  0.37306327  -14.756079
-0.3595897  0.399247  -14.847909
0.18107794  0.12868696  -13.5013075
0.42268002  0.055794522  -11.261937
0.12405208  -0.29234734  -9.369051
0.05199776  -0.23743787  -8.451528
-0.23595284  -0.09575605  -9.080269
-0.24540013  0.13410208  -9.510523
-0.02954346  -0.007365639  -8.588951
0.047418762  -0.07058513  -7.5249076
0.23896596  -0.084285446  -7.3373466
0.013816378  -0.13760926  -7.105033
0.007798883  0.06831806  -7.6382694
-0.22733162  -0.069216974  -8.584961
-0.3617779  0.22547789  -8.478582
0.03199653  -0.29150006  -7.126672
0.11003166  -0.07663362  -7.3703604
0.069311574  0.10891406  -8.867975
0.060456015  -0.050529495  -9.167213
-0.16061528  0.033848807  -9.467837
0.1887866  0.0032537633  -10.00144
0.19751152  0.05957605  -10.434329
0.04249345  -0.010581249  -10.304137
-0.09540161  -0.07183304  -10.2091
-0.061176423  0.045023352  -10.201078
-0.026824823  0.073825724  -10.38406
-0.084830455  -0.033998385  -10.282106
0.00824054  -0.1700976  -9.970192
-0.04918922  -0.09453248  -9.612618
-0.08463271  0.007413584  -9.591377
-0.1420837  0.061782055  -9.934611
0.23328884  -0.06593367  -10.268361
0.13868561  -0.006349352  -10.061119
0.095055856  0.027559219  -10.087807
-0.14171122  0.091513894  -10.315329
0.11180031  -0.024058277  -10.563878
-0.0196968  -0.008887095  -10.599259
-0.038565  -0.08677368  -10.275862
-0.008398313  -0.13287342  -9.592827
0.14338759  -0.02362454  -9.116374
0.050051663  0.062005915  -9.93833
-0.17752305  -0.06026471  -10.339659
-0.12777974  -0.05203153  -10.168065
0.11752514  -0.060938608  -9.7831545
0.07926762  0.051933315  -10.290704
0.11008553  0.09699196  -10.594073
-0.14823498  -0.049921043  -10.112853
-0.18315704  -0.10114828  -9.947277
0.05269679  0.123714894  -10.850094
-0.23044777  0.005380624  -11.019458
0.16273229  0.03705515  -10.539377
0.26696172  -0.0860171  -9.693958
-0.10151654  -0.012652211  -10.097336
-0.21655384  0.07896359  -10.020158
-0.2594071  -0.16108964  -9.5252075
0.38428462  0.04422872  -9.336346
0.096682616  0.1084018  -9.880303
0.0072817164  0.013123717  -10.400342
-0.46585497  0.00148778  -10.274954
-0.32324654  0.2399195  -10.494603
0.38904363  -0.13254732  -11.192998
0.29419857  0.05001821  -11.01974
0.22638038  0.07453539  -10.0652275
-0.0862888  0.024693245  -9.74613
-0.12102996  -0.04190067  -10.940201
-0.2876256  -0.13324293  -10.497762
0.26712552  0.022885097  -9.969155
1.3026267  -0.061008666  -10.163135
0.24341848  -0.04614085  -10.605374
-0.5168485  0.03464492  -10.036737
-0.64393  0.07055429  -10.171664
0.057110414  -0.46393278  -9.403764
0.6901184  -0.18999723  -8.589433
0.7579279  0.31268448  -9.142253
-0.46384498  -0.21304958  -10.273519
-0.7808948  0.0659812  -10.746363
-0.372609  0.16016446  -10.984745
0.37486175  -0.1506216  -10.335977
0.08234927  -0.10706996  -9.133321
-0.032501046  0.20681067  -10.111898
0.41266093  0.20712292  -10.758302
-0.5225128  -0.0824917  -10.620832
-0.20868878  -0.09464315  -10.209811
0.36262226  -0.136979  -10.925857
0.45220453  -0.06074089  -10.695871
-0.6145795  0.056301277  -9.184926
-0.47970927  0.1005434  -8.934341
0.3144742  -0.07139967  -10.22077
0.6266773  -0.07843146  -11.394744
0.36438963  0.17563222  -10.362059
-0.5512504  0.08011569  -9.358951
-1.0240064  0.1557563  -10.006431
-0.06528879  0.010018244  -11.093658
1.6167086  -0.23652104  -11.637329
0.52570164  -0.14917925  -11.367926
-0.70707744  0.103233226  -9.769972
-0.43981758  -0.034737054  -9.055031
0.09301213  -0.12185413  -9.591616
0.41866273  0.009689448  -10.751139
0.45982164  -0.13060014  -11.219563
-0.14734928  -0.029866638  -10.218634
-0.40912324  0.18623579  -8.712858
0.12909786  -0.18540308  -9.741516
-0.13156883  0.1730599  -10.439277
0.34260046  0.024361392  -10.246827
-0.4145257  0.095429875  -9.2275095
0.14324297  -0.06989243  -9.887039
0.39098138  0.07940486  -10.594006
-0.13736127  0.06294216  -10.842847
-0.5198362  0.11056586  -10.603571
-0.27392736  -0.058505453  -10.103437
0.23393701  -0.10832289  -9.898625
0.48193306  -0.08371335  -10.525425
0.12143832  0.04521764  -10.6885395
-0.57140887  0.14876442  -10.552879
-0.6962995  0.016938701  -9.645912
0.38857108  -0.27146992  -9.516511
0.7224203  -0.06575311  -9.807157
0.37444013  -0.14128445  -11.014575
-0.78045344  0.34376734  -10.453872
-0.5922528  0.14732416  -9.555208
0.024287686  -0.059106324  -9.888349
1.405152  -0.46957475  -10.901814
0.3664428  0.20975848  -11.250788
-0.51165885  0.17576118  -10.381701
0.057765886  0.009343496  -9.968242
0.1778239  -0.062175747  -9.975524
-0.05147516  -0.0037721852  -10.308196
-0.08317481  0.0752505  -10.362408
-0.54193115  0.17737791  -9.98145
-0.080586076  0.16406609  -10.096055
0.73254114  -0.32688475  -10.605041
0.106155075  -0.07931333  -10.435779
-0.6427621  0.20998827  -9.812133
-0.29446018  0.03394788  -9.920818
-0.105745375  -0.01705597  -9.744663
0.67201424  -0.13360764  -9.807691
0.6129719  -0.19793558  -11.074138
-0.41784787  0.08547978  -10.135358
-0.10194085  -0.01552578  -9.50859
0.16625726  -0.04084063  -9.756361
0.3523062  0.007849852  -10.339967
-0.18807718  0.077351704  -10.552875
-0.44771963  0.12663257  -10.055614
0.08048678  -0.079392985  -10.141451
0.41988823  -0.21508285  -10.555161
0.27592763  -0.123119794  -10.896117
-0.72713614  0.2619582  -10.671835
-0.55878043  0.13335222  -9.813478
0.58783257  -0.26019356  -9.888632
0.34060672  -0.105231695  -10.539818
0.024198126  0.018593865  -10.7219095
-0.20110714  0.20957229  -10.75754
-0.42993915  0.19086832  -9.839784
0.15146038  -0.112130456  -10.108954
0.42532048  -0.1079994  -10.402806
0.12348862  -0.028337542  -10.430208
0.10167165  0.15888788  -10.575645
-0.12977698  0.044122644  -10.101355
-0.5518521  0.13913034  -9.60927
0.44591406  -0.069987595  -9.961099
0.373763  -0.15012695  -10.227708
-0.31333444  0.14461511  -10.160123
-0.17622314  0.07503072  -10.01003
-0.10913126  -0.013367714  -10.03961
0.041755755  -0.02218867  -10.057363
0.22326584  -0.12553453  -10.559844
-0.03883703  0.04766605  -10.748815
-0.3221459  0.06870603  -10.218343
-0.15272662  0.034456197  -9.76348
0.13218397  -0.069490835  -9.408166
0.32425854  -0.042673886  -10.062998
0.039046895  -0.030966228  -10.506077
-0.26660758  0.009530952  -9.766889
-0.24530335  0.10528159  -9.665534
0.27403197  -0.12634726  -10.069077
0.16740894  -0.03830578  -10.520876
0.17242539  -0.08696261  -11.417616
-0.25965044  0.18965824  -10.643353
-0.27409777  0.061772346  -9.494576
0.08706819  -0.05000339  -9.673055
0.25794536  -0.09637428  -10.627615
0.1722528  -0.024680752  -11.149459
-0.064277224  0.08543571  -10.580415
-0.320371  0.1388035  -9.544927
0.15232645  -0.054565966  -9.625318
0.13372104  -0.026114091  -9.808386
-0.09487989  -0.035116576  -9.767497
0.028087318  0.0039610495  -9.931564
0.10349367  -0.054378483  -10.164465
-0.20845085  0.05603209  -10.592062
-0.10260943  -0.02461309  -10.440428
0.17340094  -0.04161734  -10.123526
0.06387048  -0.03427047  -10.967816
-0.06134456  0.04524703  -11.054048
