0.6419452  2.5906508  -10.247
-0.48183125  -0.24877441  -11.445827
-0.4130883  -0.095217556  -11.5172205
-0.24360032  0.15830863  -10.691771
0.040976807  0.10639226  -10.684943
-0.067924  0.04095611  -10.318235
0.13641185  0.012213389  -9.427044
0.0659321  0.14374971  -9.262305
0.1825774  0.15779151  -9.0316105
0.23855424  -0.17459948  -9.934702
0.11496911  -0.0949563  -10.519885
-0.23723526  0.16311058  -9.99712
-0.16323778  0.15488313  -9.230605
0.0072392686  -0.047727544  -9.408042
0.20341453  -0.19290522  -10.358744
0.03783035  -0.14892033  -11.256492
0.015403211  0.045944933  -10.968441
-0.021726172  0.06879121  -10.449527
0.21399698  0.20470397  -10.021969
0.36825827  -0.06208045  -10.055443
0.051130477  0.12541924  -9.819522
-0.06263243  0.07954374  -9.362502
-0.28656733  -0.124057196  -9.717695
-0.18257995  -0.19889958  -10.346179
-0.17645374  -0.24974087  -10.933131
-0.035512455  -0.007761836  -10.824629
-0.18633744  -0.036612406  -10.445171
-0.4652101  0.24151094  -10.067252
0.012930841  0.36530626  -9.719186
0.18970764  0.037727732  -10.390008
0.23949213  -0.44770202  -11.021647
0.20980696  -0.34190035  -10.772254
0.00354492  -0.1745716  -11.189356
-0.34239945  -0.04290881  -10.449553
-0.048313957  0.074809216  -9.845173
0.034953848  0.05069015  -9.522765
0.005129756  0.21129625  -10.0146055
0.011131624  -0.0015813746  -10.279891
-0.10068291  0.024041103  -10.33393
-0.22825032  -0.09907723  -10.825217
-0.004179325  -0.12929133  -10.857039
0.09826822  0.014476504  -10.1856365
-0.18700582  -0.22626416  -10.439605
-0.29722473  0.096419856  -11.333458
-0.19745657  0.08084804  -11.9191265
0.32050434  -0.6281498  -13.123287
-0.0039841705  -0.2635186  -15.120042
-0.4897921  0.200048  -15.922343
-0.3558297  0.13754243  -13.644412
0.12108861  0.23973782  -10.502926
0.52540714  -0.014966154  -9.61349
0.13949524  -0.122599564  -10.810194
-0.07478661  -0.2065081  -11.568266
-0.15939753  -0.12763709  -11.2726145
-0.014361363  0.07618779  -9.704773
0.047895733  0.16426486  -8.440306
-0.14155278  0.15942833  -7.3531876
0.16781417  0.16186792  -6.1121516
0.28376058  0.057028588  -5.2814856
-0.09984035  3.4920228E-4  -5.555499
-0.35219157  0.2460958  -6.3331656
-0.083071426  0.26081458  -6.97909
0.16723047  0.14473194  -6.3987513
0.059365295  -0.14009328  -5.8091316
-0.07963336  -0.16459495  -6.596614
0.048456505  -0.38476476  -9.650444
-0.06769586  -0.18946569  -13.760042
0.028921278  -0.28431594  -15.381971
-0.029139247  -0.2607163  -15.046709
-0.16553417  -0.11882252  -16.287956
-0.46980736  0.39536628  -17.054256
0.25404534  -0.18968251  -15.300867
0.7806871  -0.34164694  -14.24699
-0.008999872  -0.11529066  -15.19459
-0.74895436  0.057947975  -15.7661
-0.30263534  -0.08084104  -13.991741
-0.030494459  0.033381794  -10.942501
0.19740628  -0.06794168  -8.913975
0.15155427  -0.123231396  -7.801424
-0.07304137  -0.07766788  -7.7383084
-0.018475587  0.13291168  -7.5260935
0.07433638  0.03782219  -6.919913
0.39026457  0.21187618  -6.3606057
0.08342086  0.13676536  -6.025279
-0.31661496  0.14149451  -4.673487
-0.3143664  0.22311784  -4.114392
-0.008108906  -0.005860557  -4.6679745
0.1067159  -0.21480204  -6.3294425
0.43858635  -0.30588976  -7.8072844
0.29047525  -0.2503418  -8.770232
-0.40928686  0.021612007  -9.979102
-0.46552572  0.13573803  -11.685725
-0.15532082  0.16046232  -12.765963
-0.15826035  0.2890988  -12.462697
0.2355512  -0.0314225  -12.229116
0.42936987  -0.17939156  -11.799373
0.23796274  -0.28343546  -12.420821
0.009335029  -0.23483059  -13.904548
-0.3451578  0.23346826  -14.182908
-0.16161828  -0.2263012  -12.726536
-0.11122963  -0.7194629  -14.043539
-0.32420576  -0.17095757  -16.42909
-1.6201429  -0.2082714  -16.18848
-0.8339418  0.142569  -13.204062
0.16899833  0.41834068  -9.930593
0.5707801  0.14496733  -8.707604
0.33326843  -0.1981618  -9.488825
-0.02678451  -0.017343871  -10.077351
0.14682914  -0.086997874  -9.784668
0.057263944  0.055192553  -8.952543
8.414199E-4  0.16887869  -8.070089
-0.0025590905  0.24471435  -7.3649263
0.025274659  0.13068093  -6.753138
-0.10312451  0.07873172  -6.4465313
0.015492554  0.19025454  -6.0840797
0.28438482  0.109688036  -6.462764
0.14018513  0.022844221  -7.286231
0.120352775  -0.042316638  -8.2994585
-0.029951885  -0.17784666  -9.051383
0.039085653  0.04102765  -8.94218
-0.48283964  0.13875875  -9.798388
-0.39438477  -0.2429711  -11.115633
0.28662062  -0.28880385  -11.750765
0.12842116  -0.41021064  -12.054612
-0.009208278  -0.12635958  -13.573236
-1.1964958  0.38569266  -14.682453
-0.045438886  -0.3372128  -13.932112
1.3620095  -0.92960954  -14.376278
0.30282128  -0.53327924  -15.914224
-0.7994111  -0.20624344  -15.680696
-0.8054293  0.24522658  -13.213632
-0.12685092  0.19802947  -10.811263
0.8675712  -0.20297463  -9.869337
1.0148817  -0.25652707  -10.8694
-0.28562066  -0.0053710626  -11.478505
-0.862347  0.4601739  -10.693243
-0.26240507  0.41400865  -9.480698
0.19222553  0.17341481  -7.8847413
0.32308668  -0.023927951  -6.2718287
0.08820537  0.21244377  -5.0694723
-0.12888665  0.25009447  -3.9353857
-0.1338533  0.19585052  -3.9119105
0.027013026  -0.07753539  -4.832117
-0.1457333  -0.010108445  -6.1436048
-0.37591788  0.07276309  -7.272821
-0.94250566  0.09488812  -8.3041315
0.47083434  -0.10044636  -8.962829
0.894865  -0.18385242  -10.100975
0.050945845  -0.25725028  -11.154421
-0.38211593  0.064270735  -12.293932
-0.16505277  0.17037554  -13.530679
-0.07085317  -0.2689538  -14.997567
-0.090610646  0.003628146  -16.077032
-0.054625418  0.10526495  -15.794385
0.12136397  -0.32573563  -15.210575
-0.13779955  -0.25767082  -16.548113
-0.35839194  -0.18076295  -17.23924
-0.5886886  0.18406263  -15.240268
0.11329985  0.20344956  -12.054726
0.3952017  0.10579441  -9.524265
0.20632917  -0.075674765  -9.090441
-0.057210296  -0.26719797  -9.730075
-0.14562193  -0.049478333  -9.860203
-0.102906115  0.15552156  -9.688083
-0.16045342  0.059652764  -9.0540905
0.06481133  0.011379482  -7.615266
0.06751168  -0.06618733  -6.3297343
0.05667763  0.069748536  -5.3358655
0.07460438  0.111915916  -5.2164307
-0.041056897  0.14120385  -5.631541
0.10398616  0.15341468  -5.8613057
0.01832897  0.08179775  -6.070333
-0.12818576  0.04479061  -6.570286
-0.07287142  0.025118764  -6.753455
0.06855668  -0.016255166  -7.2869735
0.14429246  -0.43975893  -8.583774
-0.002531247  -0.11917319  -10.40881
-0.16896658  0.059347417  -13.147435
-0.065288916  -0.264717  -15.316094
-0.24890727  0.07328769  -16.445538
-0.18180758  0.19445616  -16.515585
0.35459423  0.35345218  -14.7683735
0.7533293  -0.37947243  -14.272792
-0.33270496  -0.43013474  -16.339237
-0.9166291  -0.19657545  -17.765919
-0.69188  -0.03560711  -16.12099
0.15327208  0.086209595  -12.3931265
0.5644264  -0.08360419  -9.382913
0.5149025  -0.15015642  -8.159108
0.049275983  -0.019564647  -8.112299
-0.15837057  0.13409574  -8.285954
-0.21514378  0.12882814  -8.30933
-0.04179549  0.24120916  -7.3945775
0.014578463  0.17372383  -5.422914
0.07215287  0.25955284  -3.6695206
-0.02398424  0.06559725  -3.0991056
-0.095716186  0.15241727  -3.2566698
-0.087887816  -0.10197767  -4.110551
-0.0861368  -0.41326818  -5.9099364
0.110035956  -0.25703242  -8.199831
0.22594987  -0.28382492  -10.111424
-0.18760143  0.0779401  -11.155126
-0.5682565  0.15733492  -12.464533
-0.31737754  0.009365432  -13.62799
0.095595844  0.037190128  -14.408234
0.28711173  -0.13976847  -14.044197
0.635707  -0.25255233  -15.045313
-0.26882192  0.0143218525  -14.418867
-0.47955433  0.63690513  -11.799553
0.56203187  -0.40761292  -9.897306
-0.053710505  -0.560343  -12.239275
-0.42242673  -0.43758428  -14.648831
-0.55115116  -0.03400357  -13.800922
-0.6623382  0.062343087  -11.370253
0.38144043  0.4737809  -9.822894
0.98141634  0.042350713  -10.817593
-0.37919095  -0.19118896  -12.80184
-0.73802143  -0.35994768  -12.454946
-0.39170164  -0.207241  -9.815493
0.38605976  0.31224927  -7.9753575
0.12990297  0.5420539  -8.214657
-0.3486617  -0.27192026  -8.728989
-0.016159903  -0.342035  -8.710064
-0.19316658  0.33932292  -8.221264
0.7624218  -0.028572561  -8.125732
0.15353483  0.22042799  -8.964088
0.018399937  -0.19602667  -10.0193
-0.35916618  -0.24717733  -11.058594
-0.5196673  0.37390167  -10.600982
-0.14115852  0.4262601  -9.903855
0.16353217  0.041674547  -9.371843
0.2641934  0.5620067  -9.365254
0.6475037  -0.15284422  -10.642575
0.13157558  -0.49361303  -11.372277
-0.34163257  -0.2771044  -11.654119
-0.5516568  0.18501307  -11.909668
0.116030805  0.51870996  -10.657857
0.6159331  0.4485348  -8.624571
0.010375945  -0.117759325  -9.341545
-0.6132191  -0.98759544  -12.883853
-0.5847183  -0.97324795  -14.675578
-0.09750413  -0.05825282  -12.789378
0.56102586  0.30153316  -9.285429
0.019531809  0.060144007  -9.472215
-0.49566486  -0.19955617  -10.818417
-0.21578595  -0.18159474  -10.872773
-0.38162243  -0.45793852  -10.082687
0.25153667  -0.3260044  -10.495459
-0.20451  0.5662141  -11.485647
0.08635509  -0.6502618  -11.308683
0.33707565  -0.41404396  -10.2036705
0.013121403  -0.07949053  -9.145437
0.02961571  0.22911982  -9.408372
0.1074492  0.113914944  -10.889413
-0.05205856  -0.2519043  -11.840462
-0.3567006  -0.038902104  -11.25706
-0.17434384  0.09962095  -11.07666
-0.20494603  0.14037098  -10.892632
0.043819092  0.21945582  -11.43421
0.05500856  0.06918632  -11.274658
0.045611024  0.14160046  -10.460499
-0.0105610695  0.19558087  -10.11452
-0.006709974  0.066279896  -10.408789
0.116727926  -0.100612655  -10.889809
0.09899995  0.18968599  -10.6986685
0.14691144  0.23427185  -10.011949
0.09050691  -0.07924532  -9.677783
-0.083867714  -0.13658617  -10.019292
-0.011795038  0.10760187  -10.369201
0.009975208  -0.017544005  -10.587829
-0.16489558  -0.19475135  -10.841749
-0.3111126  0.019447604  -10.632408
0.24793327  0.026410664  -10.4410925
0.44882277  -0.10454111  -10.325979
0.07970062  -0.13945743  -9.549059
-0.22413531  -0.1158213  -9.017354
-0.15081076  0.19423431  -9.636684
-0.21616857  0.045074746  -10.621466
0.17307334  0.2224938  -11.255219
5.5373466E-4  0.033749316  -11.728668
-0.49386325  -0.19678536  -10.760052
0.22584178  -0.4665625  -9.98883
0.090425156  -0.053341046  -9.610167
0.08217348  0.42094374  -10.401066
-0.2113406  0.07533457  -11.364085
-0.5298224  0.13337646  -11.592664
0.16443591  -0.15107977  -10.960262
0.3226394  -0.039372455  -10.498008
0.051687405  0.02441315  -11.283064
-0.22439805  -0.17290443  -12.0836315
-0.3147156  0.20832749  -12.005082
0.082299836  -0.11802243  -10.955263
0.1926237  -0.30748168  -9.673013
-0.029543852  -0.18390127  -8.681392
0.117135346  0.31098694  -8.594086
0.080658115  0.094882615  -10.875283
0.05161662  -0.09269317  -13.918586
-0.42389488  0.1317107  -12.784137
-0.3035121  -0.108158335  -10.768387
0.2839327  -0.016881522  -9.873508
0.237872  -0.47126988  -10.2667675
-0.5487999  -0.15830556  -10.951155
-0.41652378  0.24625412  -10.778367
0.45544502  -0.15322089  -10.19364
0.23360454  -0.047540236  -9.164547
-0.095964946  -0.26833424  -8.603051
-0.0018207647  0.021641897  -8.307859
0.34979495  -0.07143625  -7.793089
0.124291494  -0.36335027  -6.384478
-0.44639078  0.22241566  -5.4924235
0.70283514  1.3013436  -7.8654203
-0.61577106  1.5481802  -13.933758
-0.3277149  0.59587014  -16.47533
0.51218945  -0.25338525  -15.191557
0.06892257  -0.64999217  -13.734556
-0.5095746  -0.013020529  -13.80661
-0.3379452  -0.0039704978  -13.798141
-0.116157696  -0.029316384  -13.792463
0.23879579  0.016706845  -12.254168
0.11738448  -0.35989  -11.044264
0.08134158  -0.020907009  -10.015164
-0.2891189  -0.16766496  -9.053521
-0.29569802  -0.030138029  -7.674123
-0.056566563  -0.14702027  -6.48768
0.27964583  -0.18216924  -5.769011
0.15064673  -0.12332031  -5.6954727
0.11599399  0.011141479  -6.2313423
-0.07017445  0.029698968  -7.0952487
-0.15675381  -0.15714157  -7.2308636
-0.08195351  -0.20009668  -7.116525
-0.096352  0.0062347604  -7.664369
-0.08772414  0.13757625  -8.811825
0.010126991  0.22032988  -10.371855
-0.24433526  0.13908668  -11.595789
-0.23341091  -0.033511393  -12.507811
-0.5233376  -0.06285802  -12.735209
0.07504206  -0.25487232  -12.829586
0.25799966  0.022496562  -13.189484
0.3187782  0.19006823  -13.409912
-0.057798307  0.09583577  -13.852415
-0.32932952  -0.040520694  -13.817033
-0.12396367  0.17902157  -13.77101
0.07410444  0.31742096  -13.901409
0.3670639  0.43915063  -14.789896
0.71991336  0.2725031  -16.21062
0.59059703  -0.11544256  -16.496424
0.05759132  0.1328541  -13.847364
-0.42855576  0.2938835  -10.366502
-0.39154238  0.18348601  -8.10986
-0.15024951  0.10190624  -7.651051
0.14248833  0.057289243  -8.089152
0.17149752  -0.07799996  -8.061267
0.029948695  -0.11912066  -7.2393475
-0.077510625  -0.14360435  -6.1898518
0.0084385155  -0.20349976  -5.3602138
-0.19142425  -0.22853716  -4.9545116
0.090453856  -0.32390293  -4.800499
0.07481537  -0.14781839  -5.444072
-0.047206614  0.0094625335  -6.5182624
-0.16225417  0.31833693  -8.505644
-0.04464565  0.005813599  -8.978584
0.06341256  -0.21365516  -8.734297
0.115206204  -0.0024791514  -9.326061
0.22366737  0.055178933  -9.98201
0.2501709  0.0021276872  -10.7976465
0.15650232  -0.08990585  -11.932631
-0.20774314  0.1224072  -12.403999
-0.13217999  0.045162734  -12.767625
0.19916764  0.009646645  -13.474588
0.43998715  0.005947156  -14.06336
0.0043325257  0.042212345  -14.162533
0.06739871  -0.12920111  -14.74151
-0.25500464  0.1259908  -13.752189
-0.09086408  0.48328942  -13.869628
0.13386935  0.6199552  -15.162232
0.443289  -0.13940902  -15.49188
0.4910963  -0.477716  -12.857854
-0.12786889  -0.113796614  -9.435189
-0.53124374  0.26807135  -7.3730197
-0.057484165  0.3042866  -8.456602
0.45843312  0.5406366  -10.399583
0.67123723  -0.3659948  -10.753218
0.45841008  -0.22561926  -8.919043
-0.33059025  -0.021028256  -7.1428885
-0.6405291  0.111087054  -5.527238
0.04137846  -0.048110504  -4.9459643
0.07413529  -0.2795785  -4.46027
0.16707768  -0.34033564  -4.084063
-0.13567117  -0.16641888  -4.2520123
0.07769822  0.036701243  -5.7755814
0.24574974  0.071723774  -7.026532
0.008021575  0.21212254  -7.884989
-0.0050829584  -0.01666396  -9.713077
0.1073782  0.26440978  -12.512261
0.09428827  0.23286459  -15.893489
-0.21577747  0.38451138  -17.116695
-0.15333347  0.45321423  -16.441822
0.115975596  0.09645082  -16.519999
0.3720426  -0.5266755  -16.613459
-0.25699693  0.017779091  -14.704092
-0.57956654  0.70695066  -13.280597
0.37372813  0.51960665  -13.703918
1.3219657  -0.08232709  -14.27946
0.5863584  -0.06952041  -12.695422
-0.33494717  0.28788063  -9.870026
-0.29476392  0.28849483  -7.831707
0.05790594  0.17563474  -9.470033
0.48092082  -0.6482475  -10.966281
0.28649795  -0.3285359  -11.9756775
-0.06685995  -0.07978002  -9.562129
-0.5352332  0.038026676  -6.477904
-0.4082852  -0.07259791  -5.1874104
0.19422656  -0.25391558  -4.9646688
0.2838677  -0.22309993  -5.093836
-0.02233492  -0.21627267  -5.277855
-0.6044229  -0.38418776  -5.340951
-0.20900886  0.5291859  -6.4810333
-0.50683737  0.45083472  -7.1277914
-0.26392636  0.13188836  -8.370084
0.6871926  0.09362369  -9.330897
0.9575612  0.020758295  -10.858186
0.53582984  0.12850344  -13.1862135
-0.26913247  -0.031298272  -14.579529
-0.73355323  0.08554797  -14.569917
-0.4522071  0.11655357  -15.087016
0.5757739  -0.06768827  -15.884968
0.6819913  -0.897821  -15.529057
-0.39879543  0.6318091  -14.091132
-0.026782716  1.4222677  -14.965441
0.88706905  0.061604068  -16.042362
0.5446032  -0.33624628  -13.856536
-0.09394204  -0.69312304  -9.433668
-0.6580117  -0.27693263  -6.168138
-0.15732051  0.6039588  -7.7515893
0.6507751  0.83053124  -10.658932
0.6792357  -0.22351871  -11.975883
0.24573642  -0.14991395  -10.814078
-0.41996652  -0.087680206  -8.110552
-0.40890434  -0.15458195  -6.8305807
-0.120528415  -0.3344275  -6.786399
0.11014223  -0.18648708  -5.8299775
0.16448894  0.0435484  -5.7920756
-0.04086403  -0.07853014  -6.5777874
-0.16129975  0.02061512  -6.927449
-0.04401853  0.056031473  -7.279658
0.2989356  0.039881945  -7.49253
0.5085419  0.0492932  -7.881385
0.013857972  0.14548889  -8.592051
-0.49763572  0.38699922  -11.113007
-0.304974  0.14795853  -14.8435335
-3.4224158E-4  0.11835165  -15.887292
0.40878266  -0.3468559  -14.993962
0.8912742  -1.327602  -14.056651
-0.90754545  -0.101612784  -13.402232
-0.8768796  0.7983274  -13.516135
0.72859645  1.4311416  -15.245242
1.792337  0.23979683  -15.890936
0.040437665  0.012513049  -14.344177
-0.5986551  -0.57919556  -11.3779545
-1.5701983  0.3067309  -9.308948
-0.74308693  0.5812019  -9.428884
0.40280586  0.214232  -9.431233
0.1678512  0.7675865  -8.371035
0.32175198  -0.87687796  -7.4923754
-0.016748361  -0.3570662  -6.9965267
-0.09578052  -0.23782256  -5.914051
-0.022654383  -0.084104896  -4.6964602
0.17731361  -0.3595205  -4.133332
-0.1209042  -0.07442699  -5.0986104
0.09981581  0.29429013  -6.7584434
0.1344454  0.08593821  -8.221871
-0.47901872  0.33547157  -9.827216
-0.44894156  0.09139661  -10.754457
0.104139246  -0.4046029  -10.592811
0.378996  -0.3933551  -10.723474
0.30823132  0.012255966  -11.918178
0.11817509  0.22747685  -13.4534
-0.39361846  0.26940513  -15.200179
-0.15246783  0.1710419  -15.863771
0.55983824  -0.2423055  -15.105887
0.2401267  -0.6290412  -13.562402
-0.85286903  0.5553144  -13.670801
-0.4157743  1.4329795  -15.50586
0.69916123  0.06517262  -16.010267
0.6450982  -0.16380548  -13.880801
-0.06441272  -0.525598  -10.06309
-0.5679666  -0.48753276  -6.9123535
-0.037131593  0.25041297  -6.936581
0.4764122  0.7484231  -10.352969
0.2806418  0.057009973  -11.791712
0.027461832  -0.020107303  -9.990926
-0.16277611  0.042649187  -8.0908785
-0.073817864  -0.15217565  -6.8861084
-0.15865757  0.20933385  -6.0703807
-0.26285934  -0.011523132  -6.104471
0.26087704  -0.3236132  -6.0987563
-0.17199074  0.28725246  -6.765006
-0.16630071  0.12425452  -7.8224983
-0.0030606536  -0.13603063  -7.6390066
-0.052405924  -0.23542897  -7.8294406
0.04712606  0.10179907  -8.579644
-0.14462145  0.2050898  -9.392573
-0.2283887  0.34272364  -10.646744
0.18020087  0.15064226  -11.461198
0.09938963  0.18514255  -12.755946
-0.25364697  0.25978816  -13.889368
-0.1685312  0.26113763  -14.802194
0.38087097  -0.1403265  -15.140937
-0.12385496  0.024996476  -13.779856
-0.26295525  0.29856357  -13.569176
-0.017900264  0.4540269  -15.238813
0.40775248  -0.23438266  -15.989127
0.4957634  -1.3403803  -14.54049
-0.55380726  0.81072694  -10.408964
-0.36201447  0.38256475  -7.650529
-0.13606419  -0.6477179  -6.3532596
0.281502  -0.21443643  -7.4525623
0.40814605  0.32409352  -7.8146663
0.5512942  0.6797019  -7.6518617
-1.0385779  0.69440866  -7.3792477
0.024993937  -0.903796  -6.721378
-0.039310716  -0.7130316  -5.6096907
0.16485122  0.058463123  -6.5496593
-0.075017154  0.31254753  -7.1251087
-0.16980982  0.13506399  -7.523319
-0.1788737  0.39505628  -8.69527
-0.84524184  0.67890817  -9.638614
0.9664289  -0.556232  -9.714002
0.6507134  -0.20422396  -9.25555
0.35788122  -1.7459794  -10.126129
0.42549193  0.27383196  -11.540658
-0.11662718  -0.101255216  -10.878557
-1.410231  0.39567667  -10.81437
0.21098551  1.1834508  -12.426077
0.9467412  0.11270228  -14.0685625
0.6690656  -0.7473199  -13.873193
-0.19380185  -0.06824779  -13.45507
-0.47509965  0.30186808  -13.691991
-0.2934385  -0.68366534  -13.837662
0.44006732  -0.04008514  -13.132257
0.47013408  1.4185412  -11.907135
-0.8113383  0.90178174  -12.008471
-0.082749434  -1.0339433  -12.633306
0.8231557  -0.04738083  -11.945637
0.06594346  1.1578686  -9.225749
-1.6209741  -0.5520707  -9.070871
0.08946848  0.2512698  -9.258376
0.6533922  1.1846683  -9.391505
1.272496  -0.14433017  -9.064161
0.09279774  -4.540622  -8.302951
-0.49011284  1.8118739  -8.606062
-0.428864  -0.03745093  -8.827183
-0.15468788  0.051606935  -8.988952
-0.3240273  -0.11006102  -8.9065075
-0.07342881  -0.15162708  -8.722685
0.058659833  -0.16529427  -8.95065
0.18039341  -0.09511859  -9.496184
-0.044050895  -0.13356027  -8.9480505
-0.10472946  0.15716355  -8.872013
-0.078452  0.18103155  -9.444174
0.07547267  -0.04074094  -10.987466
0.12146675  -0.043597445  -12.289435
-0.15946169  -0.016033532  -12.14867
-0.23233548  0.3018437  -11.537281
0.041195743  -0.12753597  -10.681675
0.0558891  -0.13907592  -10.36817
-0.08309759  -0.08455325  -10.347552
-0.13526064  0.25617707  -11.003433
0.0055691777  0.10582602  -11.672054
-0.017946495  -0.0073304395  -11.68253
-0.091929086  -0.22345723  -10.623726
-0.07425125  0.16651027  -9.79024
0.24223566  -0.18890236  -10.05923
-0.015413139  0.33580163  -10.589105
0.11408186  0.007447089  -10.76331
0.24098387  -0.014720043  -11.254859
-0.03567201  -0.033175144  -11.156928
0.121671095  -0.5261514  -10.815991
-0.23708658  0.26196182  -10.418607
0.10224889  -0.2607631  -9.5658455
-0.13654333  -0.14581564  -7.70538
-0.03508777  0.1387804  -8.19085
0.032035105  -0.13836583  -9.16159
-0.120837815  0.1958278  -9.727611
0.08501162  0.22186443  -11.707695
-0.038694844  0.19442339  -12.536812
-0.21098603  0.26139998  -11.745606
-0.21801853  0.17314003  -10.063261
0.18156897  -0.07942236  -9.449118
0.028705787  -0.1212694  -10.096212
0.02817148  -0.13379662  -10.266618
-0.04098264  -0.09588422  -10.6819315
-0.30792457  0.334417  -10.479965
-0.20000786  -0.02057774  -9.524266
0.15536945  -0.2059198  -8.831896
-0.0012877607  -0.017353242  -8.54896
-0.08610585  0.5220881  -8.025609
-0.1170853  0.3609226  -8.490284
0.04439024  0.05550873  -9.897539
0.19403057  -0.047565106  -11.027096
0.09264661  -0.13437521  -10.809834
0.16269766  -0.3043722  -11.707445
0.054330647  -0.19005455  -12.509862
-0.16378176  0.0731394  -11.186787
-0.14507358  0.12312205  -9.711694
-0.08098576  -0.16134013  -9.706994
0.05125321  -0.062198006  -10.044216
0.08361485  -0.14381173  -10.697785
0.1502513  0.019269155  -11.230949
0.014656347  -0.179438  -11.126143
-0.11924696  -0.26436052  -10.2579
0.0011406445  0.05056694  -9.690964
-0.26709822  0.3995581  -9.925906
-0.048362307  0.010586178  -10.211046
-0.1044413  0.28133625  -10.501509
0.20657101  -0.37395033  -10.25373
0.22159341  -0.47847483  -10.4074545
0.13925847  -0.25542957  -11.198955
0.24362135  -0.013030952  -11.666866
0.06320373  0.015426447  -12.075255
0.040741697  -0.4101872  -11.437896
-0.1919821  -0.33575696  -10.523657
-0.17116623  0.1652097  -9.668878
0.25121665  0.8903853  -10.463046
