0.99577844  -3.137045  -12.435
0.03088337  -0.55112094  -11.642012
-0.30745754  -1.0060501  -9.699163
-0.62621695  0.94907707  -11.747819
-0.8676711  0.25376886  -10.252191
0.9381511  -0.32246757  -8.422219
0.17270873  -0.19083112  -9.043165
-1.182994  0.9479116  -8.8940525
-1.1505616  2.036422  -9.454353
0.6969397  -2.4705596  -8.649522
0.034032036  -0.19793367  -12.753928
0.17305548  -0.40799963  -14.502016
-0.43988454  0.47127214  -11.740776
-2.13798  1.9329641  -9.3751335
1.8322045  -0.9192738  -7.9957705
1.9742805  -0.47810254  -10.807863
-0.13588458  -2.074991  -10.826868
-4.4080005  2.5971968  -10.915306
1.5681491  -0.62623715  -9.385502
0.7911149  0.25465003  -9.461418
-0.15883625  0.28526682  -10.397044
0.46680376  -0.10278045  -9.904515
0.647173  -0.21272387  -10.674047
0.39078113  -0.6167814  -12.127648
0.018357843  0.39114544  -11.204942
0.12587221  0.28913265  -10.05387
-0.17449455  -0.33228797  -10.685981
-0.03492643  -0.28541604  -10.657593
-0.73042697  0.17991  -9.439753
-0.44327393  -0.17840636  -9.631068
-0.13127941  -0.042998802  -10.630485
-0.2351096  0.14390294  -10.131672
0.18033843  -0.015876157  -9.99113
0.69899744  -0.01729562  -10.025848
0.26697358  0.12062306  -10.712552
-0.17060374  -0.042393673  -10.881427
0.14509086  0.26973507  -10.400876
0.49843895  -0.1092293  -10.640988
-0.08098061  -0.040745873  -10.699886
-0.18602452  -0.053911578  -10.502985
-0.24361487  0.14928716  -10.21506
0.2876965  -0.10158837  -9.906727
-0.08396401  -0.0707082  -9.932484
-0.21464336  0.09390728  -10.32304
0.28994414  -0.20715006  -10.620883
0.17222215  -0.08246529  -10.326613
0.082431294  0.18850575  -9.879709
-0.09027642  0.04562845  -10.491521
0.19440049  -0.07500423  -11.181765
0.33310145  0.08008707  -10.270802
-0.022271087  0.29626605  -9.517692
-0.03040933  -0.17190556  -8.629567
0.011857688  -0.28557563  -10.311486
-0.1117734  0.010762249  -11.752184
-0.14992557  -0.07380585  -10.941534
-0.049402617  0.013225305  -9.865772
0.65086985  -0.0042402293  -9.238509
-0.5092998  0.097241774  -9.577186
-0.56152654  0.23672497  -9.644533
0.40445286  0.019017657  -9.590262
-0.3105719  0.18010099  -9.341262
0.19015972  -0.091717064  -9.842645
0.32262993  -0.27522036  -11.203853
0.10304585  -0.16221838  -11.771249
-0.50641423  -0.034028925  -11.728704
-0.060704112  0.24692127  -11.014806
0.05222008  0.16670693  -10.003376
0.05687512  -0.17385128  -10.267191
-0.26333532  -0.02039295  -10.990193
6.039815E-4  0.033797417  -10.980509
0.21244352  -0.023724977  -10.929274
-0.00991248  -0.10050148  -11.072187
0.25097403  -0.13450097  -10.25492
0.03659111  0.21899179  -9.943365
-0.3876284  0.8299454  -9.932161
-0.24637057  -0.40527704  -10.443891
-0.07773863  0.23557353  -10.367803
-0.11790258  -0.18791635  -9.525613
-0.05008546  0.3600275  -9.441647
-0.45960638  -0.20094536  -10.62148
0.20943165  -0.14639239  -10.039166
-0.01246063  0.21906322  -9.377381
-0.27525187  0.18593192  -8.685563
-2.506242  2.6350007  -8.673487
0.87510484  -2.0483072  -10.070011
-0.09742776  0.7024312  -9.839004
-0.35222524  -0.068388514  -10.777583
-0.048954703  0.35204497  -11.199682
0.5713245  -0.19658107  -11.629859
-0.010078306  -0.24666384  -12.250306
-0.09402944  0.07307086  -12.193644
0.036330383  -0.098309144  -12.511398
0.024021361  -0.003932362  -13.421861
0.059085824  -0.2755916  -13.853871
-0.6692569  0.027866201  -11.3678055
-0.23131087  -0.59561807  -12.439243
-0.2734534  -0.6189089  -14.972532
-0.41762495  -0.3304342  -12.889614
0.16535649  -0.014581805  -9.408181
0.5773693  0.6290375  -7.254377
1.279552  0.3341856  -7.9005737
0.26610726  -0.20322369  -10.88235
-2.2519479  -0.42422605  -13.076139
-3.1912563  -0.41555864  -14.329821
-1.8469017  -0.14982323  -13.270167
-0.7277388  0.0790653  -10.791895
-0.48534966  0.23288013  -8.685462
0.2083074  0.30728763  -6.7349243
0.36087677  0.39163274  -5.4333353
1.0849009  0.12639578  -5.4702406
0.5189193  -0.28617913  -6.9808617
0.025044499  -0.11545494  -7.99646
0.29655063  -0.20107943  -8.009594
-0.46400568  0.5718966  -7.4456663
-0.7738  0.47807527  -8.231541
0.4678062  -0.3464641  -10.3718195
-0.33406278  0.020895397  -12.402852
-0.3442431  0.012420467  -13.341065
0.26392987  0.19019589  -13.969416
1.2798244  -0.46738464  -15.524525
0.649946  -0.44682738  -15.896406
-1.568903  -0.12871976  -12.92944
-4.2115946  0.39514196  -10.386124
-0.6577808  -1.7234311  -12.854786
0.8055417  -1.0338043  -13.398181
-0.04367723  0.6656863  -9.945905
2.5334878  1.148094  -6.7287674
1.8334424  0.22863516  -9.28587
-1.0833596  -1.2251225  -12.805141
-2.3580139  -0.70871764  -14.999478
-1.8814578  -0.12829442  -12.644981
-0.24046291  -0.06846804  -9.279261
0.18941106  0.14164494  -6.6287627
0.3920118  0.14766192  -4.7806444
0.20643362  0.1407169  -4.380089
-0.11396197  0.22660917  -3.5985641
0.04446141  -0.47254804  -4.6425147
-0.61253697  0.25662774  -6.7024684
-0.3737444  0.18031557  -8.323012
-0.17882028  0.24689518  -9.935057
0.6516523  -0.5559885  -12.162649
0.55844176  0.49850962  -13.743908
-0.37625283  -0.07941107  -14.31244
-0.3501585  -0.0056647607  -14.81421
0.3564487  -0.17239358  -15.814119
-0.060465235  -0.24387392  -16.495222
-1.0727094  -0.87419784  -15.279175
-0.20242389  -0.89271045  -16.321432
-0.8340796  -0.656961  -17.210175
-1.088205  -0.7707037  -12.775993
0.80308104  0.1264391  -6.0703325
1.7643894  0.37270576  -4.3988304
-0.60218096  -0.32419756  -8.234045
-1.8720073  -0.21379486  -13.391301
-1.8688022  0.054653328  -17.036783
-1.4459972  -0.07307625  -15.030094
-1.1069493  0.10291674  -10.015414
-0.12752481  0.2772719  -6.368053
0.25569418  0.13679726  -5.961422
0.6316945  -0.047486097  -6.2247386
0.80184823  -0.29983857  -7.480936
0.48970914  0.023516368  -7.1717806
-0.40603635  0.027195102  -7.4427114
-0.40785924  0.09338843  -8.463674
-0.30183133  0.31963208  -8.379793
0.3479844  0.2638226  -8.704314
0.79818594  -0.090339504  -10.404004
0.07030321  -0.39939123  -13.097462
-0.7335532  -0.09924269  -14.607437
-0.3199997  -0.3084894  -14.700397
0.3273777  -0.2564842  -15.035206
1.2959982  -0.17317587  -15.39669
-0.8270718  0.9120701  -9.767526
-1.6559446  -0.7223128  -9.792802
0.099438444  -0.5623516  -15.095628
0.19989093  -0.24941511  -14.410337
1.0128728  0.47690272  -10.572732
2.2330225  0.8931602  -9.822909
1.4321676  0.38208175  -10.022127
-0.06225967  -0.116591126  -10.821847
-2.6691263  -0.21931201  -11.709848
-0.66818285  -0.25597432  -10.222037
-0.017983697  0.23038381  -7.4930296
0.9433813  0.6512462  -5.5703554
1.0285307  0.26340398  -5.0317616
0.20224458  -0.049416926  -4.66264
-0.39661297  -0.32930693  -5.520741
-0.57605416  -0.24749649  -6.363859
-0.2748213  0.047615714  -8.693774
-0.18954447  0.09727116  -11.164667
-0.14916922  0.07985805  -11.971156
0.45013395  0.7521571  -11.104653
0.22824587  0.054641243  -10.618523
0.4399078  -0.77629894  -11.701376
-0.6004583  -0.43027318  -14.016541
-0.9610238  -0.07403548  -16.79408
0.20408323  0.00580046  -17.512028
-0.4651954  -0.59078896  -13.982492
-3.024507  -0.22596279  -12.029302
-0.77529204  -1.4907243  -14.331357
-0.92607546  -0.8451252  -13.930167
0.22031522  0.4303154  -10.949162
3.4100888  1.6060368  -3.7635355
2.5547917  -1.5138565  -9.324283
-3.2544014  -0.2950324  -12.478053
-4.6222296  0.2861205  -13.810969
-2.5505648  -0.39099362  -12.3783865
-1.0892425  -0.07706121  -9.025458
0.03399343  0.65554184  -6.9225664
0.72211283  0.63763374  -5.2753754
1.5792973  0.36367205  -3.3964498
0.42307344  -0.41905466  -4.421511
-1.1075361  -0.6153072  -6.117629
-0.2977599  -0.64865464  -8.9195
-0.66593105  0.07710612  -10.47742
0.12835144  0.265975  -11.388902
0.44882032  0.03442305  -12.058838
0.27534968  -0.07086402  -12.622739
-0.78264105  0.114544414  -12.176977
-0.51037925  0.13315462  -12.728053
0.22697352  -0.16980827  -13.66315
-0.10080535  0.0071464437  -13.72697
-0.7789041  -0.024555823  -11.233155
-0.9326905  -0.7153784  -16.43527
-0.7526094  0.03464443  -20.266005
0.21046767  0.011190373  -17.325043
1.5026089  0.44072047  -9.878503
0.81643814  0.58388495  -5.225518
-0.48689634  -0.28812975  -4.3367405
-1.1649625  -0.26130787  -7.465664
-0.45872772  0.1065368  -11.290609
0.3420339  0.05909156  -11.199777
1.3260416  -0.07163904  -9.459372
0.5975748  0.20702493  -8.500566
-0.101958655  0.1683131  -7.3856244
-0.3595946  0.07186152  -6.5268073
-0.56153905  -0.024300225  -6.3425817
-0.3449669  -0.048800007  -7.52009
-0.19511871  -0.052389614  -8.357566
0.52088934  -0.15253937  -8.956526
0.8068322  0.071362585  -9.494651
0.56909287  0.035898384  -10.636752
-0.06399823  -0.13455819  -12.787493
-0.35248327  0.073197104  -12.657265
-0.89799815  0.086229  -11.801945
-0.37042052  -0.14651783  -12.193806
0.65414685  -0.33439034  -13.508601
0.1511653  -0.26214087  -14.660346
-0.937821  -0.4711518  -12.968806
-0.36605403  -0.13043982  -16.641481
-1.0870457  0.12838474  -18.879774
0.43707466  0.035538793  -13.354991
1.8194256  0.54299545  -5.5576425
0.7412624  0.17562203  -4.754069
-1.3008689  -0.73173195  -6.732873
-1.302546  -0.45088002  -10.291857
-0.65235853  0.01733746  -13.764788
-0.14402488  0.10922514  -12.624981
0.23320338  0.32399392  -9.723732
0.46734604  0.35858297  -7.456086
0.013599516  0.27421477  -5.3682003
-0.096225984  0.022004059  -4.8087206
-0.080462374  -0.27136925  -5.8254733
0.64228606  -0.06064935  -6.801545
0.1524975  0.05761454  -8.501271
-0.04205133  0.1286601  -9.818647
0.3681962  0.2604899  -10.462246
0.22646539  -0.3581558  -11.9911375
0.039116092  0.34295714  -11.833407
-0.6937448  0.16397625  -11.900502
-0.1701938  -0.21470217  -12.654574
0.35318685  -0.25424096  -13.999003
-0.24063124  -0.07336073  -15.817386
0.27108836  -0.29847732  -16.250721
-0.8589428  0.45500937  -11.748296
-2.0713904  -0.28111663  -10.335627
-0.1598685  -0.438656  -16.135128
0.6118906  -0.14268468  -16.865189
2.8789785  -0.070228584  -10.582292
2.6804516  0.9280068  -6.0201955
0.8744383  0.729804  -5.762132
-2.0943165  -0.8772524  -6.88563
-3.0743444  -0.63316965  -9.796657
-0.058087304  0.10099526  -11.186579
2.159988  0.54194576  -9.501943
0.45717174  0.23775  -7.228444
-0.48811507  0.051491484  -6.0986443
-0.5651508  0.032090656  -5.466744
-0.10214707  0.08008565  -5.6948676
0.48943314  -0.0434784  -6.3799977
-0.051933005  -0.40494722  -8.970313
-0.12532133  -0.18942143  -12.112963
0.35031825  0.0025945848  -13.583258
0.89570755  0.045610238  -14.358398
0.063505754  0.49619633  -13.139366
-0.31924376  0.5113038  -11.021334
-0.27598485  0.00725499  -10.744984
-0.28094593  -0.58905596  -12.547358
0.1423505  -0.012494713  -13.849743
0.06507092  -0.03443968  -13.967973
-1.542191  -0.18839645  -12.796128
-0.2815233  -0.75399613  -15.908722
-0.5807567  -0.737984  -19.763992
0.09240111  -0.26575297  -15.235662
1.8182948  0.12581086  -7.1437774
1.567035  0.37343243  -3.6079347
-0.2984011  0.7593797  -4.2658596
-2.8465843  -0.2074559  -8.843149
-1.5490028  -0.151724  -12.444039
-0.26755568  0.4020756  -11.523037
0.14231537  0.61078745  -10.38396
0.18076245  0.3937145  -9.660971
0.3211163  0.71817225  -7.9155254
0.58825666  0.27803707  -5.9916344
0.35310715  -0.007819883  -5.07765
-0.22940667  -0.29832634  -5.4686823
-0.57781756  -0.25927734  -6.20623
0.08561735  -0.23518746  -9.35562
0.39367497  -0.050544906  -11.733374
0.78001064  0.35310295  -13.293022
0.2496289  0.34209585  -14.1281805
0.7802079  0.46267846  -12.481447
-0.19431293  0.4619436  -9.971076
-0.38709226  -0.64956635  -11.702907
-0.1465673  -0.39308712  -13.894251
0.09617092  -0.19810347  -13.012663
-0.5351119  -0.19247806  -10.723017
-2.0880914  -1.0582433  -15.631862
-1.0916078  -0.5216872  -20.683441
0.22504099  0.1102998  -16.306654
1.621316  0.8312987  -8.798598
1.1668842  0.99650156  -4.5732346
-1.1606798  -0.67654735  -4.9483256
-1.0590304  -0.7496757  -9.025638
-0.06529449  -0.16467695  -12.405172
0.50830346  0.18036203  -11.868806
0.66754586  0.29897943  -9.057578
0.2855334  0.22041328  -7.5498815
-0.43934783  0.038510367  -6.639089
-0.58476746  0.07165479  -5.3982754
-0.1717346  -0.17731364  -5.9488006
0.12992954  -0.107341506  -7.1818104
0.33875358  -0.0030048927  -8.688012
0.6877029  0.06483535  -9.698654
0.43002647  0.06129503  -10.929235
0.39291868  0.0074994564  -12.781399
0.16889977  0.060498826  -12.937752
-0.48644015  0.112956814  -11.801388
-0.22892621  -0.25093135  -11.909964
0.32179275  -0.055795677  -13.082261
0.3858211  0.16666125  -13.514431
1.3101048  0.4656244  -12.337158
-1.6416918  -1.0498465  -12.377252
-3.9538312  -1.9161243  -19.265162
-3.2053022  -0.71933365  -19.837563
-1.3168352  -0.65478486  -12.517713
1.3719435  0.036417954  -3.9939482
3.4146578  0.996068  -3.8287807
-1.2853571  -0.7610973  -8.564051
-3.7602684  0.11351167  -10.98664
-3.2754261  0.29517746  -11.515496
-0.78311116  0.60288835  -10.242381
-0.16425748  0.8509258  -7.97302
0.20248537  0.8419396  -6.3890815
0.72706234  -0.023278238  -6.0057945
-0.08903684  -0.49534413  -7.025355
-0.07225086  -0.31503272  -7.792797
-0.104633525  -0.19886892  -8.891771
-0.122904025  6.346946E-4  -9.545511
0.22378938  -0.15033498  -9.564515
0.864073  -0.0067553804  -10.525535
0.6649063  -0.36681795  -11.913369
0.9462568  0.0050873687  -12.12656
0.29815534  -0.10407799  -11.961356
-0.75549304  0.24650033  -11.774265
-0.8094026  0.06945412  -12.396685
0.35397962  -0.4879815  -13.9377985
0.2095435  -0.67128557  -14.6969795
-1.5665361  0.16179703  -11.8697405
-1.3891119  -0.58306193  -15.579421
-0.66878414  -0.016558884  -18.962189
0.46953556  0.13668162  -13.517046
1.5191437  -0.022237979  -8.2981615
0.5374299  0.6729704  -5.6798964
-0.24823044  -0.46171525  -6.567587
-0.9065149  -0.5927864  -10.378168
-0.3895408  -0.08341731  -12.536393
0.32179993  -0.07298444  -12.074338
0.83336705  0.17503467  -9.811391
0.36341926  0.24509473  -7.128712
-0.20824327  0.20952806  -4.834789
-0.50817436  0.039579973  -4.139519
-0.09682222  0.059270933  -4.8001747
0.098866306  0.075355664  -5.3651094
0.3497397  -0.096605465  -7.5208626
0.3525939  0.014540966  -10.366115
0.9125388  -0.0061213598  -12.132531
0.69983506  -0.25819042  -13.134974
-0.534874  0.0930123  -12.582062
-1.0740376  -0.041450918  -13.067022
0.06294995  -0.12366631  -13.975296
0.91638184  -0.09241922  -14.109573
0.35307696  0.06531049  -13.365023
-1.5157521  -0.0054241847  -12.752485
-0.56897396  -1.0947508  -16.881317
-0.6174684  -0.4648743  -19.95851
-0.33286732  -0.19104823  -14.734948
1.41947  -0.05148458  -7.139447
1.9856224  0.16294086  -5.2342362
-0.99962795  -0.20033263  -6.937894
-1.8045199  0.1581418  -10.391514
-0.90478957  0.04784146  -12.332717
-0.018127142  0.16233787  -11.284936
0.29652366  0.1780099  -9.60819
0.27258477  0.29530278  -7.7589936
0.059019838  0.17033333  -6.1588297
0.09638742  0.09127132  -5.3717732
0.21834499  -0.03896491  -5.3652225
0.18406884  -0.22992496  -6.060442
-0.37445036  0.059475236  -7.728091
-0.5317143  0.27527645  -9.010053
0.121523686  0.13812721  -9.302161
0.5349596  0.015144205  -10.245253
0.08339297  -0.050647695  -12.086162
-0.18791777  -0.2402766  -13.873733
-0.11069353  0.08807603  -13.318094
-0.070782624  -0.4264673  -13.19887
0.23025204  -0.17146719  -15.086094
0.69232684  -0.0867953  -15.241957
2.1721523  0.073065825  -12.518426
-2.660207  -0.4937966  -10.25843
-3.771632  -1.1288574  -14.202529
-0.3551996  -0.4780215  -17.51269
0.70472956  0.09298383  -12.065037
2.176838  1.2108618  -6.8135386
1.0709479  0.9005957  -6.280927
-1.0294168  -0.3811972  -8.766295
-1.7006248  -0.5621119  -11.577513
-0.88677627  -0.4812767  -12.732007
-0.17031842  0.018732969  -11.115487
0.003724321  0.26982868  -7.752998
-0.6016309  0.44772166  -4.978169
-0.834009  0.052117657  -4.693545
-0.13723029  -0.25113416  -5.383818
-0.16374229  0.051569045  -5.7987113
0.53410804  0.12267347  -6.8667345
0.9314802  0.13162296  -8.246153
1.3462871  0.19537094  -11.180707
0.4195557  -0.16509537  -11.863792
1.6041421  -0.6370833  -13.122904
0.77368706  -0.53683627  -14.708881
0.45667684  -0.24222744  -14.144622
-0.6614158  0.07795481  -13.576653
0.0010481302  0.13490494  -13.38069
-0.5129496  0.38593072  -12.741253
-1.3876572  -0.777318  -12.065412
-2.8593507  -1.5732999  -14.080459
-1.6902835  -0.63040775  -19.477976
-0.42084742  -0.66207886  -16.213669
1.0210316  0.26533434  -8.546249
1.9207914  1.2932767  -4.444669
-0.23886944  -2.7456682E-4  -7.119309
-1.7206373  -0.21495306  -9.876082
-2.3147905  -0.51653975  -11.9623375
-0.9947263  0.033541802  -11.571319
0.17855561  0.49653  -9.74635
0.22463728  0.26760218  -7.990594
0.40570256  0.4857285  -6.472571
0.5943611  0.40275604  -5.2653036
0.0993421  9.364202E-4  -4.5887227
0.17248833  -0.10243458  -4.9351287
-0.21364275  -0.34966937  -6.841269
-0.30948147  0.015594949  -8.887187
0.38830245  0.0014288935  -10.783601
0.3250249  -0.012621558  -13.448147
0.29474372  0.21440582  -14.554873
-0.47337866  0.16302487  -13.905433
-0.8529622  0.26601428  -12.174729
0.073938414  0.037767157  -11.219495
1.0225931  -0.63279396  -11.733108
0.5237472  -0.21357201  -15.217721
-0.53678674  0.33263734  -12.039588
-1.4968574  -0.60169303  -11.129826
-1.282024  -0.53796667  -16.226898
0.049141914  -0.13946787  -18.713392
0.17735758  0.16338585  -13.309426
0.57982945  0.9824107  -8.0669775
0.50712156  0.4968219  -6.0376563
-0.60717916  -0.81092983  -7.9578815
-0.5037609  -0.32893804  -10.333387
-0.0155478725  -0.11117522  -11.64764
0.2644078  0.08876304  -9.563871
0.31427577  0.25093648  -7.656752
0.12049788  0.20242678  -6.2552104
0.04293498  -0.011859162  -5.259535
-0.31506184  -0.119122595  -5.792811
-0.37325272  0.09665234  -5.5844054
0.0659175  0.012738278  -6.126357
0.19201562  -0.09858704  -8.070803
0.2864785  -0.077005945  -9.281348
0.6033173  0.019263215  -11.959237
0.48338124  -0.097898975  -13.951568
0.05896912  0.05776892  -15.615636
0.32025713  0.2535533  -15.37145
-0.28397375  0.21653172  -12.92402
-0.5828751  -0.060608532  -11.2775
-0.043103617  -0.37067884  -11.980797
0.15255737  0.15204217  -12.852776
-0.5908607  -0.13009506  -11.088183
-0.29498792  -1.3076344  -13.789959
-1.1305485  -0.85610026  -20.189423
-0.2834687  -0.43851402  -19.926508
0.7107771  0.26487714  -11.199781
1.9642361  1.016412  -3.7580914
0.5627463  0.016725015  -4.514078
-1.4068086  -0.23836447  -7.138074
-0.862235  -0.3700111  -11.039813
-0.8053464  -0.15970725  -12.660601
-0.2631007  0.1065411  -11.791596
-0.051442724  0.12807426  -9.775353
-0.2802838  0.07531394  -7.2101502
0.0586797  0.15813136  -5.889167
0.16927677  0.00980009  -7.2931514
1.2926503  -0.18167976  -8.24603
1.1355674  0.12625664  -9.111254
0.18912758  0.57640725  -8.33716
-0.40965095  0.42789087  -7.488744
-0.39507926  -0.20739788  -8.632057
-0.53425235  -0.8969803  -10.773346
-0.7449667  -0.766851  -13.27761
-0.72345483  -0.057278037  -13.5797
1.0922697  0.20773374  -12.216266
1.5922412  0.30742458  -11.358889
0.7047096  -5.8796897E-4  -12.594107
-0.34992486  -0.50639147  -14.034059
0.9855616  0.19668554  -12.935864
1.3514407  0.9931423  -8.279969
-3.9919853  -0.6817949  -6.401389
-2.8631248  -2.845674  -13.714802
0.6640635  -0.4074166  -18.92384
1.3042219  0.83920634  -13.05362
1.379535  1.2939674  -9.780693
-0.3013716  0.037825484  -9.415886
-0.69045687  -0.6152707  -10.935217
-0.61775583  -0.362929  -12.273396
0.22869821  0.21643092  -10.473788
1.1385133  0.60478854  -8.027369
0.19171551  0.47554067  -6.215002
-0.59566545  -0.07113487  -6.4174566
-0.008965178  -0.3229327  -7.433911
0.15116927  -0.034705278  -8.953866
-0.11578138  -0.22312704  -10.252247
-0.114507  0.23817748  -10.902682
0.08765769  -0.037032485  -13.355142
-0.55645245  0.046128847  -12.848753
-0.34513697  0.034766264  -10.456717
0.01954464  0.32613137  -9.47157
-0.13044967  -0.18586229  -8.977492
0.3052803  -0.15723848  -9.592708
0.19547892  -0.06487974  -10.476616
-0.01302428  0.16003408  -11.268941
-0.087564945  0.12983766  -10.41751
-0.23857868  0.11734553  -9.196411
0.034697875  -0.27251047  -10.114229
0.0529448  -0.059344806  -10.027818
-0.037711255  -0.08329208  -10.70041
0.35093048  0.073148996  -11.508119
-0.23529077  0.37784386  -10.711127
-0.4786712  0.3528023  -9.735912
0.14913888  0.40453905  -8.95914
-0.05053775  -0.16521205  -8.017001
0.06276336  -0.2651383  -9.736995
0.2417017  -0.15006886  -10.320055
-0.1494747  0.024710258  -11.7541895
-0.14606173  -0.004584896  -12.754852
-0.34575763  0.23655292  -11.676237
-0.14868629  0.1559377  -10.322495
-0.29330197  0.09922262  -9.677895
0.36992162  0.07323102  -9.45845
-0.25588387  0.010965425  -9.904273
0.36559945  -0.16055115  -10.358732
0.4854187  0.29814637  -9.928856
0.18244335  0.13568363  -10.0984125
-0.11768185  -0.058137458  -10.637884
-0.010382036  -0.09421289  -10.92859
-0.26465294  -0.040925078  -10.702616
0.15874898  0.10674779  -10.705394
0.07593629  0.08163802  -9.986973
6.215377E-4  0.18769644  -10.013127
0.0038561188  -0.10012739  -10.045628
0.011565122  0.033543777  -9.655324
0.047551285  0.12571612  -10.372774
-0.27191252  -0.053423338  -10.52407
-0.24217448  0.06322806  -10.419356
0.15702361  0.1702431  -10.450551
0.061859213  0.025921665  -10.871772
0.080842085  -0.038195424  -10.894094
-0.15199713  0.041189257  -10.266139
-0.13320187  0.050246738  -10.299436
0.018037545  -0.07879178  -10.369465
0.089704156  -0.037025202  -10.006388
0.004451155  0.033458635  -9.959095
-0.0965113  -0.0036327003  -10.095197
-0.036649246  -0.021166865  -10.047801
0.19942878  -0.05945982  -10.203722
0.1675692  -0.006247293  -10.271123
-0.08027844  -0.06963928  -10.382495
-0.01753621  -0.067116715  -10.52006
0.18230125  0.07359413  -11.143915
-0.15175918  -0.16096707  -10.568901
-0.41617554  0.2952128  -9.944364
0.2813545  -0.77670217  -8.793681
0.30783197  0.25099084  -10.44533
0.7020593  -0.052439403  -10.636504
0.010867321  -0.3727257  -11.355676
0.3861065  0.07585768  -11.249879
0.072103  0.28850317  -9.877805
-0.09517408  -0.03784165  -9.559471
-0.114520684  0.007165319  -9.821133
-0.06989181  0.023496082  -10.35481
0.30805355  -0.17503703  -10.575259
0.36242685  -0.025100721  -10.7644825
-0.11640515  0.09921987  -10.766248
-0.1768859  0.03586825  -10.287493
-0.22149532  -0.07707289  -10.830699
0.0079993885  0.027802536  -10.818662
0.018076466  0.22204489  -9.819507
-0.0022214972  0.25738943  -8.971629
0.04086901  -0.056213904  -8.307666
-0.048911568  -0.10621809  -8.641936
-0.15666822  -0.34406522  -10.75884
0.2845179  -0.09962382  -12.127209
-0.1909433  0.12680338  -11.125577
-0.005347206  0.16802825  -10.966142
-0.2770651  0.39060518  -11.154777
0.3883185  -0.077055335  -9.655483
0.058644805  -1.5509824E-4  -8.429315
0.5424388  -0.23972836  -9.901066
-0.30481315  0.070027806  -10.659915
-0.4698814  -0.032706317  -10.947381
0.033955608  0.26235044  -10.635178
0.28816277  0.01448467  -9.729818
-0.23656324  -0.11363645  -10.443411
-0.088083774  -0.16626264  -11.009616
-0.09726533  0.15077582  -10.097095
-0.2772772  0.09321413  -9.246285
0.017529136  -0.296784  -9.650724
0.14346163  -0.08855146  -11.457928
0.07928863  0.035899147  -12.211788
-0.24129713  -0.029260337  -10.956234
0.068362  0.31013015  -9.319474
-0.50770265  -0.0102774585  -11.08567
0.16687742  0.07107029  -11.894204
0.034234677  -0.041955285  -9.963292
0.32707822  0.23650594  -9.033945
-0.19901277  -0.25928867  -8.60079
-0.99344283  -0.4643244  -9.273733
-0.34535715  0.16549069  -9.694838
0.021099241  -0.3150691  -10.168816
0.29036066  0.015626341  -9.913107
0.24941519  0.04950226  -9.71389
-0.21535793  0.05256701  -10.662334
0.12176439  -0.14799578  -10.742433
-0.2502771  0.06389709  -10.922806
-0.54310185  0.0059571397  -10.416034
0.10143856  0.09002103  -9.359286
0.13513105  -0.11695524  -10.121664
0.021334961  -0.22417887  -11.389127
0.052590348  -0.06938718  -11.169567
-0.14345734  0.13740481  -10.559465
0.44881466  -0.103015944  -10.805032
-0.3821122  -0.03821087  -11.180812
0.35377893  -0.07917841  -10.679335
-0.09932353  0.09975523  -9.888821
0.087861784  -0.038970612  -9.825245
-0.08516488  -0.11332182  -10.05861
-0.20164788  0.06477716  -10.540194
0.11086319  0.05938914  -10.583879
0.18750498  0.06098149  -9.809776
0.023877593  -0.097562306  -10.092352
-0.22771713  0.11355729  -10.105597
-0.017791184  0.03616743  -9.591412
0.0011765449  -0.019692976  -10.01775
-0.07131469  -0.053996783  -10.747203
0.0021653853  -0.08905194  -11.238477
-0.18045455  -0.054578096  -11.091365
-0.06096971  -0.051645752  -10.829622
0.024986126  0.05565664  -10.140437
0.08348412  -0.02178272  -9.956749
0.005277715  -0.06666766  -9.767411
0.06885515  -0.04067774  -9.654228
-0.048777416  0.15613276  -9.795001
0.035487026  -0.042176478  -10.505551
-0.08603747  -0.051086977  -11.019932
0.16562611  -0.043443996  -10.649447
-0.005526354  0.0701946  -10.238894
0.08083732  0.10226311  -9.892217
0.06804324  0.046323147  -10.4285145
-0.097991325  0.018363733  -10.564311
0.022812765  0.03520962  -10.261503
0.015146117  -0.055649787  -10.083085
-0.024639372  -0.030607885  -9.816445
0.07412751  -0.04817791  -10.256924
0.0066078175  0.09216429  -10.629307
0.06766949  -0.0518308  -10.297486
-0.11078665  0.020854587  -10.161803
0.18003753  0.05992538  -9.914544
0.07540698  -0.010526254  -10.2082615
-0.1845772  -0.050955273  -10.552468
-0.1945063  0.027446948  -10.759368
0.21127498  -0.06837588  -10.535533
0.10112844  0.06351058  -9.93825
0.080140054  -0.07654098  -9.854518
-0.3190319  -0.08851907  -10.23331
0.076814316  -0.030485734  -10.49116
0.14894684  0.098307654  -10.569422
0.025733149  0.014814524  -10.758221
-0.12157267  -0.0110396715  -10.654253
-0.16910689  0.05402399  -10.341839
0.07863626  0.118319556  -10.104246
0.024970189  0.010260086  -10.167653
-0.0021963704  -0.09918192  -10.107034
-0.03671393  -0.023824489  -9.908357
-0.02003561  0.0028470396  -10.154296
0.08985866  0.0070437053  -10.2964
0.045225263  -0.019771822  -10.324083
-0.0025356  -0.025056642  -10.316819
-0.06706564  -0.03887239  -10.179612
-0.04594743  -0.020716954  -10.303071
-0.031413596  0.016216597  -10.710889
0.12497053  -0.008113569  -10.625048
-0.09246041  0.10593813  -10.429645
-0.0808645  0.10558543  -10.094024
0.039999474  0.018463897  -10.300277
-0.03552536  0.004851955  -10.454151
0.17912719  -0.06789965  -10.037142
-0.31068316  0.041234285  -10.026577
-0.08197643  0.029196477  -10.186737
0.050735112  -0.0029294677  -10.578721
-0.017187757  0.021414239  -10.800818
0.08574358  0.010893154  -10.356783
-0.04588008  0.0068174396  -10.417779
-0.02941576  0.01245381  -10.395628
-0.01806608  -0.09184039  -10.433508
0.1698534  0.036498744  -10.294052
0.06516154  0.07253732  -10.277132
-0.07732923  0.033639632  -10.096226
-0.050621297  -0.04242909  -10.109744
0.014706813  0.0023207825  -10.154572
0.019287731  -0.0056745172  -10.130814
0.0706536  0.041251305  -10.299531
-0.074822135  -0.003093734  -10.353398
-0.066231675  0.030618543  -10.313113
-0.25861153  0.13113669  -10.483958
0.1500795  0.00761856  -10.410203
-0.004986996  -0.00798694  -10.60201
0.08425433  0.004179434  -10.268565
-0.05783563  -0.06671095  -10.104477
-0.09999272  -0.1009514  -9.827684
0.032611616  -0.12585679  -10.17657
0.09951559  0.030685725  -10.5649185
0.48611152  0.1608578  -10.459217
-0.05987306  0.0261221  -10.367791
0.06770418  -0.04801292  -10.280951
-0.049047954  0.096246555  -10.11244
-0.17616944  -0.06066935  -10.000288
-0.06967512  -0.09872809  -10.189435
0.17974964  -0.001234473  -10.417023
0.15840071  0.07325732  -10.494654
0.007516843  0.032748327  -10.18276
-0.3633057  0.047661226  -10.118838
-0.26792005  -0.09340496  -10.55096
0.0910752  -0.025112078  -10.754553
0.33944452  -0.09801612  -10.619903
-0.060006082  0.017391477  -10.366254
-0.13022807  0.06484397  -10.3018265
0.12831892  0.11320765  -10.060418
0.048220243  -0.106851056  -10.248335
-0.008920088  0.010283779  -10.270934
0.12812722  0.01342833  -10.44554
0.04545647  0.049047902  -10.538203
-0.026914006  0.04759823  -10.066521
-0.03862752  0.0071119126  -9.826353
0.12247058  -0.08457545  -9.840263
0.089168325  0.091880016  -10.405219
-0.0012134858  0.035405986  -10.163346
-0.23743422  0.0032962058  -10.37452
0.08569782  -0.028714988  -10.095991
0.16607828  0.0052312687  -10.227306
-0.2724992  -0.023418045  -10.306385
-0.022211373  -0.018927703  -10.408861
-0.12820809  -0.0902602  -10.786617
-0.2140269  0.0873791  -10.860747
0.19590673  0.049944185  -9.9714365
0.12625955  0.02462311  -9.685496
-0.021748224  0.019678548  -10.176373
-0.20030163  -0.08918044  -10.614382
-0.05722684  0.008384273  -10.649279
0.0066277552  0.1317078  -10.586119
-0.033982605  0.14732827  -10.310958
0.21539852  -0.07550348  -10.13452
-0.2799612  -0.016579522  -10.496182
0.123170905  0.003607662  -10.559256
0.11893801  0.0801389  -10.129425
0.024860201  -0.007705172  -9.873274
-0.16391367  -0.10133147  -9.749785
-0.06343197  -0.04126263  -9.90432
0.017065793  -0.08812869  -10.43229
0.18633986  -0.06929196  -10.648097
-0.13905339  0.25859824  -10.628819
0.25896305  -0.030294484  -10.355405
0.06703643  0.03372008  -9.681189
-0.17396581  -0.04209063  -9.43191
0.026357623  -0.21227743  -10.818463
-0.08568722  0.16606121  -11.360507
-0.052286826  0.10587942  -10.575357
0.0037681388  0.10772246  -10.110739
0.0539841  -0.013944719  -10.118646
-0.19451521  -0.0033344876  -10.213743
0.15449142  -0.0710209  -10.647308
0.2871315  0.0241412  -10.867822
-0.11906226  0.030044233  -10.456631
-0.027944582  -0.02210708  -9.818168
-0.14946838  -0.0033641476  -9.707014
-0.1625363  -0.027757654  -10.319854
0.1740244  0.045894418  -10.720584
0.025534118  0.07319684  -10.522336
0.11117548  0.02338786  -10.267003
-0.21944997  0.0046335044  -10.121645
-0.034769095  -0.014495685  -10.052258
-0.14876537  0.15787867  -10.215814
0.08850179  -0.007679811  -10.400866
0.043627247  0.025976028  -10.203674
-0.004184136  0.026672304  -10.373078
-0.15895228  0.09594288  -10.556404
-0.116608284  -0.08594175  -10.51636
0.27905807  -0.07797053  -9.981347
0.12945575  0.09332991  -9.680623
-0.12671065  -0.031090638  -10.130729
-0.31543478  -0.018751321  -10.5431
0.15631138  -0.024792826  -10.564007
0.11095197  0.14915171  -10.088923
-0.03448806  0.008226769  -10.100533
-0.06938203  0.0014299633  -10.373465
0.042632554  -0.020073883  -10.383822
0.11648427  0.01832487  -10.481136
-0.12592562  -0.010475193  -10.315945
0.12055278  0.1300676  -10.023024
-0.14978324  0.036027048  -10.0889435
-0.03502136  -0.066921055  -10.181792
0.06353808  -0.07002247  -10.356552
-0.16751006  -0.019423261  -10.589649
-0.05897731  0.09623729  -10.23307
0.46642947  0.66771066  -10.942632
0.38471824  0.78287625  -10.370577
-0.3141303  -0.3530859  -10.294556
0.089914285  0.15829077  -11.310282
0.2825037  -0.06729099  -10.725168
-0.17300329  0.13809752  -9.721884
-0.08225181  0.09026636  -9.231885
0.15543489  0.17522995  -9.707711
0.77455056  -0.26066685  -11.119368
-0.022288585  -0.37899664  -11.152759
-0.0022297658  0.017629443  -10.233172
-0.10840418  0.41399288  -10.257958
0.08309422  0.10411011  -10.456144
0.05291444  0.13372114  -8.848677
-0.02106484  -0.05236422  -7.3510165
-0.1162066  -0.32422978  -7.6158576
0.16299748  -0.052611675  -10.89324
1.161697  -0.37415537  -11.864464
0.21626441  -0.027691077  -11.030513
-0.011834348  0.113981985  -10.927744
-0.9832509  0.49912667  -10.789681
-0.41346088  -0.050508134  -10.372458
0.06786623  -0.14645754  -10.051146
0.25435323  -0.03221867  -10.187263
0.11763459  -0.02972004  -10.672868
-0.082661584  0.124673836  -10.883962
0.18751353  0.012430924  -11.013177
-0.12567195  0.06892671  -10.182991
0.18395434  -0.015403586  -10.093166
-0.168349  -0.007949412  -9.832131
-0.3322964  0.097347006  -9.751502
0.3401745  0.025569975  -9.963607
-0.05577263  0.05051521  -10.183197
0.19067842  -0.29042915  -10.487338
0.11342488  -0.041387327  -10.381671
-0.07730666  0.087711684  -10.463952
-0.03121775  -0.07769581  -10.555924
0.019008253  0.087736994  -10.152646
0.054473236  0.02622173  -9.839365
0.22573787  -0.16747117  -10.398354
-0.055560887  0.0445465  -10.309455
-0.23166433  0.103320025  -9.928054
-0.31477147  0.07663634  -9.991447
0.014206204  0.06730194  -10.320481
0.21506804  0.010269175  -10.654554
0.19172743  0.0696138  -10.625983
-0.2725351  0.060952876  -10.665464
-0.54086435  0.009486305  -10.416348
0.024996871  0.045784526  -10.240987
0.28961188  0.034581  -9.909037
0.33261454  -0.03528857  -10.167361
0.037214886  0.053842876  -10.616076
0.17245269  0.050328534  -11.006762
0.22488861  0.02940804  -10.714768
0.09250785  -0.08051385  -10.511022
-0.10308423  0.062234994  -9.871303
0.024085198  -0.12824915  -9.832785
0.06874865  -0.07611401  -10.350669
-0.20687848  -0.00609229  -10.27544
-0.01637906  0.011177039  -9.918596
0.052044656  0.026684012  -9.928876
-0.02388339  0.13296357  -9.88791
0.024109533  0.10021799  -10.363525
0.001137971  0.10848157  -10.130707
0.07941028  -0.07019754  -10.094236
-0.120192625  0.01599856  -10.406396
-0.071396664  -0.026843123  -10.694127
-0.15350157  0.050626583  -10.48382
0.06907392  -0.041244444  -10.064901
0.17407791  -0.018159982  -9.896891
0.057426527  0.032411158  -9.900293
-0.07334788  -0.04896559  -10.52546
-0.0037124627  0.0020591763  -10.376666
-0.19309232  -0.009490943  -10.341955
-0.12597352  0.030626124  -10.341199
0.03217288  0.017866487  -10.514042
-0.04781341  -0.057202756  -10.208169
-0.081078805  -0.02743439  -9.837535
-0.054684184  0.004269486  -9.820613
0.12959273  0.12846251  -10.361076
0.13183005  0.016264068  -10.778064
0.09163262  0.05010051  -10.67556
0.111934945  0.08116419  -10.641238
0.00903602  0.013557928  -10.404183
0.07126952  -0.06985412  -10.34443
0.022014603  -0.036730602  -10.374786
0.10339493  -0.0010306628  -10.475621
-0.093032464  -0.09151895  -10.879709
-0.251688  -0.06837784  -10.99635
-0.20062988  0.107658505  -10.56317
-0.059830014  0.15662812  -9.861008
0.29158238  0.062814064  -9.691405
0.042349856  -0.026684495  -9.588467
-0.064658076  -0.08431699  -9.949784
-0.13394213  -0.042822067  -10.162529
0.014241063  9.004715E-4  -10.323482
-0.049708858  0.030822853  -10.313179
0.11751048  0.017435096  -10.370744
0.18046333  -0.011026497  -10.304626
0.09739098  -0.026991244  -10.1727495
0.023358306  0.032473754  -10.407507
-0.2672518  -0.08439815  -10.84754
-0.18713918  -0.008462691  -10.993128
-0.025478847  -0.03067765  -10.449101
-0.06428407  -0.034468565  -9.9132185
-0.030623019  -0.037290595  -9.708334
-0.0126773715  0.101084225  -9.995994
0.10602313  0.08203978  -10.509494
0.20023647  0.065331765  -10.574864
0.5832572  -0.01641502  -10.3098955
-0.5227018  0.0018368022  -10.063643
-0.3634258  -0.2712124  -10.028582
-0.10071823  0.01713413  -10.140892
0.005571371  0.18224625  -9.834114
0.39979297  0.36309817  -9.448336
0.5137218  0.18303998  -9.855352
0.20939995  -0.1255773  -10.556032
-0.18958665  -0.09607395  -10.969583
-0.4814311  -0.13765445  -10.993582
-0.54911995  0.24070327  -10.261929
0.32057995  0.2119008  -9.464655
0.6229286  0.16258529  -9.45607
0.046571862  -0.0043409457  -9.802007
-0.12769137  0.14725348  -9.878007
0.13814615  0.0815195  -9.733693
0.17265578  -0.013500715  -9.90504
-0.16771086  -0.1927482  -9.652736
-0.33946818  -0.048654262  -9.338328
-0.26326677  0.0045025735  -8.953933
-0.055153206  0.01810643  -8.191756
0.33433  0.29902485  -7.1991587
-0.22755021  -0.6613649  -6.450147
0.29764885  0.94333017  -6.8183675
-0.21040688  -0.45397082  -6.4006853
0.16975743  0.014632503  -7.2903624
-0.055593133  0.6414678  -6.8959603
1.4299442  -0.06058287  -7.7576733
-1.2772583  -2.1569185  -10.544827
-3.0310123  0.08212431  -16.83159
-2.398129  -1.4034495  -19.574404
-0.8308039  -0.6628333  -18.8391
-0.62003046  -0.4947235  -16.772804
-0.5218304  0.5599476  -14.19279
0.5928921  1.2705814  -10.934878
0.70428157  0.8683831  -9.72432
-0.1618624  -0.409998  -11.874027
0.09260786  0.041474197  -13.22569
0.24721007  -0.096106626  -13.9419155
-0.12778232  -0.07747377  -13.456283
-0.43278491  -0.061204303  -11.747596
-0.117294684  -0.083650835  -9.350002
-0.12713143  -0.14724359  -6.85296
-0.20307794  -0.16000277  -5.803365
-0.050080422  0.1743062  -5.172884
0.32927093  0.15123776  -5.162559
0.7671843  0.31465793  -5.1843324
0.57528454  0.27149206  -5.7137365
-0.28016296  -0.21823256  -6.213387
-0.70823294  -0.42251688  -7.2769866
-0.42361495  -0.12011597  -9.253925
0.052559722  0.31437033  -10.039277
0.7679326  0.7382712  -9.939561
0.25370693  0.315547  -9.37919
-0.21158254  0.30942696  -8.599667
-1.0416178  -1.3612038  -10.256929
-0.40426123  -0.47871992  -15.094499
-0.4202141  -0.042576637  -15.723379
-0.28977185  -0.4139128  -14.425844
1.5022562  -0.32816207  -16.984898
-0.32307214  -0.46968883  -19.692102
-0.19491312  -0.15778501  -16.49855
0.73535615  0.692972  -11.056
0.73261386  0.6902722  -8.53877
0.5402826  0.10157107  -8.022373
-0.38138348  -1.0118185  -10.769412
-1.5326227  -0.45932543  -13.841901
-0.7299993  -0.31060752  -13.446739
-0.11887312  -0.17346238  -9.526675
-0.40793806  -0.33394665  -5.565697
0.3436594  0.25362793  -5.0322313
0.44232184  0.099475205  -8.4407425
0.04594775  0.20641023  -8.4309635
0.85484904  0.6689779  -9.289388
0.51078  0.18407214  -10.290084
0.15512738  -0.14128038  -8.989497
-0.29345277  -0.011952365  -6.989508
-0.54550904  0.41558585  -4.6808887
0.003956301  0.64683837  -3.9335377
0.369233  -0.4092888  -5.806866
-0.65848905  -0.9924703  -8.73146
-0.70418155  -0.36033726  -12.312684
-0.40380484  -0.2498817  -14.753835
0.37081686  0.42776617  -14.357664
0.48741376  0.27228537  -12.297657
-0.79643595  -1.2800605  -11.590788
-1.3389109  -0.24603996  -14.550946
0.076803975  -0.3688465  -17.62433
0.39792785  1.01358  -16.266079
2.7935941  1.5903316  -15.318943
0.83025384  0.093397245  -17.108713
-0.8068684  0.02890082  -14.400834
-0.90021914  -0.26127052  -10.969209
-0.5869204  0.07943541  -8.431824
-0.5087277  0.08824664  -7.590186
0.2600577  -0.10515794  -7.911113
0.19871838  0.009826406  -8.166859
0.16735616  0.09481121  -8.891406
0.0105345575  0.2454325  -8.068106
-0.23325722  0.36115888  -5.773213
0.048668146  -0.02564104  -5.00756
0.81722087  -0.22282216  -5.6872234
-0.34264576  -0.21432509  -5.7642145
-0.69216913  -0.13835323  -5.457179
0.15390234  -0.031423546  -5.90683
0.73389333  -0.15321766  -9.535398
1.9359182  0.254757  -12.37294
1.519049  0.55899584  -14.184982
0.48269564  0.05234926  -15.760801
-0.94547105  -0.6127692  -17.26879
-1.93564  -1.5934817  -18.99833
-0.25839078  -0.29758587  -17.529501
1.5987453  0.5765827  -14.683918
1.6218086  0.08488235  -14.82095
-0.23586391  0.32478234  -13.841869
-0.12651685  0.9415766  -11.294346
-0.8762655  0.78825295  -8.985964
-1.1725996  0.15016414  -8.090682
-0.73608637  -0.8290991  -8.497782
0.53806686  -0.69527334  -8.938163
0.8886896  -0.5873161  -9.386229
0.4649409  5.704387E-4  -8.794539
0.4314197  0.1827665  -6.9930096
-1.2884154E-4  -0.043614335  -5.8128395
0.31829453  -0.02746449  -5.3473186
0.7933718  0.33860287  -4.9615493
0.8946403  0.29072106  -3.7602096
-0.33967766  0.3588558  -3.6170423
-1.5546371  -0.34054714  -5.332485
-0.16745603  -0.5651842  -8.064172
0.19150491  0.13820209  -9.115248
0.7645687  -0.08969642  -9.968696
-0.610834  -0.12711942  -14.135513
-1.0512371  -0.22368743  -16.007492
-0.7636696  -1.1341614  -15.6226
-0.655471  -0.52491367  -16.911112
0.34389767  0.10862489  -18.423407
1.1289715  1.7319245  -16.122036
1.6287514  1.115151  -17.445858
0.12726866  0.123892464  -19.247196
-1.0416018  -0.8161456  -16.66666
-1.3683826  -0.72621876  -14.537079
-0.7421162  -0.5567583  -11.598554
-0.48121804  -0.11909219  -7.683811
-0.3994317  0.23394585  -4.522355
0.17712289  0.15301958  -3.3273137
0.8919283  0.4403594  -2.8691626
0.6437401  0.021947447  -4.3381314
0.011995456  -0.3096774  -5.3502073
-1.0846516  -0.3680583  -6.844478
-0.26012254  -0.15129207  -8.366262
0.42552477  0.16778441  -8.558259
0.10916452  -0.05212575  -8.457137
-0.4867194  0.15434968  -7.8055263
-0.53381187  0.038075164  -8.840465
0.028454406  -0.11742179  -9.939071
0.6111848  -0.14081465  -11.510512
0.92287165  -0.22810544  -14.093106
0.04931692  -0.2702092  -14.063169
-0.16439624  0.37758365  -12.98409
0.047151484  -0.38473088  -13.543397
-0.3520285  -0.16180238  -13.952698
-0.36900395  0.09628274  -12.99231
0.39399135  0.27091664  -12.962285
0.45373735  -0.41363528  -14.91098
-0.05191872  -0.29300463  -17.050896
-0.5367786  -0.16352847  -16.590496
-0.2666315  0.31870055  -13.366029
0.12366578  0.4179129  -8.871188
0.3525333  0.22403818  -6.1288815
-0.0030835008  0.048402462  -5.1258416
-0.20615138  0.09354245  -5.0823298
0.28918022  -0.6535941  -5.694518
0.32630578  -0.7346688  -7.3724394
-0.37124813  0.11441718  -9.759783
0.086963125  0.0982453  -9.993377
0.2960149  0.08586272  -7.515298
-0.12552264  0.33976337  -3.9003909
-0.46256274  0.111285314  -4.183505
0.65743095  -0.5258354  -6.484277
0.5733409  -0.55544984  -8.3988085
-0.16198617  0.36655682  -9.567891
0.16801034  -0.36603606  -12.679539
-0.13964063  0.47368416  -13.912334
-0.26646185  0.22301804  -13.158616
-0.31647605  -0.7899138  -11.753688
-0.4467371  -0.31765804  -13.879934
-0.20735085  -0.7087094  -16.167269
-0.69669163  -0.56484157  -19.603413
-0.45853743  0.19577587  -19.26991
0.8764289  1.3162227  -14.5541315
2.5640554  1.4350004  -12.285569
1.5956293  -0.2575208  -13.226276
-0.59340733  -0.53535426  -11.1514635
-1.6931558  -0.7336602  -8.859388
-0.620653  -0.5834296  -9.215606
-0.5982584  0.0496954  -7.401268
0.15052447  0.42170843  -4.503973
-0.010353146  0.31237158  -4.0213904
0.71249795  0.24810974  -4.583772
1.3789715  0.4970436  -5.136152
1.0302669  -2.7663274  -7.0949845
-2.4305956  -0.46437788  -9.816726
-1.9822583  0.9145848  -10.820426
0.2315185  0.6077285  -11.210732
-0.5759882  -0.78824544  -10.789795
-1.1683136  -0.21842337  -9.900832
1.6848398  0.9234374  -10.474155
2.1610157  0.20955633  -11.495339
1.4100667  -0.21276084  -10.270096
0.44522047  -0.048977226  -11.227924
-1.535421  -1.6226398  -14.0746765
-2.0213401  -0.17428099  -15.049033
-0.54240525  -0.1800223  -15.124004
0.085145794  -0.082259506  -15.029863
0.9460332  0.059785243  -14.87593
0.6692005  0.31965074  -13.588495
-0.20619829  0.272286  -11.631979
-0.46586496  0.09683174  -10.758048
-0.4233933  -0.41175216  -11.197742
-0.4170251  -0.14528903  -11.339887
-0.08423468  -0.2710145  -10.227474
-0.25814652  -0.0975482  -7.4434137
0.21787393  0.57942224  -4.919161
0.5880092  0.24719791  -4.142573
0.5326147  -0.21122612  -4.209659
0.021503681  -0.7884758  -4.822721
-0.3304752  -0.037014846  -6.882656
-0.07810322  0.17274457  -7.617789
-0.55990887  0.673561  -8.154698
0.0016108542  -0.033954654  -9.008365
-0.20741445  0.11726853  -9.85335
0.2795688  -0.34837222  -11.266502
-0.044884734  -0.17459248  -12.792597
-0.21737531  -0.1255993  -13.278351
-0.35417232  -0.7592305  -13.022318
-0.91862935  -0.035902303  -13.934317
-0.3358572  -0.14746197  -15.775379
-0.27244693  0.20737147  -15.780408
1.2316909  0.8772561  -15.399217
2.1759639  0.4724824  -14.9852
0.24934089  0.02720242  -14.189723
-1.2038614  -0.40333  -12.823365
-1.1842642  -0.21612155  -12.015869
-0.67637247  -0.34619865  -10.911074
-0.1161039  -0.16338217  -10.095209
0.16108812  0.19373284  -8.450264
0.24561398  0.48682564  -5.2723722
0.65070546  0.60674876  -3.4110801
0.27006653  -0.4847914  -4.3564396
-0.81772447  -0.3009985  -6.5880933
-0.57448137  -0.11185476  -8.968621
-0.063426934  -0.041339036  -10.059524
0.78192204  0.053409986  -8.490863
0.55178946  0.04725706  -7.548079
-0.7662922  0.032549486  -7.6061435
-0.59309304  0.10060139  -9.612149
0.032550294  -0.23753648  -13.600056
0.51082194  -0.20198411  -16.74838
-0.20803206  -0.002622494  -15.285904
-0.13751544  -0.45117456  -14.641526
-0.20665771  0.19181962  -14.434819
-0.2270987  0.39364746  -14.987448
1.1370007  0.52593064  -14.397649
1.4771186  -0.04632889  -13.128243
0.29120624  -0.23595914  -11.347316
-1.1220962  -0.21417445  -11.2969675
-3.183576  -0.49774712  -12.1235485
-0.62779164  0.07088815  -11.937366
0.031715766  -0.1483916  -10.545097
0.25635025  0.056722026  -8.868281
0.842666  0.24564828  -6.8457947
0.5764372  0.30361012  -4.8619175
0.08514697  0.46664912  -4.14318
-0.18991919  -0.07224676  -4.4778795
-0.47212574  -0.36588767  -5.489779
0.08276418  -0.55959874  -6.116184
0.2999927  -0.2528401  -6.421886
0.06765679  -0.02909533  -6.9238176
-0.6701969  0.26567227  -8.229755
0.33832017  -0.3482091  -9.390425
0.9529598  -0.20779245  -10.368266
1.117514  0.25384188  -11.042056
-1.2447134  -0.16914  -14.176248
-1.3095393  0.6075157  -14.013938
-1.5337231  0.5267461  -10.609938
-1.6097645  0.24250856  -10.244913
1.3383813  -2.051337  -12.601319
2.388334  -0.9615078  -15.813902
0.46765548  -0.16706204  -17.163315
-0.6996073  0.3591332  -18.482828
-0.35588154  -0.16478027  -18.271492
-0.3544674  -0.4881369  -16.322908
0.39869916  -0.26475573  -13.344659
-0.24148159  -0.045247115  -9.041593
-0.7749812  0.5833206  -5.4427648
-0.44529402  0.6803357  -4.1127977
0.018496795  -0.055794757  -4.3416967
1.0770124  -1.0160967  -5.1451545
1.3258045  -0.32279968  -5.896631
0.68838966  0.1779065  -5.757717
-0.3139018  0.36290395  -6.184944
-1.0819334  -0.32653418  -8.137338
0.034295283  -0.4634122  -9.996766
-0.3124042  -0.076721996  -11.440746
-0.7167832  0.3151141  -11.447604
-0.63926405  0.35311618  -11.5664215
0.29089022  -0.046157017  -11.073161
0.656234  0.24019137  -11.182218
0.22996725  -0.87327564  -12.942932
0.06906435  -0.5108195  -15.383729
-0.44304624  0.844977  -15.175053
-0.02573778  -0.008124207  -12.275045
-1.156414  -0.2959375  -10.524728
-0.77239496  0.45335996  -11.329417
1.1853321  0.081111304  -11.000171
2.4772916  0.2083662  -7.1714606
-2.422576  -1.6820915  -12.327152
-0.7961192  -0.18144827  -19.969446
-0.8676946  0.45751134  -19.66958
-0.18266678  0.5823728  -15.072786
0.25973907  1.02907  -8.112568
0.9911753  0.84598184  -3.5629687
0.4125802  0.3612433  -2.9224408
-0.91044694  -0.7019698  -2.0512958
-0.5151434  -0.8968155  -6.7706914
-0.069148146  -0.5898656  -11.201259
-0.1527659  -0.18422967  -14.332993
-0.078175865  -0.2559871  -14.647399
-0.22490805  0.08191973  -13.148594
-0.15616465  0.44549286  -11.210278
0.24654  0.14828461  -11.053115
0.31124127  -0.07014871  -11.205663
-0.12087454  0.05774049  -10.8043375
-0.48419398  0.012315965  -11.927379
-0.18564248  -0.19975069  -11.894327
-0.048978675  0.2018518  -10.687495
0.9819348  0.14405161  -9.410931
0.7582926  -0.014555112  -7.463604
-0.9481272  -0.23998766  -7.258577
-1.539689  -0.09216243  -11.340387
-0.15195923  -0.09708713  -14.119153
0.88592136  -0.11135643  -12.821118
1.6197182  0.5927693  -11.658848
0.90011364  -0.14638083  -10.761012
-0.5152524  -0.0681548  -9.52725
-1.4241762  -0.23010017  -8.181712
-0.28323856  0.10086871  -9.889173
0.77237165  -0.2444894  -9.888056
0.70632744  0.22633694  -9.235732
0.10189039  0.26094452  -9.443822
-0.31855538  -0.05642771  -10.375325
-0.6853816  0.035095487  -11.845098
-0.31354186  -0.26188335  -11.948443
-0.19211824  0.01429276  -11.850687
-0.08563932  -0.110938944  -11.464249
-0.11651111  0.0078501655  -11.106722
0.12106843  0.18525879  -10.44348
0.119626164  0.24581572  -9.561283
0.20001008  0.13333009  -8.91702
-0.14369024  -0.061200317  -8.794015
-0.52091616  0.04079098  -10.578733
-0.08617667  0.033392817  -11.258043
0.3815129  0.009280773  -10.1217375
-0.20354696  -0.088057265  -9.652198
-0.10606387  -0.061725765  -9.370964
0.3623114  -0.023436029  -8.45803
0.5584411  -0.2797459  -9.238699
0.69869363  -0.35448894  -10.628628
-0.15123685  0.11422504  -11.259899
0.03578121  0.03177783  -10.557675
-1.239493  0.3651129  -10.857759
-0.0082363365  -0.22516033  -11.260078
0.12259926  -0.057237882  -11.099989
-0.30168432  0.12961008  -10.693023
0.21063218  -0.07446491  -9.867145
0.21874021  -0.09198148  -10.165486
0.069997124  0.08650948  -10.028133
-0.008636613  0.14961186  -9.288249
0.09817602  -0.090802275  -8.373536
-0.25512624  -0.109772705  -8.838698
-1.290941  0.17010717  -10.671033
-0.1903664  -0.006220516  -12.038265
0.16288291  0.046969756  -12.331497
0.23725167  0.068788745  -11.557456
0.71957594  -0.39128965  -11.082684
-0.3691377  0.195892  -11.349846
-0.42816582  0.25887057  -10.526439
0.6949459  -0.2220243  -9.684628
0.22772492  -0.071092665  -9.796147
-0.28565845  -0.09329086  -10.205592
0.13663171  -0.045408014  -9.858656
-0.42047274  0.13974455  -9.414629
0.083968244  0.042826403  -9.679057
0.16469117  -0.23050287  -10.164954
0.56556827  -0.13567486  -10.860348
-0.61121684  0.12538391  -11.444052
-0.63290375  0.31401467  -10.794591
-0.01009809  -0.04180919  -10.505142
0.10788182  0.117999874  -9.484369
0.77832884  -0.35439518  -9.534343
0.19145148  -0.30623928  -9.782039
-1.1421045  0.33885667  -10.057139
0.46205854  -0.33039594  -10.399636
0.6355066  0.1063036  -10.381364
0.33375484  -0.16925001  -10.080243
-0.79566556  0.1669793  -10.688247
-0.13667244  -0.026766062  -10.626594
-0.15245423  -0.039279573  -10.144086
0.06055459  -0.034067035  -9.882213
0.1707557  6.357254E-4  -9.899946
0.09168624  0.009355866  -10.337924
0.19454773  -0.1784151  -10.958574
-0.33257532  0.10609817  -11.033929
-0.1334719  0.0746616  -10.7153845
0.13043405  -0.04608222  -10.419022
0.1340778  0.024869233  -10.464332
0.26100978  -0.10242749  -10.105963
-0.017091079  -0.12016224  -9.775163
-0.08644621  -0.04817657  -10.1943655
-0.038461454  0.055765036  -10.294574
-0.011638847  -0.040660147  -10.376414
-0.058834106  -0.022171123  -10.120364
0.32704926  -0.019323738  -9.908434
0.09942204  0.0012712161  -10.118424
-0.2273737  0.0876209  -10.120945
-0.15821347  0.03983538  -10.795144
-0.057914563  -0.06310129  -10.751985
0.13848536  -0.10240318  -10.425953
0.305715  -0.17594764  -9.955096
-0.2718907  0.06201974  -10.203015
-0.18337183  0.13221297  -10.861034
-0.021035468  -0.0259576  -10.800491
0.21990478  0.11297823  -10.104822
0.13552523  -0.091970555  -9.831691
-0.10795477  0.0737038  -9.637376
-0.2829611  -0.009153253  -10.276102
0.060037844  0.09669613  -10.554786
0.3307394  -0.18774156  -10.837414
0.1637034  0.058762047  -10.515715
-0.10174364  -0.014388419  -10.082108
-0.28532958  0.10246696  -9.950198
-0.29493287  -0.012575481  -10.598343
0.2393733  0.12793943  -10.694617
0.4876124  -0.052875053  -10.536237
0.027633402  -0.015473526  -10.465833
-0.068000734  0.002700602  -10.097012
-0.20351967  -0.008347948  -9.427991
-0.41570646  0.15016706  -9.859174
0.35312706  0.22792822  -9.909
-0.17084758  -0.5083963  -10.608952
0.19316688  -0.03465302  -10.532169
-0.26752815  0.32361257  -10.022252
-0.14100732  0.07583822  -10.168487
-0.056148455  -0.029880274  -10.5298395
0.072172605  0.009574603  -10.703392
-0.16198978  0.06792739  -10.204011
-0.25929424  0.14670351  -9.904645
0.11244446  0.052041564  -10.637399
0.061085258  -0.051019937  -10.510715
-0.0028502431  -0.029772699  -9.981792
-0.054577332  -0.12992181  -10.242842
0.14185934  -0.055557825  -10.417397
-0.14517432  0.037488844  -10.782991
-0.15604976  0.03285671  -10.274699
-0.011686854  -0.10697418  -9.961388
-0.114912815  0.08833593  -10.091568
0.06264684  0.25948793  -10.744309
0.2008032  -0.066049926  -10.634301
0.13314906  -0.09335924  -10.097628
-0.061009582  -0.23351602  -9.971493
-0.022457602  0.03835317  -10.156164
-0.13027905  0.4913439  -10.091644
-0.2895257  0.2638114  -10.078219
-0.05056086  0.11048266  -10.160675
-0.009583273  -0.18674964  -10.393202
0.16038626  -0.18747675  -10.377449
0.025478404  -0.004988865  -10.139498
-0.2147585  0.16096337  -10.141643
-0.16640663  0.032649476  -10.052231
0.12270677  -0.08366239  -10.189634
0.18603614  -0.04312036  -10.376397
0.040886134  0.017853549  -10.628537
0.041527625  -6.2793435E-4  -10.5346
0.02242278  -0.026962815  -10.305795
0.13588643  -0.11639866  -10.455366
-0.011398517  0.048548162  -10.497824
0.06337933  -0.08017122  -10.163465
0.13191466  -0.11024584  -9.828764
-0.054458804  -0.0049644927  -10.704064
-0.12780303  0.124768645  -11.278417
-0.13490954  0.021267595  -10.823029
0.0057110484  -0.017897204  -10.303318
-0.0034388013  -0.0047468687  -9.819096
0.052083172  0.043192558  -10.135452
0.020288022  0.121417135  -9.939522
0.07647105  0.022861563  -9.758318
-0.059499145  -0.026151914  -9.888526
-0.025931118  0.093577676  -10.240248
-0.017031804  -0.054917715  -10.406075
0.011461705  -0.09494257  -10.327281
0.039872706  -0.0770453  -10.333995
-0.030630944  -0.03035618  -10.570858
0.08783791  0.07964349  -10.287371
0.017214289  0.02660098  -10.061243
-0.04474173  -0.026846906  -10.234239
0.19114038  0.12242279  -10.965385
-0.044032015  0.0025848004  -10.83547
-0.13485458  0.06986015  -10.167974
-0.14486994  0.09843419  -10.042638
0.058538843  -0.060841348  -10.424881
0.14308457  -0.02376792  -10.356715
0.0026617502  0.005993942  -10.289179
-0.111725196  0.15504786  -10.023193
-0.05756726  -0.0201985  -10.129321
-0.016975472  -0.015850937  -10.153666
0.017531887  -0.0063473093  -10.477294
0.016695669  -0.014214665  -10.683234
-0.0970369  0.014938675  -10.434819
-0.063908294  -0.059299167  -10.279257
0.0056296745  -0.041343186  -10.236529
0.07614095  0.028414192  -10.154045
-0.08229908  0.03789787  -10.014775
-0.07266957  0.14968055  -10.035653
-0.007106516  -0.07619576  -10.327839
0.10489301  -2.1688083E-4  -10.254782
-0.039155304  -0.106421486  -9.992885
0.013992462  0.027017914  -10.403897
0.028398143  0.07909116  -10.501288
0.09535974  -0.05964204  -10.636216
0.023387711  0.0136401355  -10.227576
0.077851534  0.050181434  -10.293534
0.08991384  -0.017434694  -10.3553095
0.0780842  -0.06412433  -10.143248
0.006367782  -0.023586832  -10.042657
-0.109901756  0.013175581  -10.06354
-0.082477145  -0.011391898  -10.179109
0.009094749  0.064081736  -10.508704
0.043591104  0.0024400123  -10.144133
-0.031803202  0.06192109  -10.386183
0.20475245  -0.18298183  -10.3733
0.035695046  -0.016915014  -10.312955
-0.037812065  0.0010109904  -10.197799
-0.017933305  0.010086627  -10.329236
0.0959598  -0.11149939  -10.165431
0.3074147  -0.043401014  -10.4917755
-0.019086612  1.7746707E-4  -10.279516
-0.15369067  -0.106573045  -10.024563
-0.02553872  0.06013114  -9.907811
-0.21368447  0.020996433  -10.162896
-0.038815033  -0.022579378  -10.646086
0.25618008  0.02418083  -10.467099
0.24765028  -0.18517554  -10.306775
-0.10131288  0.13706167  -10.278795
-0.29653043  0.107068986  -10.292734
-0.18687004  0.06559545  -10.33246
-0.040561944  0.18670598  -10.26394
0.1938171  -0.15018718  -10.048661
0.17113857  -0.13422377  -10.439532
0.022904173  0.08689195  -10.429503
-0.037400324  -0.049498975  -10.179519
-0.19218485  0.16682358  -10.213927
-0.07442284  -0.012746288  -10.136522
0.22995345  -0.2664397  -10.3284445
0.030330246  0.029855583  -10.487029
-0.0746723  0.1341682  -10.288667
-0.02267629  0.09080322  -10.25897
0.05962988  -0.046841618  -10.410863
0.2534416  -0.09643035  -10.311088
-0.009506848  -0.06737059  -9.978776
-0.04327317  0.021974312  -10.268064
-0.06091244  0.08409802  -10.585601
-0.017421866  -0.10599807  -10.452331
0.026706675  -0.005863219  -10.166397
0.0385151  -0.007706362  -10.054164
-0.004355869  -0.025926039  -10.2501335
-0.0836484  -0.10972473  -10.39538
-0.021509107  0.078987814  -10.038819
0.08434513  0.011018059  -9.901629
0.011243104  -0.10141323  -10.171577
-0.019494781  -0.036728922  -10.152292
0.076567784  -0.08042748  -10.314978
0.065475926  -0.055960745  -10.683219
-0.012916532  -0.0035653948  -10.386501
-0.045797706  -0.03570834  -10.511727
0.097475  -0.025757924  -10.686618
0.09558974  0.0076298234  -10.684926
-0.0066230614  0.030538632  -10.307866
-0.0661635  0.024416277  -9.96687
0.01793045  -0.09154214  -9.746919
0.020494346  -0.04153806  -9.904709
0.01276212  0.023870304  -10.058537
0.06411001  -0.07212598  -10.224186
-0.0031934406  0.03386395  -10.544703
-0.17733262  0.14864019  -10.720769
0.019923052  -0.06381584  -10.545637
0.06395278  -0.025252618  -10.298389
0.14256781  -0.16738567  -9.921297
-0.20802495  0.006817894  -9.938694
-0.048244547  0.04724881  -9.908778
-0.07772215  0.0039355755  -10.090766
0.028131112  0.009129697  -10.543127
0.15804373  -0.142842  -10.58564
0.067287646  -0.05211959  -10.174862
0.019502033  0.0063563036  -10.103266
0.17516425  -0.13576226  -10.226731
0.0029070557  0.1276494  -10.414816
-0.16513845  0.097219534  -10.451439
-0.14640498  -0.090240605  -10.413878
0.066265255  -0.09186144  -10.22277
0.09206219  -0.1905216  -10.045724
0.0024884527  0.11007441  -10.165823
-0.056951776  0.08438366  -10.26323
0.08530688  -0.09801788  -10.298428
0.1167115  -0.08154843  -10.264428
-0.010421303  -0.17344321  -10.523067
0.16697899  -0.002040203  -10.803023
-0.05372038  -0.027047688  -10.66859
-0.14093359  0.12960607  -10.465685
0.058870956  -0.1728938  -10.1243515
0.053151157  -1.3091507E-4  -9.899034
0.002438702  0.10668039  -9.821121
-0.013664592  -0.06623184  -9.926393
-0.14266285  0.17179681  -10.151157
0.06749498  0.022575263  -10.250482
0.064604  -0.13660385  -10.607477
0.031352364  0.013651883  -10.730703
0.0071346057  0.013795983  -10.3677435
0.02658911  0.090291195  -10.016332
-0.11460271  -0.078452446  -10.117183
-0.044904895  0.006388363  -10.325319
0.034916315  -0.036039963  -10.618662
-0.12718613  -0.029156692  -10.588825
0.04672345  -0.01716686  -10.452552
0.05134839  -0.013384863  -10.349351
0.009192279  -0.038257796  -10.287266
0.09170068  -0.052148864  -10.130847
-0.08901219  0.11579001  -9.901805
-0.14221786  0.07184069  -10.2273035
-0.023501072  0.054635897  -10.181228
0.04344359  0.09081879  -10.051225
0.024882806  -0.051185794  -10.106075
0.094557784  -0.1405889  -10.340861
0.039139632  -8.4828417E-4  -10.538659
-0.093176655  0.05502768  -10.48585
0.061965648  0.055283878  -10.304771
-0.04632611  -0.08396853  -10.327709
-0.14463267  0.1450492  -10.597073
0.04883329  -0.054170825  -10.82472
-0.11542431  0.0016285847  -10.774364
0.0040647243  -0.21996197  -10.1873455
-0.039463867  0.058432143  -9.869748
-0.17791222  0.032554626  -10.151485
0.026975514  0.017883737  -10.263892
0.01964771  0.0059573264  -10.172834
0.098982215  -0.0038402826  -10.295021
-0.054563377  0.026374111  -10.277299
0.11283339  -0.08364913  -10.265547
-0.05932391  0.063243546  -10.1461935
0.03829889  -0.10814456  -9.954271
-0.01922404  0.08951171  -10.083301
-0.14895618  0.035812445  -10.386539
0.046628825  -0.05153187  -10.567275
0.19955106  -0.01895785  -10.692803
-0.02094556  -0.06874217  -10.390089
0.082630575  0.10355559  -9.591353
0.13324782  -0.0017889799  -9.516991
0.11674334  0.096111834  -10.108972
-0.006183223  -0.05408316  -10.17967
-0.2511409  0.1789747  -10.594594
-0.13338095  -0.008476666  -10.323692
0.045026716  -0.027219258  -10.207565
-0.19399318  0.33653015  -10.59203
0.018383473  0.045216423  -10.356799
-0.2397121  0.18845996  -9.848319
0.026292838  -0.1892092  -9.351949
-0.0854746  -0.13649246  -10.232109
-0.22445694  -0.09645904  -11.013754
-0.39526734  0.08204263  -10.522149
-0.46022633  0.028625786  -10.4265375
-0.06109637  0.41074395  -11.052652
0.5463673  -0.30223286  -11.420013
0.447067  -0.09948426  -11.2013645
0.36128128  -0.19788742  -10.445199
0.113908194  -0.07443968  -9.674534
-0.31590417  0.42093074  -10.028814
-0.14510132  -0.024647424  -10.024515
0.011552675  -0.49101302  -9.605845
-0.1623093  -0.11247885  -9.533209
-0.27546677  0.25584328  -9.869538
-0.0090858815  0.19756752  -10.079323
0.48233098  0.03537672  -10.06758
0.5613452  -0.16975644  -10.043001
0.17124179  -0.114260055  -10.420538
-0.37106478  0.13037576  -10.673341
-0.520239  0.17475331  -10.681971
-0.23587649  -0.041624963  -10.231097
-0.021988347  -0.11376473  -9.8436775
-0.006623805  0.08343648  -10.280622
0.021866638  0.03367528  -10.749169
0.44962028  -0.14838935  -11.218842
0.18730356  -0.17349568  -11.636156
-0.07098515  0.060422648  -11.855183
-0.35997766  0.15823291  -12.330489
-0.26151183  0.27719823  -13.085396
0.29384106  -0.024942541  -14.141749
0.15363708  0.13813618  -14.84603
0.040225618  0.14193746  -15.067963
-0.40047002  0.5290684  -14.570623
-0.22473824  0.31616706  -13.02727
0.021779753  -0.17355587  -12.747608
0.520067  -0.16170506  -11.898587
0.85064715  -0.45354745  -10.5603
0.48745015  -0.04437944  -9.65999
0.33496252  -0.26185498  -8.551391
-0.29548597  0.10521429  -8.214833
-0.51301813  0.05132316  -8.60997
-0.14029936  -0.1292115  -8.137656
-0.52683365  0.101494536  -8.042588
-0.20678332  -0.028446779  -8.664469
-0.23199074  0.15160361  -8.805128
-0.19073296  0.10307223  -8.437332
0.42804754  -0.2654896  -7.9502482
0.60726863  -0.09117015  -7.4845605
0.24661295  -0.11180606  -6.762185
-0.1139117  -0.056969576  -7.194219
-0.026587  -0.013673353  -9.276721
-0.05530459  -0.040155128  -10.07342
-0.28746334  0.14568563  -9.59065
-0.2695558  -0.23262402  -9.88567
-0.40530697  0.12554547  -11.0379505
-0.16480167  0.013220618  -12.116039
0.015357589  -0.053476695  -11.939483
-0.014052116  0.08603879  -11.119117
0.040414575  -0.076824486  -11.280191
-0.016898049  0.01587185  -12.980577
0.22387198  -0.09170676  -13.541532
-0.47252688  -0.30541632  -11.786381
-0.9030602  -0.21004787  -9.719491
0.3464121  0.4326586  -10.370988
1.4069353  0.52911  -12.3096895
1.5414468  0.3140045  -15.308715
0.42736858  0.18223196  -17.711159
0.53557575  0.19794373  -16.564865
0.6766726  0.3323147  -13.671379
0.17513585  0.16652061  -10.795121
-0.31580618  0.015092731  -8.110577
-1.2264469  -0.02447748  -5.71114
-1.4471912  0.07421704  -6.015177
0.6588646  -0.37348905  -8.251218
0.4766548  0.09406597  -9.696249
0.40319178  -0.27683458  -9.517705
0.42884207  -0.11307829  -8.671852
0.48801935  -0.3060315  -7.9796014
0.42086  -0.1884744  -7.8956294
0.08151941  0.0035533411  -7.653445
-0.45746768  0.07255356  -7.540551
-0.31923634  0.0073627853  -7.1983604
0.019156627  -0.5150384  -6.975213
0.4453862  -0.43135026  -7.748228
0.23239683  0.024672247  -8.757199
-0.3885478  0.24400046  -9.904311
-0.16706757  0.1995306  -11.716706
0.3267127  0.02448189  -13.416247
0.62359005  -0.093011566  -13.99665
-0.1469664  0.34586462  -12.226026
-0.34137952  -0.4889369  -11.29494
-0.93642175  0.013878156  -12.088933
0.07319216  0.34796765  -12.904471
-0.05484585  0.05134353  -12.720215
-0.36851457  -0.0844955  -10.957982
-0.0028732768  0.057848483  -9.358458
0.86897224  0.42816126  -11.206367
0.2532457  0.13930589  -15.366629
0.005667158  0.29718047  -18.855057
0.25453106  0.0048308335  -18.373041
0.09250562  -0.10341456  -13.804129
-0.19973724  -0.2571882  -8.113125
0.068929344  -0.2826781  -5.280764
-0.08213601  0.054117013  -5.1287975
0.097140215  0.09807943  -6.4649754
0.031125974  -0.08414938  -7.2547455
-0.07819766  -0.0812296  -7.8161845
0.02702531  0.080904804  -8.62003
-0.021093136  0.074816495  -9.236598
0.064610526  0.02955401  -8.849645
0.09942931  -0.11974642  -7.72088
-0.03928555  0.10452026  -7.171515
0.3287862  -0.0030490768  -7.2729974
0.27449745  -0.00710908  -8.002699
-0.29975513  0.012441772  -7.931575
-0.0064038183  0.06922025  -8.73319
-0.11244459  0.03942769  -10.0173025
-0.50207174  -0.179527  -11.428353
-0.66225255  -0.07569033  -11.711978
-0.061974186  -0.12918626  -11.769682
0.185029  0.044078674  -11.650345
0.0047130184  -0.037024256  -11.072667
0.0024345994  0.015538973  -11.50482
0.14868625  -0.013206227  -12.886289
0.18145694  0.06719835  -13.758713
0.07292359  -0.026167901  -14.2036
-0.3870225  -0.056595623  -12.774828
0.16172151  0.32184538  -11.770513
0.98333573  0.26525906  -13.794107
0.69052577  0.4082755  -17.181591
0.34112805  0.13785596  -18.38318
-0.6273666  0.4371081  -14.350432
-0.64419264  0.033539455  -10.211695
-0.2853042  -0.025742754  -6.7941027
-0.14116481  -0.016460417  -4.645099
0.044348482  0.0054916306  -4.5298023
0.014262075  7.775816E-4  -6.3325963
-0.1813823  -0.13476552  -8.894527
0.19653521  -0.047908798  -10.257683
0.45955023  -0.13062991  -9.119782
0.41358942  -0.25863245  -6.7959523
0.090974316  -0.16031103  -5.539693
-0.38504043  0.060632613  -5.422154
-0.11160683  0.15060504  -6.2695265
-0.0117631145  0.011785905  -7.2072997
0.08556183  -0.10452593  -7.8110304
-0.39678347  -0.0011172822  -8.805751
-0.47265232  0.20782043  -10.663801
-0.07064483  0.20020758  -13.962438
0.6445991  -0.15439978  -15.563471
0.6158423  -0.15490223  -13.899258
0.03935776  -0.014997723  -11.499913
-0.30570072  -0.24060276  -10.437603
0.0022613888  -0.10657989  -10.671816
-0.18239485  0.32766706  -11.770344
-0.123950735  0.31665486  -12.841738
-0.9796795  0.35883838  -14.396948
-0.49789688  0.45146328  -14.935012
0.5141084  0.60144836  -14.554038
0.78548837  0.26053768  -14.302928
0.88845587  0.019510599  -14.417121
0.33001298  -0.06557904  -14.401462
-0.324578  -0.16232097  -11.605965
-0.35892048  -0.3799473  -7.7938533
0.082755566  -0.32222512  -5.2889795
0.011359554  -0.010807988  -5.3945117
0.15713343  0.33763474  -7.370374
0.20797782  0.10702206  -8.6954775
-0.07608033  -0.034746256  -9.244456
-0.29325765  -0.04616708  -9.300366
-0.22058226  0.042163726  -9.868994
0.06551577  -0.024819467  -8.705597
0.10528174  0.08060347  -7.403737
0.5484095  -0.02096476  -6.427177
-0.019044677  -0.16543953  -5.8865323
0.0021464135  -0.33703288  -5.8157296
0.11883552  0.20099917  -6.1024256
-0.22706787  0.04188286  -7.1571484
-0.54491216  0.20386589  -9.308552
0.04091285  0.24915639  -12.473647
0.4324091  -0.33326942  -15.424384
0.19945586  -0.14055286  -15.237542
-0.08721033  -0.29433003  -12.903816
-0.3625576  -0.33430707  -11.173585
-0.06665202  -0.019667545  -10.406452
-0.036540855  0.17936172  -10.426161
-0.27070346  0.16240898  -11.069128
0.38524312  0.07638685  -13.060212
0.03435325  0.18929961  -13.632909
0.40218547  0.034113083  -13.215674
0.1070906  0.078461625  -13.148846
0.20906164  0.14988324  -14.419969
-0.031311087  0.01906835  -16.633516
-0.4095331  0.12084062  -17.79575
-0.090627186  0.057459537  -15.68937
-0.14131805  -0.08431288  -11.973877
-0.33627534  -0.12744595  -7.364877
0.021873655  -0.02425172  -4.295363
0.2406606  0.03260866  -3.6614342
-0.17372446  0.27894327  -6.0678396
-0.30226696  -0.062052034  -8.370298
-0.13917343  -0.06444343  -9.488457
0.019803355  -0.2064609  -8.432822
0.20169415  -0.18713126  -7.239085
0.095600255  0.012472738  -7.1277122
-0.21564156  -0.054666273  -6.6756215
-0.21565834  -0.038391605  -6.6857896
-0.053356953  0.046027098  -6.455362
0.35231736  -0.082117975  -6.410073
0.1460186  0.021993173  -7.918047
0.044187017  -0.024711223  -9.301675
-0.44009697  -0.13027023  -10.613201
-0.59328693  0.22415633  -12.81968
0.011423162  -0.004967121  -14.121336
0.28687721  -0.16040686  -14.108607
0.17305265  0.05525373  -13.947598
0.04163367  0.07174279  -14.450382
-0.1539207  -0.05364488  -14.28207
-0.6754104  0.05503992  -13.123222
-0.2899314  0.26850346  -12.408886
0.67169875  0.5465614  -13.691672
0.9832307  0.26935923  -16.320536
0.6780885  -0.013015249  -17.430462
0.20931423  0.16100153  -14.55102
-0.09122226  -0.26998767  -9.277723
-0.8261777  -0.61158824  -5.170799
-0.33145818  -0.4956069  -3.3594618
0.29569936  0.23927781  -4.4792376
0.23825197  0.41635442  -6.503655
0.17822634  0.07499806  -7.7609134
-0.55161893  -0.002774225  -8.590245
-0.11885999  0.17637216  -9.465513
0.8188276  0.16637304  -10.618074
0.16399384  0.18796177  -10.423274
-0.24982376  0.28020984  -8.470185
-0.03193352  -0.1813972  -6.435423
-0.09534798  -0.24447739  -5.260525
0.029547295  -0.19301534  -5.822192
0.39873755  0.3948402  -8.164596
-0.066942096  0.2247481  -9.306454
-0.6016355  -0.26150677  -9.940514
-1.0959253  -0.4205334  -11.663772
0.2958521  -0.20701288  -12.464279
0.99199903  0.050036848  -12.913463
0.104233325  -0.034022197  -12.74454
-0.5276537  -0.5666679  -12.938748
-0.71273863  -0.4255316  -13.581075
-0.8153527  -0.22657791  -13.060474
0.20771424  0.5510431  -12.187825
1.5599793  1.1195263  -12.439183
0.33287564  0.91355866  -13.663951
-0.040316895  0.4613707  -14.923859
0.31299445  0.72671056  -16.064417
-0.10381917  0.083177514  -17.129467
-0.28653738  -0.07733154  -14.742055
-0.6094314  -0.11943009  -10.427396
-0.6057388  -0.4178711  -5.435582
-0.26853347  -0.33368948  -3.191363
0.5852226  0.49361572  -4.3517203
0.1632427  0.28084916  -7.290277
-0.06615832  0.0783083  -9.736955
-0.2384594  -0.030622387  -10.740211
0.012009377  -0.116124995  -9.831483
0.12164342  -0.33985773  -7.415328
-0.0334491  -0.071696475  -5.211134
-0.34076834  -0.07236758  -3.9478462
-0.2044283  -0.07806761  -3.8434277
0.45293868  -0.015156188  -4.5822268
-0.34701222  -0.112749785  -6.7239366
-0.66377383  -0.14921302  -9.09016
-0.58312666  0.23660038  -12.1262455
1.0481352  0.43014988  -14.74461
1.8816763  0.032645524  -15.406658
0.644752  -0.070913866  -14.828988
-0.062997915  -0.24556297  -13.722978
-0.82876664  -0.011561964  -12.929567
-0.10675294  -0.0957351  -13.113594
0.3072763  0.2077542  -13.078019
-0.24242364  -0.010853065  -11.682048
0.004865656  -0.17403848  -9.912118
-0.04228685  1.1395525  -10.600014
0.34553185  0.75613487  -14.2680025
0.7959295  0.42688775  -17.936382
0.5165001  -0.27137396  -16.748123
-0.31143862  -0.4602949  -11.958768
-0.64499086  -0.4397888  -7.0431237
-0.10165914  -0.7029102  -4.317193
0.58283603  0.36168802  -5.1786256
0.42771524  0.70770645  -7.508081
-0.16702458  0.21076013  -8.750122
-0.30831927  0.012602999  -8.859546
-0.31571603  -0.029977744  -8.644054
0.046642367  -0.016759397  -8.203043
-0.16189216  -0.2467779  -7.550942
-0.11805176  -0.09106819  -6.558132
-0.027502611  -0.06762675  -5.906723
0.034408174  0.01578104  -6.1810703
0.32277355  0.20742933  -7.193736
0.2473532  -0.06718687  -8.83844
-0.002134726  -0.04580074  -10.452984
-0.27129215  -0.03759356  -11.447378
-0.45401618  -0.0719219  -11.28821
-0.2221007  -0.19244358  -11.367602
0.10756968  0.12146528  -12.183926
0.18093288  -0.07815596  -12.982696
-0.17118034  -0.03178345  -13.280748
-0.2570874  -0.16577093  -13.18364
-0.4019594  -0.26884767  -13.08845
-0.058725458  0.019267559  -12.262975
0.18217416  0.11037076  -12.080092
0.43296823  0.052074317  -12.375449
0.020798918  0.44745868  -12.011302
0.06543941  0.54685766  -13.163552
0.7509841  0.6585228  -15.530069
0.5393297  0.18062352  -16.785686
-0.40874746  0.15452833  -15.14033
-0.6319898  -0.14278905  -11.779605
-0.51046634  -0.14322859  -8.236407
-0.2449203  -0.17974707  -5.493109
0.0012886032  -0.0829658  -5.4183235
-0.0842311  0.26572612  -7.7153683
0.297398  0.008305285  -10.205916
0.30145317  -0.17111212  -10.895429
0.31513327  -0.13077499  -9.629387
0.1263959  -0.3047051  -7.71459
-0.057035636  -0.10636204  -6.701844
-0.06900208  0.02447764  -6.4196796
-0.0070842705  0.062887534  -6.6356826
-0.12941016  -0.10251404  -6.2543526
-0.12367377  -0.16957533  -5.8101788
-0.099351615  -0.041220754  -6.623887
-0.16802044  0.020224968  -8.036486
-0.0046173157  0.24353097  -9.134896
0.2187852  0.11417017  -10.559023
0.26857015  0.12758777  -12.461112
0.41923603  -0.016373625  -13.389646
0.18029457  -0.019301761  -12.846317
-0.005965935  -0.27164596  -11.78063
-0.17855959  -0.25505558  -12.212812
-0.33666348  0.030107794  -14.335743
-0.4008764  0.20337634  -15.808577
-0.16408215  0.040494744  -15.173591
0.5815598  0.31447086  -13.756721
0.7237011  0.37415302  -12.833501
0.34766725  0.36045432  -13.894325
0.1899098  0.11067527  -15.735947
-0.16202961  -0.33312374  -15.748178
-0.30772445  -0.13608217  -11.721672
-0.53125274  0.01779422  -7.119293
0.01743508  -0.06079115  -4.8781595
1.3109312  -0.12070363  -5.6428022
-0.11970276  -0.0040464755  -7.839831
-0.22003676  0.051451597  -9.188797
-0.043084033  -0.13589902  -9.296644
0.024554566  -0.46349347  -8.23268
-0.11823919  -0.12392731  -6.6238236
0.04862726  -0.03501643  -5.3645916
0.48484755  0.4055176  -5.288099
0.39561114  0.36382794  -6.6529303
0.47232962  0.16913965  -7.5258446
0.077719115  -0.26937234  -7.83735
-0.8989329  -0.22163711  -8.102176
-0.94933105  -0.23742244  -9.091663
-0.109286435  0.011005354  -10.402576
0.18021812  0.015905133  -11.139569
-0.25271288  -0.16402994  -10.93002
-0.4310446  -0.37145633  -10.345371
0.24576767  -0.13133791  -10.300369
0.16149257  0.23496622  -11.13627
0.9947681  -0.08193193  -12.875125
0.7413594  -4.1056683E-4  -13.496551
-0.4897957  -0.50084716  -13.6872425
-1.3942431  -0.54729944  -14.480101
-1.0601243  -0.47793484  -14.252985
-0.3275853  -0.36139765  -13.071205
1.2067045  0.8831232  -12.3141575
1.0127207  0.75532836  -13.454906
-0.9202759  -0.025368018  -15.504496
-0.63565147  0.9368639  -17.060236
1.3088515  0.47679168  -16.19558
0.6074333  0.5115362  -13.107887
0.60736966  0.57784116  -9.384332
0.4012509  0.33038217  -6.443375
-0.16642033  -0.29663154  -5.0704317
-0.68348473  -0.3348271  -5.0732718
-0.45411852  -0.13604663  -6.98035
-0.20741996  -0.12680727  -10.571649
-0.40922818  0.047267422  -12.532652
0.00321204  0.15565935  -12.003799
0.26235625  -0.049105216  -9.554689
0.24496323  0.113531925  -7.0988326
0.37054777  0.0349456  -6.443808
0.0711153  -0.15168852  -7.5723057
-0.2571817  -0.05716103  -8.197809
-0.41700447  0.05074806  -7.727544
-0.42380083  -0.06924643  -7.755406
0.2572806  -0.022730527  -8.636699
0.40593114  0.19053449  -9.995173
0.22259027  0.042505343  -10.159917
-0.18664797  0.2717261  -9.5773
-0.22171147  0.030085983  -10.1092005
-0.08643787  -0.20397808  -11.462861
-0.3738245  -0.37723222  -10.708274
-0.5347668  -0.4070841  -9.305657
-0.39864406  -0.19058675  -7.8791676
0.29701662  0.1734185  -7.537395
0.8625286  0.2439656  -9.036518
0.3904935  0.19326751  -12.174226
0.11256203  0.15122157  -14.156451
0.008981728  -0.100908615  -13.463827
-0.34737322  -0.103184626  -10.726526
-0.6552513  -0.01826181  -9.192651
-0.13760102  0.12536408  -9.069722
0.6568764  0.03967769  -10.0431595
0.0108467145  -0.084970884  -11.180611
-0.41811776  -0.027922148  -11.1733
-0.31118906  -0.006929003  -9.903865
0.021571131  -0.06744361  -9.020268
0.1859336  -0.020684948  -9.353937
0.22316337  0.022066303  -9.901711
0.06848643  0.15388162  -10.693143
0.39714858  -0.038156874  -11.954874
0.19767912  -0.053891342  -11.54048
-0.08730801  -0.18082537  -10.006969
-0.33154488  -0.07439681  -9.255263
-0.26987758  0.02904017  -9.463612
-0.013785892  0.015811509  -10.129321
0.013181349  0.09316016  -10.072243
0.057655342  0.022473328  -10.8134
0.31060582  -0.04333314  -10.963703
0.16995099  0.008928678  -10.904444
-0.04724572  -0.038505595  -10.906886
0.001531074  -0.11112113  -10.014433
-0.30604944  0.020327652  -9.576699
-0.057795364  0.06424103  -9.500955
0.07489918  -0.112492315  -9.492985
-0.120824374  -0.10265836  -9.591593
0.029358817  -0.08098571  -9.560029
0.2045286  -0.06171203  -10.0698185
0.3958726  -0.018394604  -10.58668
-0.045872808  -0.10107267  -11.146409
-0.2305612  0.03457582  -11.349148
-0.18078555  -0.05637111  -11.036207
-0.023040894  0.060667273  -10.7477
0.3981685  -0.08173763  -10.570336
-0.0800629  0.067759775  -10.010373
-0.5418732  0.2453095  -9.737423
-0.12925291  0.062055517  -9.688098
-0.056627486  -0.131036  -9.804813
0.10610403  -0.024951879  -10.331605
0.16104448  -0.12373764  -11.242336
-0.34468624  -0.11767537  -10.40144
-0.2950382  0.40407956  -9.844241
-0.13503933  0.27375963  -10.247457
1.0209041  -0.06430098  -10.440599
0.7162255  -0.62776154  -10.957385
-0.56754607  -0.2571643  -10.296988
-1.0539178  -0.028932283  -9.918436
-0.12750868  0.14670607  -10.478892
0.66380423  -0.10323097  -9.809808
-0.016828882  -0.18955001  -10.125183
-0.23375657  0.13186531  -10.335507
-0.25337324  0.13314229  -10.37857
-0.20069127  -0.028534668  -9.768412
-0.10636882  -0.0040892116  -9.84262
0.4208858  0.04187906  -9.592812
0.8137233  -0.42187533  -10.112129
-0.29419813  0.12022832  -10.387487
-0.575483  0.031947643  -10.151496
0.3314461  -0.18679927  -10.80101
0.3600233  -0.088230915  -10.773206
-0.08132235  0.06503367  -10.683825
0.04038432  0.10162364  -11.584975
0.15358828  0.034833718  -10.819156
-0.20929752  -0.17868233  -10.030219
-0.16274245  0.101280935  -9.602869
-0.050119717  0.039198454  -10.079872
-0.03185183  -0.09553722  -10.919748
-0.08827413  -0.07783357  -10.112898
0.04080501  0.07044983  -9.649634
0.07199435  0.038328264  -9.650545
0.0043879417  -0.052019373  -10.322528
-0.123594426  -0.051057324  -10.923243
0.080396935  0.003976493  -10.8524475
0.09698074  -0.037275735  -9.9815645
0.041192465  0.10996158  -9.989832
0.28251842  -0.16457897  -10.578358
-0.031649176  -0.14940721  -10.921459
-0.1310411  -0.015363099  -11.319768
0.019798545  -0.11576975  -10.370398
0.10751238  0.07294856  -9.18795
0.1684741  -0.03991075  -9.7676325
-0.041344937  0.017890269  -10.902057
-0.15942642  -0.09578845  -10.656117
-0.03208155  -0.024576958  -10.180404
-0.06799492  0.021246709  -9.897845
0.115621686  -2.901613E-5  -10.030073
-0.06324419  -0.013547958  -9.7845955
-0.043948017  -0.027198128  -9.801145
-0.010786317  0.098226584  -9.97669
-0.12862828  -0.020456055  -10.23601
-0.043626424  -0.030564144  -10.4309845
0.017132329  0.032762498  -10.654122
0.30912247  -0.071008675  -10.395464
0.05944927  0.070853755  -10.430509
-0.21378578  0.10072872  -10.534118
-0.11518684  0.027831744  -10.277086
-0.013290974  0.09159694  -10.467109
0.16087838  0.03420789  -10.882137
0.08558235  0.030542849  -10.643943
-0.10002741  -0.031894352  -10.023936
0.092281416  -0.04258056  -9.876066
-0.13979793  0.019305715  -10.458458
-0.33745807  0.103182256  -10.478262
-0.015413265  0.15239516  -10.464513
0.105020955  -0.0047233095  -10.299666
-0.38509807  -0.0372748  -9.861067
-0.209848  -0.08587055  -10.056926
0.19926356  -0.11926813  -9.806933
0.40755835  -0.0033569064  -10.084226
0.1280607  0.14708695  -10.124613
-0.28668332  0.06472258  -10.18794
0.07802794  -0.11593672  -10.091843
0.035070263  0.0266771  -10.331341
0.2523434  0.029831504  -11.071429
-0.15229365  -0.026389554  -11.020521
-0.07148024  0.009621618  -10.625
0.016293325  0.066371426  -10.115253
0.17792156  -0.012449933  -10.297156
-0.023315802  -0.014395671  -10.299277
-0.18362589  -0.003131795  -10.21443
-0.061004154  0.004056834  -10.10863
0.2039495  -0.0036367795  -10.268139
-0.016043626  0.01486395  -10.230359
0.05597692  -0.0013478238  -9.980464
-0.07701305  -0.035301182  -9.410428
0.085649714  -0.033663504  -9.970597
-0.022232262  0.1079553  -10.24451
-0.04540939  0.14651604  -11.101396
0.1138072  -0.03668445  -11.338339
-0.015159023  0.0010997636  -10.933269
-0.14451148  -0.0947764  -10.684245
0.06336578  0.04389876  -10.745932
-0.0046318164  0.108340494  -10.486551
-0.27172327  -0.08709622  -10.315331
-0.07768835  -0.016916467  -9.806214
0.008484731  0.01254698  -9.571777
0.1875191  0.0719674  -10.08085
-0.08803321  -0.13375257  -10.725982
-0.08805499  -0.076443546  -10.398634
-0.032607656  0.0507935  -9.309792
-0.048121005  -0.09518116  -9.741059
0.18430375  0.085569054  -10.413971
-0.12035198  0.013171004  -10.788304
-0.2204787  -0.020479932  -10.389245
0.0819244  -0.13730633  -10.085411
0.009371466  0.01864882  -10.477761
-0.037421882  0.08651778  -10.421868
0.04557303  -0.007102419  -10.585024
-0.056081675  -0.02309295  -10.665634
0.15184146  -0.035876725  -9.864165
0.18016498  -0.014209043  -9.378883
-0.104396924  0.033427566  -9.783955
-0.22613212  -0.052444857  -10.456262
-0.001280539  0.02198754  -10.679569
-0.13780695  0.056223664  -10.456989
-0.0032801859  0.07737118  -10.689197
-0.318232  -0.0032682894  -10.008553
-0.31021523  0.11178231  -10.271045
-0.08466272  -0.09016828  -10.618356
0.20720287  0.020198429  -10.552536
0.1759483  0.007404678  -10.412249
0.057577547  0.036777806  -10.811303
0.037875794  -0.11721904  -10.670017
-0.3627543  -0.07494342  -9.978021
0.048709836  -0.025178768  -9.654981
0.03382905  0.06253862  -10.057824
-0.023237113  -0.1397309  -9.88865
-0.0036584302  -0.1455904  -10.238576
0.25215834  0.024797784  -10.259917
0.17580801  0.06422374  -9.961406
0.016300788  -0.030639304  -10.124276
-0.17406346  -0.0701975  -10.119313
-0.2869924  -0.031396687  -10.107731
0.015843825  0.17658348  -10.3003435
0.45761633  -0.11790531  -10.457304
-0.4119146  -0.010267786  -10.181118
-0.05105081  0.12654033  -10.469393
0.12034292  0.111798055  -10.374767
0.26073384  0.031988177  -10.457858
-0.152284  -0.1275749  -10.524324
-0.22733234  -0.03599375  -10.136096
-0.16602167  0.012387233  -10.022275
0.07031645  0.045714017  -10.160523
0.079143226  0.067344375  -10.248951
0.09525312  -0.03057608  -10.244274
-0.15285073  -0.032378387  -10.181209
-0.06466337  -0.02503692  -10.309326
-0.0028962835  0.014305474  -10.306065
0.13622968  -0.0038349302  -10.6917095
-0.053989843  0.020854121  -10.54231
-0.06527443  -0.0022856793  -10.33203
-0.17077379  0.076623365  -10.181019
0.14644453  -0.051070817  -10.055971
-0.08350215  -0.015114411  -10.159296
0.03607688  -0.08457763  -10.285422
-0.04620228  0.15296459  -10.344173
-0.14866604  0.0037281124  -10.145409
0.17028977  -0.093244664  -10.193408
-0.0013536132  -0.0511157  -10.675033
0.03309967  0.03349765  -10.742476
-0.16650854  0.010650116  -10.128868
-0.07246472  0.061432928  -9.898131
0.10325021  0.005298821  -10.196494
0.42732805  -0.15842398  -10.557548
-0.24567771  -0.11118463  -10.304228
-0.16167033  0.036023904  -10.161338
0.046050947  0.062430814  -10.079149
0.0445015  0.013631742  -10.0706215
0.3333002  0.075031325  -11.0681715
-0.25594833  0.013870001  -11.159289
-0.14557324  0.004008763  -10.484083
-0.2597304  0.051609393  -10.064744
0.071922906  -0.021139989  -10.366847
0.52707523  -0.002694509  -10.237696
-0.0128812445  -0.10357606  -10.675971
-0.017012889  -0.02260326  -9.651717
-0.2557895  0.046701144  -9.631567
-0.1997973  -0.07953737  -9.588903
0.19925927  0.0736292  -10.755023
0.24129358  -0.18612744  -10.808812
-0.21596393  0.08371654  -10.961244
0.029885711  -0.07444111  -10.066878
0.2766572  -0.1152949  -10.013723
-0.04578939  -0.038932245  -9.728096
0.07859321  0.026121901  -9.453697
-0.19781822  0.12480292  -10.182009
-0.047840793  -0.07505392  -10.608577
-0.10888854  -0.03560245  -10.824442
-0.015882354  -0.080222376  -10.477854
-0.0824936  0.09086009  -10.190293
0.24182867  0.037133172  -10.344543
0.03470078  -0.027472543  -10.584752
0.024808021  0.011831462  -10.40498
-0.27294216  -0.023528434  -9.896461
0.07361802  0.12652229  -10.015313
0.09846304  0.07059641  -9.905142
0.3340413  -0.11230799  -10.259581
-0.08237099  -0.15849245  -10.549561
-0.6681392  0.042139605  -10.543785
-0.2624012  -0.10759083  -10.278104
0.35758892  -0.036187116  -10.503898
0.47373894  0.04130691  -10.599726
-0.0075494205  0.053698134  -10.143756
-0.40495193  -0.029445428  -10.033558
-0.16858737  0.020235784  -10.543022
0.1911709  -0.2149904  -10.75558
0.12162181  0.12089152  -10.36313
0.18999743  -0.023827089  -10.084108
-0.028769625  -0.09176731  -9.432722
-0.27327234  0.038518306  -10.195268
-0.12543729  -0.059605733  -10.2139
0.056574482  -0.01504506  -10.276903
0.1477282  0.110804565  -10.426371
0.20072697  0.016780438  -10.552367
-0.052157957  0.0055461605  -10.05087
-0.24592093  0.006353071  -9.944355
-0.055958577  -0.09309424  -10.181809
0.1565461  -0.05466352  -11.1440935
-0.06127551  -0.04747155  -10.799615
-0.110343754  -0.09258365  -9.905492
-0.11546537  0.01788486  -9.609632
-0.16723374  0.051920917  -9.87246
