-3.5819392  -1.1632502  -9.208
-3.4122407  -0.980189  -10.151
0.4427553  -0.6200747  -12.096609
-0.44041377  0.04949576  -11.012224
0.03098958  0.06456182  -10.274397
-0.009848306  -0.090586655  -10.551569
-0.13413504  0.052904904  -10.633351
0.11327762  -0.058633212  -10.357901
0.17020266  1.422546E-4  -10.3511305
-0.124055535  0.029623084  -10.415085
-0.011469015  -0.14227615  -10.293387
-0.019619357  0.06816846  -10.225541
0.006893868  -0.002721263  -10.507312
0.10988666  -0.031887315  -11.073894
-0.2282216  0.021571593  -10.751841
-0.06685385  0.005772393  -10.192955
0.19175775  0.13393116  -10.074894
0.015330953  0.04313255  -10.021141
-0.026789421  -0.03674895  -10.4093485
-0.023761101  -0.013543838  -10.343572
-0.059795406  -0.10333061  -10.338812
0.090504155  0.0038944918  -10.349646
0.017370805  -0.08197517  -10.597069
0.097054645  0.14191097  -10.881326
-0.059924122  0.12361042  -9.999588
-0.112348475  0.050990358  -9.55083
-0.22433919  0.04233421  -10.073716
-0.43885696  0.085103385  -10.700211
-0.0018834956  0.075355604  -10.406861
0.1292506  0.15728179  -9.849984
0.116151765  0.023291247  -9.285505
-0.13831076  -0.06982347  -9.733168
-0.18604487  -0.12542589  -10.485598
-0.14984596  -0.0810747  -10.664683
0.3271583  -0.028570496  -9.87166
0.31069195  -0.16308028  -9.777255
-0.21441391  0.08629847  -10.669489
-0.47050858  0.23867413  -10.547131
-0.045439232  0.05292812  -10.077709
0.27685225  0.18700008  -9.438104
0.022546707  0.17177199  -9.383984
-0.08540653  -0.08614508  -10.110687
-0.3395861  -0.05453336  -10.531901
-0.16821358  0.031936407  -10.369732
0.0090634925  0.13680632  -10.152565
0.14567074  0.034266036  -10.0185995
0.05650416  0.12838829  -10.479758
-0.082562186  0.22071543  -10.506047
0.026049402  0.2708529  -10.219558
0.040630206  -0.044312097  -10.103717
0.09279473  -0.23425344  -10.213502
0.23113742  0.004267823  -10.562131
-0.023641044  0.02431015  -10.3870945
-0.25824767  0.09237345  -10.025502
-0.13057305  0.08796272  -9.394256
-0.07785091  -0.15570796  -9.703516
-0.07544815  -0.1560722  -10.73197
-0.009353923  0.28460068  -10.216686
0.07455913  0.03297689  -9.4879265
0.06293386  0.059507295  -9.856574
-0.25282252  0.041385338  -10.483072
0.22408624  -0.08993662  -10.46496
0.25026897  0.08091175  -10.598438
0.102071635  0.1327878  -10.885318
0.24464987  -0.0137134595  -9.436729
-0.5140145  -0.11511078  -9.415474
-0.20812958  -0.26629606  -11.586983
0.052173655  -0.023696741  -10.408603
0.16910525  7.4498856E-4  -8.22978
-0.3626563  0.0012340159  -9.528183
-0.08346734  0.077212505  -11.31796
-0.42625704  0.093187176  -10.220318
0.28478047  -0.27567068  -8.58548
0.15916081  -0.011950212  -9.504331
0.044672  -0.16275328  -10.78628
0.048101466  -0.14053781  -12.274735
0.15588035  -0.23714249  -14.286468
-0.060105614  -0.26522893  -15.015411
-0.042223357  -0.027720327  -14.493501
-0.44556925  -0.05111984  -14.169895
-0.1830179  -0.12340312  -13.756898
-0.08473142  -0.21672519  -13.781326
0.017742695  -0.13553831  -13.188546
0.27460515  0.0047288975  -12.036933
-0.53095645  -0.3264096  -9.853565
-0.05674599  0.15068768  -9.033562
-0.2747809  -0.014895639  -8.361711
-0.11733515  0.16562653  -7.0872517
0.2490737  0.16933982  -5.8703938
-0.09356692  0.11963325  -6.5724053
-0.04940471  0.053094573  -6.3146057
-0.18335573  0.25501657  -6.2708306
-0.13033389  0.00837483  -5.785642
0.3038852  -0.120782666  -6.720891
-0.24782644  -0.057026427  -7.9854026
-0.108259246  -1.1754637  -9.250895
0.016553646  0.13652442  -9.525779
-0.009836647  0.14705028  -9.584204
0.08891307  -0.11932369  -10.363706
-0.24870789  0.074589334  -11.331433
-0.3852676  0.04392387  -11.871378
0.2744692  -0.062063634  -11.501308
0.54811776  -0.028511645  -10.309073
0.24893874  0.2687587  -8.6341
-0.16277131  0.41822237  -8.175118
-0.76241416  0.1988335  -9.953889
-0.5979122  -0.722748  -13.148062
-0.24179065  -0.39567417  -14.824601
0.743998  -1.0017695  -14.608049
0.64687866  -0.44441763  -15.220781
-0.14301269  -0.08858593  -17.552618
-0.43977523  0.32498223  -17.421843
-0.05030695  0.2637954  -14.846442
0.092513114  0.25584474  -11.550848
0.2539375  0.10698102  -8.395753
-0.11232917  0.18158828  -6.503133
-0.24731375  0.016869688  -6.9520144
-0.047442768  -0.24137786  -8.251858
0.10031372  -0.09646162  -8.358607
-0.08050125  -0.06390767  -7.5054526
-0.027875468  -0.052731074  -6.864303
-0.2294169  0.091286086  -6.8821497
0.20726453  0.08362192  -7.374312
0.90088505  0.32819805  -7.498143
0.25640807  0.32013714  -6.9145894
0.2004044  0.02020785  -6.798744
0.049397163  0.066314384  -7.337206
-0.203049  -0.047996484  -8.271141
-0.10153197  -0.039947476  -9.075271
0.27758422  0.06124331  -9.214815
0.22653674  7.522282E-4  -9.876553
0.104212336  -0.48337892  -10.487793
0.14824975  -0.19578993  -11.388141
-0.008891072  -0.23959559  -12.538258
-0.066464975  -0.31909153  -14.231835
0.3913458  -0.116830096  -14.427042
0.3915453  -0.5428838  -14.08376
-0.81045735  -0.7824739  -15.108775
-0.7848345  -0.3411897  -17.200142
-0.13080725  -0.06977997  -17.530804
0.22157477  0.018172795  -14.6538105
0.084360026  0.0075356932  -12.478279
0.061367333  -0.05976149  -10.440496
-0.03190896  -0.024884542  -9.378508
0.15195777  0.06325105  -8.628816
0.0765337  0.014750281  -7.9066763
-0.18289179  0.092358775  -7.1324387
-0.3973611  0.03402118  -6.8510027
-0.24973382  0.043997575  -6.541355
-0.052287336  0.1786611  -5.7314625
0.23698282  0.19690323  -5.794928
0.23232855  -0.07336043  -6.852045
0.24329674  -0.07566396  -7.555313
0.16812158  0.06352772  -7.8764405
0.00581024  -0.016400388  -7.6787558
-0.1759451  0.18127503  -7.7430882
-0.46475902  0.44616184  -8.572795
0.28350753  0.32677385  -9.177261
0.502646  0.2953352  -9.341238
0.062377624  0.19779778  -9.223193
-0.5559167  0.0061744517  -9.482477
-0.4276923  -0.3730713  -10.120204
-0.30993766  -0.5128808  -11.53619
-0.15008733  -0.617681  -14.230457
-0.1228639  -0.333176  -15.862788
-0.76587003  0.41472986  -15.376789
0.29876557  -0.05528287  -14.01727
1.4342597  -1.0573615  -15.688272
0.19953421  -0.66783935  -17.908363
-0.95375925  0.04345185  -17.531086
-1.0037758  0.5203687  -13.535855
0.39878368  0.3282555  -9.691332
0.77542776  0.2619093  -7.7534385
-0.049899604  -0.29374743  -8.369375
-0.7459422  -0.5940057  -9.525484
-0.5711504  -0.19639684  -9.770587
-0.2099132  -0.16374141  -8.931145
0.15905441  0.19903596  -8.008271
-0.01239774  0.26614738  -7.122793
-0.26003104  0.088585295  -6.399804
-0.22431469  0.19441253  -5.961551
0.14066401  0.11731369  -5.3684587
0.27878928  0.34351  -5.233843
0.098598145  0.23229277  -5.49396
-0.04714102  0.06210313  -5.6994443
0.03786054  -0.22874537  -6.5913987
-0.08741698  -0.1079181  -7.761279
0.08703953  -0.17900242  -8.349967
-0.025043653  0.05585783  -9.571761
0.058493007  -0.12380415  -11.356799
0.06425105  -0.1389757  -12.836589
0.2386363  -0.010779793  -13.737871
0.20301513  -0.047654983  -14.294251
-0.029077334  -0.057880733  -14.716268
-0.33192387  0.3924346  -15.12519
0.2777392  -0.11075362  -14.949119
0.5079384  -0.29535818  -15.399501
-0.4026935  -0.5274345  -17.832874
-0.6529431  -0.30205312  -18.46551
-0.4644291  0.13355505  -15.803986
0.22822207  0.17070134  -12.129009
0.43537077  0.08914282  -9.015163
0.26189288  0.077786624  -8.255437
-0.117895655  -0.2509803  -8.957072
-0.30746347  -0.13369116  -9.344177
-0.21044599  -0.048815314  -9.705645
-0.15148158  0.09326295  -9.501076
-0.19510846  0.24617796  -8.381396
-0.14444602  0.24072915  -6.0960665
-0.003677768  0.059755784  -4.809513
-0.1967602  0.17219368  -5.3783183
0.09672126  0.06603208  -6.695714
0.00624641  0.07389413  -6.7375646
0.008067229  0.14974803  -6.125019
0.22831897  0.0479996  -6.433203
0.13859808  0.03020253  -7.1274633
-0.19287324  -0.119115226  -7.7665696
-0.0906719  0.0045133694  -7.7632904
-0.026197888  0.06614136  -8.117659
0.2077372  -0.24983843  -10.018332
0.07545928  -0.19530904  -11.649644
-0.06430981  -0.15776335  -12.355662
-0.13050851  -0.040782765  -14.421589
-0.22102676  -0.15300357  -16.539267
-0.31748882  0.153849  -16.632343
-0.37435973  0.49319685  -14.566602
0.53004134  0.015385924  -12.503336
0.5573105  -0.25542334  -12.444357
-0.25643855  -0.4693883  -15.474917
-0.69825566  0.004705072  -15.983107
-0.59056276  0.21117993  -13.371203
0.13776165  0.21644747  -9.95868
0.30444276  0.12911716  -7.7490954
0.02902838  -0.10085514  -7.9692125
-0.05404474  -0.32762387  -9.839456
-0.114148125  -0.12602015  -10.854458
-0.06833181  -0.017148975  -10.436909
-0.099273786  0.14610308  -9.2350445
0.11130026  0.04577982  -8.227185
-0.04594791  0.0951795  -6.8676167
-0.59429497  0.23312578  -6.074036
0.02869278  -0.17995636  -7.080171
-0.05910329  0.060272623  -7.695248
0.15105118  0.03164185  -6.641482
0.20344844  0.0016296407  -6.652683
-0.11961523  -0.0030212367  -8.211554
-0.24707864  0.05109908  -8.153959
-0.0165085  0.10294902  -7.768329
0.67445374  0.03184653  -9.543451
0.4493324  -0.24816322  -10.651836
-0.27168226  0.26381937  -10.138453
-0.21954048  -0.15860584  -10.584003
0.02398429  -0.38768408  -14.316242
0.093454696  0.08740844  -15.715351
-0.01083281  0.103930354  -14.027678
0.19058931  -0.07813441  -12.899303
0.05657424  -0.32935575  -14.453283
-0.2907301  -0.48548642  -15.922355
-0.21895806  -0.0644446  -16.13949
-0.20509319  0.18629162  -13.928063
0.044754468  0.17865624  -10.729203
0.6480927  0.35103446  -8.921908
0.39332595  -0.14607789  -8.708093
0.29158562  -0.31440774  -8.765735
0.029647682  -0.053597845  -8.925561
-0.48761204  0.10037001  -9.223631
-0.5751142  0.21259096  -8.560251
-0.56087106  0.16042167  -6.6846814
-0.1889153  0.3123981  -5.3601794
-0.16629566  0.29390374  -5.1299725
0.53482836  -0.025097987  -6.5913095
0.7910973  -0.32356212  -7.996709
1.0063494  -0.0129514495  -9.0348625
0.20514765  -0.2517218  -9.648591
-1.0634966  -0.051159684  -9.422644
-1.0054489  -0.041777577  -10.765473
-0.22869425  0.103333265  -11.664041
0.27267346  0.16998287  -11.245774
0.49156582  0.072142065  -9.891032
-0.045138635  -0.019686086  -9.848816
-0.219559  -0.48532668  -11.649441
-0.16550164  0.18597466  -12.702529
0.070818305  0.4232052  -11.197005
0.54354674  -0.37529966  -11.039538
-0.16455176  -0.50785303  -12.939554
-0.13367425  -1.1652298  -14.019863
-0.17925565  -0.17587654  -13.80931
-0.034870055  0.20521572  -13.755157
-0.5105113  0.4225066  -13.8803005
-0.34337005  -0.1282121  -11.952225
0.18022826  0.19888197  -10.085906
0.33597323  0.16029678  -10.030567
-0.015226758  0.10234512  -10.182725
-0.3290789  -0.03296107  -9.510487
-0.014927738  0.052345604  -8.928831
-0.0065151625  -0.15155299  -8.796352
0.015853722  -0.084871784  -9.171619
-0.19810106  0.03318761  -8.976683
0.0112975575  0.10789257  -7.9403334
0.16848059  0.090244465  -6.911964
0.022416813  -0.099399954  -6.6640353
-0.1006788  -0.007391255  -7.1783524
0.09034981  -0.07810736  -6.451003
-0.101428166  -0.043251175  -6.0983443
0.008844119  0.009387039  -6.0882497
0.028546467  0.0480882  -6.5952263
0.12912521  0.18022631  -6.252902
-0.022370918  -0.026678901  -5.6820803
-0.0372915  0.027780408  -6.5253425
-0.05963991  -0.01641315  -7.3158584
-0.14394332  0.022741359  -7.6056833
-0.25629747  0.10688088  -8.2449255
0.20680751  -0.16575605  -10.72219
0.43293068  -0.09965103  -12.380325
0.4879856  -0.14012225  -15.682911
0.55766785  -0.28138417  -17.723557
-0.50958276  -0.071828954  -19.615536
-0.7278053  -0.3137431  -19.60995
-0.28108603  0.095880054  -18.864616
0.2622396  -0.012221137  -16.131725
0.12220092  -0.06519552  -15.345641
-0.20212907  0.089745715  -14.22497
-0.14579679  0.17506412  -11.656975
0.110674925  0.15819308  -8.844413
0.30773976  0.07547823  -7.2107415
0.15332688  0.10086217  -6.9593997
-0.06868247  -0.10718252  -6.8157344
-0.23267223  0.024606766  -6.07336
-0.23414858  0.15120931  -4.486736
-0.13807137  0.11288231  -3.0642061
0.38092935  0.1624705  -2.5669105
0.51056695  -0.11739978  -3.1582615
-0.20016785  -0.18374488  -4.0581684
-0.69287485  -0.24151683  -4.850311
-0.23240991  -0.14893991  -6.3471966
0.2104428  0.020124985  -7.6041503
0.28996393  -0.051479187  -8.768468
-0.23191893  -0.102494925  -10.276815
-0.5966483  -0.11443816  -14.282156
0.013169886  0.1465255  -17.219963
0.46844807  0.20817617  -16.349094
0.49426627  0.116724305  -15.940757
-0.36979228  -0.31890258  -17.842213
-0.7302449  0.13758223  -19.2732
0.27365637  0.09615168  -16.779575
0.39476123  0.112683184  -14.28578
0.19537772  -0.17460184  -14.425781
-0.27011418  0.008693843  -14.0075
-0.26618937  -0.027091764  -12.712263
0.038793407  0.10322374  -10.883763
0.004732517  0.029281186  -9.202171
-0.13655363  0.059808712  -7.9249544
-0.491051  -0.04645496  -7.3058815
-0.006972909  -0.06392159  -7.090332
0.4167851  0.18230613  -6.0996222
0.18042396  0.17301418  -5.315776
-0.15428963  0.09676325  -4.65
0.038576487  0.008727787  -4.3196597
0.22122933  0.0672042  -3.4573252
0.25434345  0.05199591  -4.155183
-0.25149035  -0.045069493  -5.635704
-0.43143275  -0.1997046  -6.9457126
-0.21588187  -0.29229996  -7.099178
-0.274353  -0.13358307  -7.303656
0.16644806  0.0723669  -9.48954
0.43937668  0.12587708  -13.12813
1.0481788  -0.28865844  -14.657115
0.5684427  -0.24074621  -15.573555
-0.5109767  0.09302605  -18.40396
-0.6922788  -0.3950169  -19.082493
0.33900744  -0.058268607  -17.785788
0.4243669  -0.12688667  -15.831859
0.014413953  0.10333927  -15.811471
-0.30770257  0.3346142  -15.031577
0.08728347  -0.29983458  -11.304726
0.74508476  0.17732102  -8.712021
0.37929562  0.544138  -8.947088
-0.24929363  -0.27432096  -9.727104
-0.43513486  -0.056926012  -9.3894005
-0.7475637  -0.07291078  -8.708539
-0.5156286  0.039449815  -6.627302
-0.5501456  1.2128009  -2.8581855
-0.1625185  0.34374818  -3.1376672
-0.78627145  -0.8711156  -4.26916
0.15875232  -0.28606278  -4.0934916
-0.41590226  -0.6113317  -6.3466206
0.78456956  -0.11599245  -6.6343665
0.43732563  -0.3192217  -8.0976095
-1.2612801  0.15265965  -9.979482
0.65717554  -0.51906383  -12.2855835
-1.1756185  0.33283833  -12.313673
0.17539771  -0.11345618  -12.174296
-0.28367895  0.11696778  -12.338434
0.67874783  0.17253143  -13.415508
-0.33611724  -0.4978256  -17.370913
-0.47800648  -0.0888463  -17.006062
0.70394176  0.5027048  -14.8237505
0.4179389  0.082110204  -13.922234
-0.58426183  -0.35255256  -14.486026
-0.667558  -0.16334847  -13.635155
0.18392007  -0.15911388  -12.653191
0.46800756  -0.14220178  -13.18407
-0.12181773  0.11743333  -11.375797
-0.030798905  0.09625813  -9.573674
-0.21330649  -0.008584458  -7.130107
-0.03136734  0.04361601  -5.9219475
-0.058436286  0.03784926  -5.7116327
0.0051803575  0.0039507267  -5.5122557
-0.10314961  0.20647846  -4.5929832
-0.08242198  0.10381655  -3.8550947
0.1226737  -0.20610635  -4.598434
0.17230964  0.032494757  -5.2643466
-0.3431241  -0.0517263  -6.341949
-0.052597053  -0.4290361  -9.316161
-0.19381586  -0.26186562  -11.605122
0.16636646  0.38508576  -11.781213
0.26155397  0.2014055  -13.383067
0.45001897  -0.35686243  -15.046238
1.1366762  -0.6160512  -16.808939
0.2150286  -0.7542327  -18.047558
0.33838713  -0.2006535  -19.182907
-0.9418185  -0.14357664  -19.215662
-0.3647118  0.08160183  -17.461363
0.4924814  0.2687606  -14.426113
0.4513833  0.3598613  -11.084187
0.16843551  -0.044345047  -10.255716
-0.4635971  -0.025485532  -10.696862
0.021532109  -0.11248815  -10.528427
-0.00909004  0.30409282  -8.21449
0.16734421  0.25114182  -5.8871045
-0.095242664  0.20017266  -4.672825
-0.12261109  -0.13982776  -4.9022183
0.4092903  -0.07091541  -4.6052885
0.26156497  -0.11298951  -4.493243
-0.14188407  -0.17062615  -5.78911
-0.12818503  -0.101195246  -5.8553743
0.30118448  -0.013071006  -5.6634135
-0.14314274  0.073732994  -6.146763
-0.19654225  -0.08719156  -7.4438267
0.2731447  -0.04431012  -8.596189
-0.13402867  0.2358075  -8.307517
-0.09353736  -0.21409486  -11.605129
-0.151162  -0.09555782  -14.484473
-0.6354032  0.27062753  -14.435904
-0.042508177  0.3887231  -13.449877
0.18079704  0.30033496  -12.61171
-0.018047305  -0.12062435  -14.581857
-0.23949793  -0.06061857  -14.744927
0.27393523  -0.46559003  -14.524058
0.41344726  -0.38748178  -17.203865
0.4566966  0.0705021  -16.891077
-0.010034733  0.059078913  -13.773857
-0.14481728  0.017381994  -11.965678
-0.22932218  0.042572763  -11.536498
-0.08044229  0.027906502  -10.793226
-0.07430882  0.09288888  -8.315329
-0.087479286  0.10162977  -6.320966
-0.12279179  0.136736  -4.9900637
-0.12751439  0.12675959  -3.8443718
0.03487528  0.20440482  -3.109333
0.38929856  -0.045303836  -2.8118563
-0.08059471  -0.34159476  -4.872368
-0.08449065  -0.09237516  -5.6450167
0.20218235  -0.013625342  -5.109022
0.26614672  -0.34559655  -6.498785
-0.31085566  -0.37051916  -10.42385
-0.5061698  -0.38007277  -13.862457
-0.11645853  0.014169845  -16.322401
0.24768634  0.20735887  -15.421882
0.7044594  0.35624278  -15.147033
0.5469893  9.083373E-4  -16.826357
-0.18544075  -0.10056921  -16.886053
-0.19676188  0.038812127  -15.53384
0.09142072  -0.26973826  -15.497723
-0.12177236  -0.25165415  -15.254801
-0.2886853  -0.045092817  -14.092289
-0.025010362  0.121504694  -10.918438
0.112923585  0.12023788  -8.551246
-0.055748202  -0.21627308  -8.573967
-0.6771994  -0.18567383  -9.743481
-0.03772162  -0.24592352  -8.93749
0.011285311  0.30676436  -5.1637597
0.33270755  0.7431662  -2.717894
0.1926081  0.50995415  -2.5674062
-0.49327043  -0.55454105  -3.6541114
-0.60199404  -0.07319728  -3.9475822
-0.22162686  -0.06281016  -3.8384047
0.01723714  -0.30670446  -5.2544894
-0.36939025  -0.14178705  -6.4408307
0.58512336  -0.2943662  -6.4475684
0.04991137  -0.028423676  -9.231563
-1.2004718  -0.09114377  -12.79256
0.31913212  0.15819514  -15.196042
1.610643  0.7332842  -13.243855
1.2880473  0.3145273  -14.476755
-1.1639541  -0.89306855  -18.219439
-1.2804253  -0.5081047  -19.620634
-0.51558316  -0.46957445  -18.522348
0.6393032  -0.11569202  -17.94907
0.4302797  -0.023487912  -15.942848
0.42674482  0.0153522985  -13.534993
-0.108484775  0.1335818  -12.032501
-0.8147116  -0.21061432  -12.584172
-0.3068098  -0.14132044  -11.459483
0.0638956  0.16207743  -9.79212
-0.06359136  0.19796847  -7.7979646
0.054910064  0.15944186  -6.3751187
0.0054280628  0.32748893  -4.825419
-0.22409941  0.27441916  -3.3505337
0.023300752  -0.040391997  -4.0907297
0.10325784  -0.03932708  -4.873554
0.19146937  0.044328228  -4.40826
0.0873727  -0.13972855  -4.10481
-0.18019253  -0.059240248  -5.12365
-0.3957641  -0.09672995  -6.961692
-0.18753947  -0.18003224  -8.932532
0.31359947  -0.12653738  -10.054722
0.2542703  0.19159913  -11.708173
-0.17991275  0.08647173  -13.243978
0.3035511  -0.25658935  -13.525878
0.46290803  -0.12247536  -15.531469
-0.07827289  -0.14921024  -18.35486
-0.6558428  0.22752924  -18.51862
0.6197478  0.17643745  -14.967259
0.37307814  -0.4908171  -14.816928
-0.39072  -0.07532565  -16.84935
-0.39085272  0.13150884  -14.867168
-0.47991285  0.06736244  -12.499584
0.29925838  0.05224739  -10.395474
0.629424  -0.06967869  -8.937658
0.043712255  0.0066780434  -8.61508
-0.52960014  0.029642707  -9.343364
-0.37418592  -0.12634313  -8.868228
0.080338344  0.32403672  -6.462194
0.58483464  0.11240149  -4.112782
-0.03879066  0.024057569  -4.2755566
-0.28619644  -0.021177925  -5.6659236
-0.4907621  -0.00212111  -6.2605667
-0.117401816  0.07969012  -4.3243437
0.5040661  0.0454719  -4.402242
0.12611908  -0.07826922  -6.7253933
-0.95019305  -0.11208591  -9.285946
-0.4677029  -0.04258505  -10.033139
0.31313792  0.13844822  -9.006573
0.81071293  0.028848363  -9.002151
-0.82976586  0.2803616  -11.387305
-0.98472065  -0.11351807  -14.024141
0.28338388  -0.038280565  -15.77896
0.736278  -0.21740825  -16.46125
0.21750173  -0.11714104  -16.896654
-0.1339623  0.08565409  -17.60862
-0.13156568  0.2567887  -14.2999115
0.28406197  0.12618653  -11.481822
0.058913745  -0.2505128  -13.010419
-0.44532463  -0.08503001  -14.624557
-0.08468246  0.03940143  -13.853841
0.2278087  0.053403646  -11.461233
0.1673905  0.28627095  -10.009535
-0.061127402  -0.06156436  -8.729528
-0.2498297  0.06448136  -7.699848
-0.3545792  0.11538172  -7.874444
-0.050916467  -0.007511576  -7.917715
0.1419479  0.025188351  -7.268463
0.32988808  -0.0137851145  -6.0209846
0.12998573  0.044108164  -5.1736712
-0.05964913  0.17977372  -4.26813
0.07610049  -0.16449083  -4.7269363
0.059352193  0.011978052  -5.7672153
-0.006706742  0.11196261  -5.540446
-0.41919416  0.008717667  -6.887696
-0.18245408  0.15554994  -7.2896705
0.028898671  -0.13597669  -9.747786
0.24941665  -0.43255475  -11.805654
0.44907737  -0.22881202  -12.696276
0.13107844  -0.4436233  -12.82819
0.12893029  -0.23571047  -15.421951
0.21676275  -0.4544356  -17.84691
0.27757868  -0.38200888  -17.721561
0.53250384  0.5632866  -15.006436
0.72075063  -0.50233215  -13.493656
0.21770267  -1.2557007  -14.752976
-1.8089244  0.6148219  -17.909159
-2.6343007  0.50844735  -18.519405
0.638306  0.3599427  -13.371173
1.7312745  -0.08501051  -9.288611
1.1615515  0.10808732  -7.497054
-0.09019656  0.54082406  -6.7691956
-1.3885628  0.48628193  -5.985855
0.7774398  -0.2921397  -6.22433
1.4221896  -0.85116947  -6.0897903
0.08054974  0.18451986  -6.4290447
0.06243448  0.54656965  -4.772285
-0.089637645  0.4694982  -3.3356104
-0.4271829  0.0076129343  -4.2470207
-0.31351706  -0.3725521  -6.054551
0.047588266  -0.085765414  -9.136666
-0.24188152  -0.048458945  -9.44193
-0.49137422  0.33794126  -8.549122
-0.10796349  0.08358854  -12.085822
0.48359343  -0.48249346  -14.664987
1.0477561  -0.87638515  -16.560724
1.0489236  -1.3827244  -18.741188
-0.09532332  -0.417276  -19.075981
-0.7413295  0.4771993  -17.299608
-0.037645113  0.35229364  -13.829031
0.39453867  0.26433203  -12.152439
0.07142124  -0.13843659  -11.988805
-0.53308886  -0.14156084  -12.911502
-2.2090275  -0.59703106  -14.421253
-0.34104437  0.021700218  -11.447039
0.98514634  0.12562941  -8.343075
0.5151616  0.21810254  -7.0101666
-0.019788481  0.10945718  -7.5260954
-0.16677125  0.4385359  -7.8095193
0.11791214  -0.07507622  -7.45253
0.85171485  0.34468564  -6.0129476
0.5990668  -0.13050993  -6.7401505
-0.6996787  -0.23534922  -8.240974
-0.54359996  0.03349293  -8.277859
0.23152529  -0.17031382  -9.460459
0.8253227  -0.6374795  -11.513196
0.15537459  -0.49211583  -11.9831085
-1.2778792  -0.107402995  -12.942006
-0.53432566  -0.15986662  -13.251843
0.8764862  0.67197686  -13.198455
2.203728  -1.511999  -13.176858
-0.36006927  -0.8419954  -13.810326
-2.6999173  -0.5477658  -15.771135
-1.7503988  -0.3675222  -14.793486
-0.34437615  -0.48451114  -11.093044
1.2257867  0.011828263  -9.069275
0.7828082  -0.056460287  -9.143191
-0.4256116  -0.18839605  -8.576397
-1.2681603  0.21214646  -9.15324
-0.7892406  0.28037095  -10.06439
0.4853733  -0.12204139  -9.082101
0.96396965  -0.122686766  -7.4648767
0.12428156  0.17613432  -7.723565
-0.7599656  0.32095745  -8.452078
-0.05285048  -0.009851326  -10.168108
-0.12210134  0.16520286  -10.614705
0.3132167  0.039633684  -9.538553
0.36621097  -0.04867674  -9.01732
0.1395356  -0.038963914  -9.03011
-0.31860504  0.45684403  -9.319528
-0.32662606  0.5717254  -10.796557
0.14387365  -0.16107485  -12.187749
0.41022432  0.1398509  -10.779418
0.3025909  0.10296364  -9.514078
-0.1087306  -0.27473342  -10.336367
-0.1620737  -0.29074204  -12.219465
-0.26282308  0.024470909  -14.3359585
0.18123908  0.088204324  -13.680896
0.37609178  0.023626914  -10.228988
0.039114397  -0.404522  -9.618051
-0.42172012  0.12930875  -12.053737
-0.43398803  0.38067952  -13.654899
-0.27020365  0.35097975  -12.552252
0.107805274  -0.21328366  -9.550698
0.1632244  -0.22108829  -8.4121895
0.29028612  0.027901582  -8.594228
-0.17774609  0.21080403  -8.527352
-0.1730975  -0.11149583  -9.544306
-0.43921334  -0.24013603  -11.262354
0.097572476  0.04589584  -11.141646
0.10257277  0.053095695  -10.287405
-0.0448849  -0.0035465152  -9.978177
-0.03846535  -0.0731291  -10.769793
0.14412737  -0.1799851  -10.4241905
0.24156006  -0.087852344  -9.495629
0.12117822  -0.35673118  -8.795662
0.3110806  -0.32178363  -8.240098
0.10784079  -0.4241678  -8.381346
-0.22486973  0.022395128  -8.405745
-0.4378862  0.6332847  -9.3946705
-0.3458081  0.2589837  -10.871391
0.24140972  -0.42076263  -10.197724
0.027019873  -0.302514  -9.778717
0.01930834  0.005623716  -9.749528
-0.27354142  0.20034805  -10.562022
-0.22570325  0.049136676  -12.082392
0.047780443  0.078952596  -12.067264
-0.085121945  -0.042107802  -11.527523
-0.15619467  -0.12697698  -11.568169
0.18917067  0.08989627  -10.465055
0.19906987  0.10784074  -8.827524
-0.33473313  -0.45780683  -9.956806
-0.43610576  0.4200611  -11.856365
-0.26697224  0.946005  -13.80641
-0.13292304  0.28078347  -12.796102
0.05379754  -0.30660003  -9.830261
0.10948263  -0.17233351  -9.516733
0.04747536  0.1484827  -10.429661
-0.0253045  0.18819179  -10.293444
-0.02566134  0.03825453  -10.28309
-0.12890853  -0.41111168  -10.071209
-0.030244816  -0.32491046  -9.717709
0.12512876  0.13782729  -9.753788
0.3021251  0.17713608  -8.564661
0.17629528  -0.012956652  -8.930796
0.021917406  -0.013487898  -10.299089
-0.04894405  -0.21480137  -10.29549
0.03560932  -0.07158597  -9.256296
0.039581526  -0.051614713  -9.340655
-0.059080146  -0.050746318  -9.984219
-0.026425045  0.025333425  -10.676413
0.019745883  -0.034700193  -10.9313345
0.1662405  0.03349823  -10.559297
-0.11367714  0.10394898  -10.493699
0.06836725  -0.01456901  -10.495586
-0.012363752  -0.027529769  -10.816151
0.25320876  -0.024046602  -10.598615
0.08688312  0.0525897  -10.415347
0.13248076  -0.012113018  -10.584635
0.032497425  0.021061264  -10.620673
-0.25335225  -0.045916785  -9.712452
-0.6734049  0.11584993  -9.728906
0.0768758  0.33131158  -11.672365
0.40692785  0.28609562  -12.345549
1.1459092  0.29571915  -11.575331
0.40202194  -0.62494874  -8.725221
-0.63112545  -0.446608  -8.371376
-0.48335364  0.27916503  -9.934896
0.13766633  0.70675963  -11.928089
0.6574295  0.3949621  -12.853374
-0.020593021  -0.074666865  -11.56621
-0.7833691  -0.48329154  -10.238309
-0.1454348  -0.35125387  -9.355901
0.099987395  -0.09606081  -8.617578
0.35160047  -0.09845702  -8.082741
-0.06008476  9.81396E-4  -7.848512
-0.25737712  -0.26322538  -7.3617597
-0.036797713  0.0185435  -7.848022
0.21021833  -0.015425949  -7.480731
-0.096750066  -0.0838709  -7.151917
0.02107088  -0.056355894  -6.750854
-0.120082445  -0.090388834  -6.602071
-0.79987025  -0.4098635  -6.5725956
0.20627221  -0.12673199  -7.046476
0.49430254  0.2597982  -8.036677
0.40904692  0.065358154  -9.007721
0.023441581  -0.091329955  -8.876702
-0.19735853  -0.052449018  -9.924712
0.19726878  0.3127382  -12.332809
0.21381177  0.23749234  -14.065554
-0.37282345  0.35621965  -15.866349
-0.43757096  0.032271735  -18.161455
-0.82060385  -0.114032246  -16.754158
0.57528406  -0.5174305  -13.088516
-0.19930671  -0.6806037  -11.561472
-1.3140723  0.7259443  -12.466361
0.23084483  0.87576234  -14.826679
1.2220987  0.4679098  -16.537798
0.59224546  -0.22753222  -12.711706
-0.22254027  -0.72425187  -8.729867
-0.46566147  -0.6589513  -6.1573853
-0.12801324  -0.1560402  -6.464212
0.3482128  0.08840137  -6.5755615
0.34147802  0.1390561  -6.5095983
-0.025510777  0.09429695  -6.0870876
-0.34108126  0.11720147  -6.6354036
-0.12815349  0.4206177  -7.4120073
0.40284956  0.27372164  -9.164024
-0.07707509  0.01578012  -8.593778
0.02231431  -0.2082038  -5.821332
0.029336024  -0.026773635  -6.1940084
0.2254435  0.05994837  -8.577979
0.10013174  -0.14642708  -9.478505
-0.13328077  -0.07886037  -10.15209
-0.27435476  -0.07717137  -10.494252
-0.411431  0.87877357  -14.424743
-1.0099182  2.6958787  -17.85652
0.16613485  0.00727191  -18.470348
-0.13520488  -0.6074211  -16.272026
-0.24994811  -0.8509193  -13.668404
-0.10738862  -0.21452494  -12.714036
0.06982144  -0.21045314  -12.273737
0.24958256  -0.2720144  -10.595387
-0.18556395  0.031797882  -9.156859
-0.46258098  -0.042545203  -8.826946
-0.27859023  0.02769408  -8.133799
-0.1326043  0.11555388  -8.160245
0.2566718  0.0033959183  -6.96364
0.35191  0.009380675  -6.296863
0.34282142  0.14984801  -6.4848914
-0.07982546  -0.013638991  -6.7200108
0.015766243  -0.1837092  -6.6430244
-0.113254644  -0.057428975  -6.059943
0.010201459  -0.049157534  -6.2329197
0.76437944  0.5624891  -7.3766174
0.2053827  0.32810244  -9.986609
-0.3419225  0.16978866  -11.861958
-0.8824017  -0.1623576  -12.540164
-0.24177125  -0.5362758  -12.736909
0.20484306  0.39048642  -14.109585
0.6180754  0.11111458  -15.52426
-0.39540222  -0.25072914  -14.829727
-0.13379128  -0.5079832  -13.853829
-1.1869434  0.30562615  -13.410537
0.19898294  0.9087758  -14.28762
1.2476593  0.2226602  -15.175182
0.36584952  -0.18206225  -12.522732
-0.84458673  -0.60089415  -8.845729
-0.8631812  -0.26295483  -9.926594
0.31433183  0.15451139  -10.749114
0.6335803  -0.051645417  -9.582137
0.29376373  -0.17580143  -8.401083
-0.023240946  -0.18222833  -6.9021273
-0.10418186  -0.16510035  -5.9120665
0.073946126  0.059504665  -6.0847516
0.2861273  0.059454646  -5.91458
-0.10435184  0.11917064  -5.587301
0.24978076  -0.009590113  -6.2019663
0.32300875  0.30936053  -7.317471
0.12799224  0.055615492  -7.382252
-0.33230188  -0.06388296  -8.552415
-0.50746864  -0.0712241  -11.00664
-0.077628694  -0.05541964  -11.584217
-0.38374123  -0.048156824  -12.207496
-0.22223882  0.124653645  -13.230339
-0.109613076  0.104620725  -14.976587
0.056648035  0.031429175  -17.68071
-0.2078126  0.03356154  -18.482561
-0.07581481  -0.25166082  -15.5281105
-0.22180827  -0.3532373  -12.22611
-0.017863588  -0.17946792  -11.487731
0.024737861  -0.07938856  -10.90051
0.19513318  0.035185833  -10.337338
0.1865707  -0.02657601  -10.224562
-0.070064366  -0.044482686  -9.279842
-0.22642602  -0.14741094  -7.3904943
0.04554175  -0.20849481  -5.8261724
-0.027971454  0.009395952  -5.407623
0.13293579  -0.07425395  -5.207183
-0.13614845  0.056042835  -5.2349763
-0.024205666  0.2977767  -6.517422
-0.15341048  0.018032398  -7.8076224
0.18007974  0.13946074  -7.5058637
0.56652606  0.39332423  -8.973736
0.113212086  0.51988405  -11.843979
-0.50937593  -0.15877445  -12.889121
-0.39472964  -0.33074927  -12.942851
-0.48424184  0.0076590246  -13.456735
0.37485567  0.41431156  -14.849513
0.77818775  0.22483791  -16.49847
0.36925304  0.014733395  -14.879174
-0.39293396  -0.72034514  -12.47142
-0.3391187  -0.5964657  -11.511652
0.0019232616  0.101292424  -11.527446
-0.2529509  1.1802522  -12.352383
0.36630356  0.47976694  -14.743855
0.051345546  -0.11776228  -14.480116
-0.054078136  -0.2669032  -10.970345
0.002574274  -0.37842336  -8.538329
0.009266879  -0.40925312  -7.172009
0.11462043  -0.2877204  -6.3778987
0.25170162  -0.26321608  -6.015709
-0.2320656  -0.26166245  -5.359568
-0.37025973  -0.33937362  -4.945169
-0.017399218  0.28070042  -5.3038797
0.7866357  1.1094726  -6.871197
0.1161685  0.6151636  -8.407756
-0.26696116  0.12604374  -8.048434
-0.43078732  -0.09598347  -7.761886
0.020293854  -0.15583223  -7.623499
0.8584231  0.06616895  -8.485939
0.8100426  0.474404  -10.250944
-0.56840104  0.22759762  -12.289357
-1.4686531  -0.23917727  -14.803721
-1.1441252  0.1727044  -15.61803
0.13203146  0.3914083  -15.317346
0.85679245  -0.21002805  -14.60884
0.36817122  -0.13303173  -13.279393
-0.31395596  0.035391632  -13.456934
-0.1990566  0.048653957  -14.728831
0.1010255  -0.018535562  -14.328609
-0.043869995  -0.24278218  -11.4422655
-0.5273504  -0.045248147  -9.039726
-0.10693342  0.04631366  -9.282554
0.2241851  0.058891635  -9.888023
0.67079306  0.04062605  -10.173477
0.3954714  -0.024202263  -9.1832285
-0.24900506  -0.06860878  -6.736411
-0.2761333  -0.22808406  -5.193051
0.04203659  -0.09094454  -4.914123
0.4070697  0.11815537  -4.8070583
-0.035656653  0.24633573  -6.1795144
-0.2534881  0.1737605  -6.846077
-0.14164141  -0.0805668  -7.6661043
0.033523235  0.21403764  -8.847889
0.28678596  -0.0546159  -10.77331
-0.0021114382  -0.21994749  -12.649867
-0.8478429  0.28030196  -15.53539
-0.6583551  0.351709  -18.813963
0.5204274  -0.16685271  -17.693691
0.12735213  -0.5425123  -12.092506
-1.3817517  0.7478289  -11.383874
0.18726783  0.36578864  -14.62901
0.9481801  -0.18112573  -16.778624
0.51284236  -0.37069997  -13.784429
-0.4020158  -0.15211356  -9.888513
-0.45468423  -0.09000438  -8.6048355
0.23074348  0.111253016  -9.677319
0.8025374  0.019482981  -10.926752
0.3612074  -0.11901838  -9.9366255
-0.1590829  -0.3222237  -6.5221653
-0.29977515  -0.3048417  -4.653307
-0.1994875  0.24723965  -4.569421
0.346111  0.07145184  -4.713006
0.36200902  0.29180124  -5.100158
-0.044235505  0.17312476  -6.37656
-0.08044525  -0.15873444  -5.600862
-0.124952994  0.04102813  -5.536428
-0.048081044  0.0746187  -5.369894
0.4215788  0.27955118  -8.851406
0.3780039  0.0074497266  -13.573014
-0.49587005  -0.114659466  -13.070284
-1.2544705  0.14491706  -12.938878
0.0129519915  0.19036977  -16.326918
0.23236002  -0.0075339614  -17.467234
0.1125396  -0.053900287  -15.191256
-0.18409003  0.32396266  -14.426854
0.86243135  0.44871208  -16.745462
0.5957563  -0.007816577  -19.635576
0.1019283  -0.034977105  -17.14316
-0.460899  -0.13871048  -11.723453
-0.3979973  0.005516768  -8.4686985
0.23130395  0.011987125  -8.312539
0.4424665  -0.23806658  -8.858286
0.16689716  -0.08138409  -7.931941
-0.20541726  -0.20577432  -5.8222084
-0.3158747  -0.11648652  -3.9827096
-0.3081377  -0.08149515  -3.632606
0.056966893  0.17119983  -4.5340376
0.20572975  0.25671703  -6.01252
0.24513078  0.28603882  -6.96757
0.14525841  0.0012540566  -5.21404
-0.075360976  0.084290564  -4.4713674
0.27431422  0.07191503  -6.277457
0.42765996  0.07464526  -10.105041
-0.12785897  -0.0627847  -13.212506
-0.8074161  0.34879485  -15.128557
-0.58676183  0.058878724  -17.22674
0.37991816  0.02334484  -17.537792
0.2790145  -0.19509962  -16.9907
0.23386443  -0.7406057  -15.609007
-0.5972627  0.15278113  -15.6012335
-0.36929032  0.4257496  -15.457351
0.1611794  -0.11511432  -15.468118
0.21454893  -0.24835037  -14.790461
0.04606351  -0.028707335  -12.281926
-0.15356095  -0.050185982  -9.90359
-0.038581215  -0.1054301  -8.107303
-0.041496065  -0.19716004  -6.6292233
0.06279133  -0.0630183  -5.2544084
-0.18038084  0.094016746  -4.3620243
-0.15181173  0.2491062  -5.077667
0.27220476  -0.07558643  -6.063524
0.15379286  -0.12962669  -5.2404532
-0.12187569  -0.19833796  -3.7130327
-0.0031642818  -0.018235113  -2.709611
0.24679074  0.382714  -5.378724
0.09444659  0.1859938  -8.0263815
-0.5499304  0.3475965  -9.329126
-0.02383312  -0.20202136  -10.271196
0.007067606  -0.2990219  -11.500766
0.076962374  -0.048337284  -11.724433
-0.22653607  0.5062395  -15.418641
0.24621621  0.07199914  -19.762962
0.28354588  -0.32329613  -19.699911
0.01136408  -0.45794812  -15.183643
-0.58283836  0.14035603  -12.960559
0.17850676  0.24899985  -15.614693
0.545739  -0.23633954  -16.814182
0.24771959  -0.16353622  -15.282122
-0.362612  -0.2170053  -10.696174
-0.44957253  -0.045200955  -8.045431
0.098058365  0.0920632  -7.6718125
0.32429543  0.01917615  -7.41723
0.32526904  -0.19240677  -6.5451703
-0.11160324  -0.07068959  -5.139445
-0.49894083  -0.24049273  -3.2566757
-0.2332467  1.5022524E-4  -2.697194
0.16556157  0.2941023  -3.2994475
0.43962625  0.04171615  -4.857413
0.12306457  0.086327985  -5.8309555
-0.28737286  -0.03063756  -4.7551084
0.12680392  -0.11533643  -6.4980097
0.32332408  0.18769369  -10.839507
-0.30775368  0.5818974  -14.287096
-0.14535637  0.2370568  -17.55214
-0.07748138  0.12748739  -19.878628
0.103623085  -0.60965365  -17.603739
-0.36785477  -0.35938016  -14.126169
-0.22321165  0.25342405  -15.264787
0.90225846  -0.008797844  -17.694473
0.29895583  -0.12405536  -17.650593
-0.26070502  -0.1091066  -14.349402
-0.37838003  0.11867407  -12.110429
0.07340652  -0.04904912  -11.137548
-0.07736092  -0.100190975  -9.990395
0.06657239  -0.15537196  -8.254698
0.12223853  -0.032961063  -7.0177226
-0.2153204  0.07355123  -5.996185
-0.38735262  0.12672918  -5.5158734
-0.20634687  -0.046922997  -4.8117795
-0.026312202  0.11621377  -4.2343154
0.41951105  0.09496558  -7.502099
-0.06578492  0.14865908  -9.253201
-0.2765973  0.13453962  -7.7394843
0.0061588027  0.07709092  -6.9637966
0.6469008  -0.0374042  -9.03962
0.91298  -0.5236117  -12.140379
0.0073510893  0.1697524  -13.097842
-0.7720945  -0.1286884  -10.824175
-0.7739034  0.09956492  -10.783942
0.35866976  -0.39009908  -11.975814
1.314722  -0.8699357  -14.062395
0.4609784  -0.51292765  -13.443563
-0.79992324  -0.28695902  -11.960588
-0.9324302  0.58444786  -11.393544
0.13384925  1.0750244  -12.396358
1.5413338  0.34532115  -13.908546
1.1729897  -0.10210729  -15.915256
0.19367476  -0.4047381  -15.369873
-0.7040751  0.05618864  -12.099007
-1.0254929  0.2730645  -10.061238
-0.016804866  -0.09496618  -9.665052
0.38382524  -0.10349457  -9.723027
-0.03444286  -0.070946686  -9.802972
-0.5574185  0.26206124  -9.140425
-0.1497866  -0.23732007  -8.497377
-0.106476255  -0.26164615  -7.19021
0.19349767  -0.51226145  -6.120202
0.3942544  -0.30418026  -6.1755075
-0.34698868  0.71430945  -8.04388
-0.4908566  0.13666065  -9.806674
-0.5603298  0.17088945  -10.273271
0.3592402  -0.060816277  -12.049528
0.501498  -0.31461  -12.163831
-0.08560116  0.11396667  -12.649779
-0.30787984  0.26675436  -13.019419
-0.3141644  0.25424317  -13.982621
0.59630847  -0.32683876  -13.999294
-0.19903854  -0.6970468  -12.488862
-1.1620846  1.1792359  -10.757662
0.8904652  0.8074357  -13.240102
2.35814  -0.61909586  -14.858513
0.18317318  -0.2077095  -11.268459
-0.8528661  0.24892041  -7.02414
-0.16301098  0.337553  -8.212385
1.0650338  -0.22670908  -12.223418
0.8838417  0.03815603  -14.252477
0.0014965676  -0.12792857  -12.058874
-0.509025  0.004235347  -8.341298
-0.17633095  0.0027775816  -6.550241
0.26883882  -0.23022017  -6.635128
0.44347325  -0.36803764  -7.0011563
0.009670564  -0.008719668  -7.5142994
-0.48351797  0.2834022  -6.7783628
-0.5336253  0.1073724  -6.34307
0.5613234  -0.24365541  -7.9239707
0.2872902  -0.039462917  -9.761005
-0.3298791  -0.2309391  -8.6581955
-0.21334305  0.15126878  -8.124035
0.049026456  -0.161243  -9.386591
0.6037774  -0.17980926  -11.348585
-0.063380435  -0.023694245  -11.985741
-0.3818156  0.10339159  -11.6990795
-0.5904362  0.4082035  -12.65493
0.10434594  0.07700754  -13.949977
0.81989944  -0.33175036  -14.751353
0.058444683  0.06969046  -15.059369
-0.3607706  -0.6138344  -13.048535
-0.38857585  -0.11116526  -10.745563
0.42085445  0.77476263  -12.046211
0.99890983  0.3225174  -15.2447
0.1533237  -0.058956854  -13.644816
-0.8132114  -0.37023398  -7.3315
-0.22377233  -0.091647185  -5.727634
1.0527153  0.33235058  -8.172051
0.36580244  0.4685224  -10.939319
-0.010554938  0.39255747  -11.751612
-0.07856461  -0.09137931  -10.169456
-0.14571846  -0.18864751  -8.440582
-0.038089488  -0.29000747  -6.499362
0.14411414  -0.3530561  -5.8291893
-0.07090134  -0.040407136  -6.300351
-0.19607161  0.0047921105  -6.20964
-0.05658207  -0.103697054  -5.770399
0.11611375  0.114584856  -7.0831146
0.024247086  0.22049716  -9.017127
-0.08836629  0.08844277  -9.510297
-0.5405679  0.1047459  -10.271855
-0.078377835  -0.028764674  -11.755787
0.20594205  -0.08537383  -13.292112
-0.047134157  -0.16610926  -12.30623
-0.32791454  -0.004582231  -12.443135
-0.2064289  0.1834071  -13.642387
0.38212028  0.06825737  -14.696622
0.39389345  -0.16374813  -14.52433
-0.15782596  0.17311129  -13.430261
-0.51472735  0.6256943  -13.167766
0.7283254  0.81080645  -15.689817
1.0896711  0.30489722  -16.632637
0.034850568  -0.0593222  -13.097597
-1.0021122  -0.22151157  -8.621909
-0.6844139  -0.21559295  -6.8428383
0.25098693  0.20431043  -8.841537
0.51120335  0.26235586  -10.145228
-0.13162377  0.12662832  -10.519042
-0.010614544  -0.16477655  -9.4795475
0.017425584  -0.107886165  -7.962771
-0.07418103  -0.243943  -7.0689225
0.021565173  -0.12930256  -6.055586
-0.0042089187  -0.19211072  -5.432495
-0.03998447  0.0041226996  -6.195325
0.09098431  0.016179886  -6.502861
-0.084272474  -0.072290815  -6.1214333
-0.29375976  0.06509356  -6.620903
0.06976808  0.065983266  -7.5165963
0.12051138  0.16938289  -9.316647
-0.023731008  0.013465885  -11.259035
0.0831476  -0.1466783  -11.08151
0.18855302  -0.4786004  -11.309953
0.030719178  -0.25203082  -12.512524
-0.039672103  -0.18540666  -12.732681
-0.02850716  0.022020668  -13.338039
-0.159691  0.194188  -14.1751995
-0.041889366  0.12388859  -14.509522
0.076919466  -0.2980587  -14.309962
0.022386324  -0.13575469  -12.591127
0.21821348  0.42595175  -12.520138
0.32038498  0.5745507  -13.860931
0.5187061  0.20339568  -14.221329
0.37689784  -0.30182624  -11.275815
-0.37304682  -0.14893737  -7.7986236
-0.30754715  0.04212423  -7.8437915
0.3264755  0.23930356  -10.381422
0.31501675  0.08685986  -11.50552
0.012051456  0.07829281  -10.248411
-0.24373135  -0.041085627  -8.237001
0.049907826  0.010785057  -7.467787
0.19646443  -0.25531834  -8.161425
0.35336453  -0.2138332  -8.317937
-0.124821454  -0.02001375  -7.980213
-0.24685474  -0.21038057  -6.4160757
-0.06754362  -0.22185796  -5.8442883
0.1845298  0.07361495  -6.8105764
0.23385273  0.17724456  -8.492844
-0.04848844  0.3097448  -10.229157
-0.2799324  0.14342038  -11.587865
-0.3082645  -6.872721E-4  -11.440263
0.13731177  -0.116894916  -11.243662
0.14595433  -0.12706715  -12.326743
-0.20314391  -0.042571694  -13.093064
-0.4650119  0.07012504  -12.850215
-0.22095925  0.16390795  -13.36513
0.25241232  -0.1068529  -13.294291
0.2031528  -0.18022296  -11.708601
-0.1471187  -0.035752345  -10.894748
-0.37878907  0.6865248  -11.933245
0.420895  2.2215383  -13.846978
1.2243369  0.10699302  -15.243448
0.26319894  -0.13030285  -11.358245
-0.70200163  -0.25421217  -7.975504
-0.31776068  0.0073571745  -7.7455316
0.33528024  0.434551  -9.350797
0.5016168  0.28489053  -10.284297
0.33601266  0.07789719  -11.030746
-0.029832557  -0.19295157  -10.061863
-0.3176171  -0.43964073  -7.87429
-0.3609081  -0.3485784  -6.6451654
-0.120676726  -0.21186562  -6.205811
0.011597537  -0.020427614  -6.805344
0.2677914  0.20094527  -8.453965
-0.0075007253  0.3531242  -9.057079
-0.5058764  0.07907427  -8.572068
0.03360767  0.030898515  -9.222672
0.4939078  -0.09842446  -10.518585
0.51052016  0.014350702  -12.012276
-0.14792699  -0.053107753  -11.987262
-0.71416926  -0.15116277  -11.318565
-0.5758594  -0.041857094  -11.30075
0.0039383196  -0.18699928  -11.687029
0.3791163  0.07898976  -12.171076
0.28577155  0.20467941  -11.852535
0.026884932  -0.5367411  -10.85414
-0.07718351  0.21672244  -9.29182
0.19960031  0.766814  -10.472767
0.669203  0.24179408  -15.697848
0.5341732  -0.16667382  -15.474869
0.023896953  -0.1574514  -10.3603735
-0.5275586  -0.024106069  -7.721581
-0.17741315  0.003508094  -9.6342
0.1572315  0.19212809  -11.028469
0.025524177  0.046550203  -11.160821
-0.068225555  0.01326208  -9.279411
-0.22644936  -1.4116413E-4  -7.897167
-0.060744267  -0.085597  -7.5115895
0.08928536  -0.045526  -8.161115
0.376289  0.020318871  -9.39868
0.084959656  0.08723531  -9.98591
-0.19781518  0.07198117  -9.0373125
-0.6133582  0.05574338  -8.472462
0.01696227  0.02696569  -8.766178
0.6012775  -0.23971215  -9.941203
0.34659043  -0.05322907  -11.659869
0.24395221  -0.095482044  -11.067637
-0.39922288  -0.086854525  -10.251338
-0.4298375  -0.38389513  -9.608839
-0.16496593  -0.13686416  -9.576211
0.012957565  -0.01887707  -9.754323
-0.09422579  0.15797658  -10.643787
-0.2055183  0.10157912  -11.560109
-0.028421102  -0.004210576  -11.123061
0.23195846  0.09915699  -11.391741
0.077967316  -0.006538589  -11.805149
-0.043755293  -0.069340155  -11.579874
-0.31755424  0.16269055  -10.7705965
-0.05680292  0.20921686  -10.331905
0.19527191  0.45771298  -11.402259
0.023586703  0.06804002  -12.311698
0.018477015  0.09827268  -11.765578
-0.04593363  0.0038051128  -10.817888
-0.19797735  -0.17749627  -9.857805
-0.14840479  -0.061815705  -9.246319
-0.10205446  0.032597262  -9.234586
-0.016654007  0.1773229  -9.276207
-0.0219805  -0.069517255  -9.786679
-0.12192159  0.15504277  -10.536659
0.23796631  -0.028134743  -10.714682
0.10769434  -0.0146282725  -10.427957
-0.20726958  0.042222455  -9.8089485
-0.20215438  -0.06417229  -9.202982
-0.013957631  -0.027794465  -8.963534
0.043787174  0.047577396  -9.2200365
-0.04087183  0.117482215  -9.839806
0.0552948  0.12363308  -10.190752
-0.030883037  -0.020410797  -10.324311
0.016564192  -0.050956663  -10.565625
0.15506826  -0.056944396  -10.731844
-0.046785027  -0.0096279355  -10.745817
-0.0035605282  -0.029858042  -10.78023
-0.15222423  0.0040767123  -10.521231
-0.03979104  -0.09961907  -10.022272
-0.008371016  -0.10322636  -9.269174
-0.07853813  0.00376595  -9.294956
-0.043110847  0.112266794  -9.98279
0.041039787  0.1290255  -10.633386
0.018412659  0.1839904  -11.185057
0.13132472  -0.2638355  -10.786597
0.1048676  -0.18470486  -9.874868
0.03995002  -0.098044224  -10.165555
-0.017332386  0.0033954885  -10.452656
-0.18906516  -0.047534056  -9.791125
-0.028204756  0.038973626  -9.7100935
0.17624575  0.14121471  -10.176671
0.22724444  -0.076434486  -10.561775
-0.11143618  0.040829133  -11.243556
-0.061993305  -0.05083411  -10.702344
0.0016366051  -0.030834168  -10.736359
0.07511214  -0.016028376  -10.979304
-0.008860868  -0.13853465  -10.131871
-0.044875767  -0.058830716  -9.491398
0.011876669  -0.026470982  -9.65264
0.027853698  -0.05403377  -10.600076
0.079345256  -0.006486223  -10.6932
-0.15636806  -0.0255318  -10.375464
-0.12265332  0.09057016  -10.328154
0.04385454  0.07911465  -10.363239
0.018540964  0.028315421  -10.410841
-0.007926088  0.10495381  -10.617834
-0.07828258  -0.023777366  -10.612226
-0.17525974  -0.07586777  -10.5032835
-0.18696542  -0.2309053  -9.75324
-0.030797847  -0.11508802  -9.654869
0.14783512  0.071852535  -9.852394
0.010233243  -0.004224894  -10.232941
-0.0652756  0.0693388  -10.735083
0.05041611  -0.045191396  -10.904436
-0.028148873  -0.079003505  -10.554183
-0.14803253  0.057507724  -10.352476
-0.17327069  -0.01896403  -10.790913
-0.116939075  -0.18367751  -10.639398
-0.10960121  -0.085008994  -10.294019
-0.110884905  -0.025615368  -10.075328
0.03851037  -0.03495007  -10.037592
0.0934072  -0.15786934  -9.861145
0.25104398  -0.13811953  -10.03091
-0.14259721  0.11544807  -9.845833
-0.2788116  0.14473416  -9.716329
0.16610816  0.07425536  -10.083569
0.42881954  -0.072401464  -10.471601
-0.0020860874  0.058590394  -10.346957
-0.37393212  0.13681272  -10.705967
0.17366442  -0.06788076  -10.3866
-0.017729769  -0.07051316  -9.949677
0.12083813  -0.22508511  -9.834479
0.1732246  0.034487646  -10.30093
-0.013695949  0.24074389  -10.918247
-0.05720309  0.0422315  -10.746384
-0.09916975  0.052699257  -10.659299
-0.023482004  -0.14523168  -10.428446
-0.19369099  0.029777586  -10.360593
0.009492825  0.10306184  -10.579173
0.07501038  0.029021576  -10.58648
-0.18247905  0.07575312  -10.686531
0.010931954  -0.059646387  -10.273893
0.02276898  -0.04317233  -9.894172
0.05903806  0.023201242  -10.037858
-0.055720292  -0.03711892  -10.103032
-0.18230943  0.04119806  -9.997831
0.07794617  0.074548535  -10.484483
0.10114318  -0.016198015  -10.4414215
-0.091405906  0.064511694  -10.316261
0.13581325  0.050758373  -10.355248
-0.030989788  0.049339186  -9.899954
-0.073683225  0.005070352  -9.650192
-0.129024  0.053761892  -9.924746
0.07937815  0.025063137  -10.178907
0.08213328  0.06694839  -10.510268
-0.050175134  -0.0048955013  -10.41696
-0.14803374  -0.04382944  -10.225938
0.065413214  -0.00361196  -10.039227
-0.06339226  0.041353833  -10.138077
-0.101027824  0.059337005  -10.264511
0.058604673  -0.09413651  -10.27612
0.06348995  -0.075354755  -10.231404
0.005150022  -0.0044627464  -9.943753
-0.05943128  -0.10795279  -10.264456
0.06472635  0.027715897  -10.581034
0.10227545  -0.10941054  -10.630557
-0.037488014  7.9536473E-4  -10.372763
-0.010280233  -0.22495367  -9.901361
-0.08036492  -0.04921066  -9.960407
-0.026100725  -0.036724493  -10.245307
0.06560112  0.021922156  -10.210843
-0.020193074  0.18356955  -10.417963
-0.1285081  0.15161063  -10.814868
0.057910763  -0.017981265  -10.874896
0.046367288  -0.17112531  -10.145619
-0.1708864  0.05427312  -9.387218
0.054475125  -0.11003939  -9.265461
0.0019880529  0.06839302  -9.966203
0.08289545  0.018660065  -10.08566
0.14229017  0.05325737  -10.193078
0.049947705  0.068510994  -10.341463
0.104258716  -6.5522845E-4  -10.755641
0.2544078  -0.21158734  -11.108176
0.45188305  -0.3416647  -10.89341
-0.27735946  0.2493169  -10.412368
-0.07613362  0.24799319  -10.265853
0.20700122  -0.011596857  -10.354797
-0.061602935  0.11653629  -10.348181
0.005973943  0.11402247  -10.493334
-0.035973262  0.024343364  -10.149553
0.036065724  -0.23593578  -9.937073
-0.017034391  -0.068333276  -10.066024
0.0627787  -0.04755909  -9.7200575
0.03162242  0.3068279  -9.749829
0.3245258  0.25816262  -10.833863
0.42188781  -0.15241471  -11.067202
0.065082245  -0.17151722  -10.438157
-0.12324658  0.16784893  -9.4648905
-0.25992793  0.4775631  -9.339981
0.18385535  0.32056522  -9.80581
0.22101605  -0.24891962  -10.323495
0.15461683  0.19651033  -10.388093
-0.092091076  0.2760552  -9.989499
0.08958827  -0.052915867  -9.929336
-0.001518312  -0.38471246  -10.773686
0.020734528  -0.27095675  -11.676418
-0.13848719  0.25883812  -11.325318
-0.07799925  0.5446092  -10.743213
0.0059205675  0.151137  -10.670324
0.03593321  -0.54424  -10.803558
-0.08771671  -0.29964548  -11.012725
0.016538354  0.05854375  -10.592968
0.003793786  0.19186355  -10.251812
-9.371505E-4  -0.18508118  -10.122318
-0.113256216  -0.3049468  -10.377615
-0.20471944  -0.3856233  -10.763623
-0.10840126  0.18326032  -10.398342
-0.045732617  0.12629679  -9.890203
-0.042726114  -0.059534628  -10.361871
-0.08919016  -0.12627843  -10.573943
-0.06376745  -0.13540658  -10.937689
0.09364989  0.04562599  -10.57568
0.009567668  0.15467979  -9.874478
-0.05729475  0.065460406  -9.896352
0.15076798  0.17249031  -10.2268715
-0.15424965  -0.07973634  -10.401417
-0.075345464  0.041387893  -10.28164
-0.063276805  0.20456152  -9.897276
0.028144836  0.17001854  -10.056116
-0.22703971  -0.14777392  -10.296296
-0.06223191  -0.12674281  -10.787158
-0.06679993  -0.012574535  -10.815597
0.004730575  0.089860715  -10.482299
0.04848349  0.028541576  -9.704553
-0.11193392  -0.007994385  -9.533167
-0.3009997  -0.121255144  -10.303633
0.12911968  0.05811412  -10.703158
0.33664155  0.17348656  -10.479675
0.75981957  0.1366434  -10.499773
0.12504482  -0.3696447  -10.527483
-0.5180261  -0.01583218  -11.157749
-0.35404584  0.30189702  -10.71736
-0.09083787  0.2676515  -9.87706
0.44514054  0.29061794  -9.854659
0.41978693  0.038692385  -10.638321
-0.43353853  -0.32704157  -11.302999
-0.033907924  -0.13913754  -11.235702
0.23830572  0.15333603  -10.464601
0.10911119  0.21208456  -9.4185505
-0.07156884  -0.06286604  -9.783849
-0.8910568  -0.10773491  -10.445873
-0.61749154  -0.04124465  -10.363068
0.2587655  -0.08349656  -9.743431
0.43988046  0.08301641  -8.893411
-0.17816275  0.28036603  -8.899312
-0.40005255  -0.1588319  -9.889163
-0.08444147  -0.015302925  -10.765955
0.79128  0.02828914  -10.8852825
0.6592593  0.14180471  -10.974863
-0.077348635  -0.034242336  -10.870585
-0.27801982  -0.076894335  -10.63499
0.02026044  0.044178694  -10.130707
0.043742154  0.26880294  -9.670709
0.066763185  -0.026800336  -9.624696
0.17327853  0.2093776  -9.173123
-0.1596179  -0.15225156  -9.479644
-0.2958847  -0.18658452  -10.232109
-0.15508477  0.010969649  -10.846076
0.05730006  0.06462555  -10.835462
0.14324942  0.10920895  -10.616151
0.51060086  0.12501468  -10.687066
0.30984274  -0.091281824  -10.835466
-0.23869142  0.062301718  -10.787842
-0.19014768  0.13114406  -10.625721
0.047805794  0.30062023  -9.43774
0.0031487679  0.15539125  -9.32697
-0.3260285  0.032064527  -9.901236
-0.20600821  -0.070577316  -10.066134
0.01851294  -0.17621846  -10.575337
0.035797793  0.059474174  -10.187667
0.057511102  -0.06724992  -9.724589
0.091914  -0.075996704  -10.10633
-0.15107873  0.05977477  -10.804826
-0.026959334  0.01782915  -11.393084
0.114710175  0.10242676  -10.381806
0.2946904  0.061744068  -9.714808
-0.07222158  0.17056619  -9.465084
-0.20039305  -0.03329291  -10.045618
-0.03309791  -0.050532747  -11.450558
-0.10425731  0.10544114  -12.110191
0.24722189  0.07567617  -12.0872755
0.20442005  0.023043675  -12.050501
-0.14651065  0.16792215  -11.573174
-0.10148212  0.024629088  -11.149651
-0.08578037  -0.103006035  -12.377007
0.14610165  -0.170804  -11.635272
-0.044589233  -0.09494686  -10.367734
-0.1650044  -0.26390764  -10.637136
-0.45296746  -0.3912422  -12.692817
-0.35180962  -0.23336713  -13.975719
0.1625964  0.04558147  -12.247705
0.20548843  0.11025996  -9.549136
0.1517564  0.056119654  -8.523873
0.2164794  0.01365333  -8.201832
0.120312825  -0.0071713845  -8.963279
0.046057213  -0.016883193  -10.699525
-0.32546324  0.07175828  -10.872831
-0.21966617  0.104133725  -9.71029
-0.4179281  0.28482348  -7.803171
-0.19325686  0.1958529  -8.014216
-0.044996265  0.14117704  -8.315753
-0.0027496505  0.08540108  -8.47935
0.13192895  0.09142685  -7.7578406
-0.013175446  0.11321953  -7.694208
-0.059318732  -0.07789828  -7.839205
0.039955903  -0.060051683  -8.70218
-0.16940431  -0.15745224  -10.474129
-0.04452043  -0.0012738811  -11.147055
-0.025238268  0.10254299  -9.668371
0.15316577  0.16307466  -9.113784
-0.059325628  0.027562067  -9.824253
-0.22045267  -0.16308756  -11.797551
-0.026170501  -0.030561024  -12.286338
0.5055243  -0.20943247  -11.991418
0.16534477  -0.22410825  -12.118236
-0.6562735  -0.16301295  -13.363176
-0.41796526  0.1367511  -13.53067
0.2807145  -0.10617964  -12.005612
0.36388746  -0.42358768  -12.076863
-0.115770824  -0.47865048  -14.520242
-1.5912383  -0.55804706  -13.372532
-0.18887246  0.18670978  -10.164436
0.23284248  0.5835302  -7.7886624
0.48517427  0.035630874  -8.647819
-0.17163493  -0.3710594  -10.579833
-0.6155451  -0.5038682  -11.472728
-0.0760265  -0.008808844  -10.605531
0.26842812  0.21668978  -9.139492
-0.16797335  0.15922911  -7.7222137
0.016398562  -0.02229169  -8.196998
0.2458962  0.14030796  -10.075231
0.3189763  0.25348654  -9.326037
0.52520984  0.53499174  -6.5177164
0.6047916  0.20543402  -4.745137
-0.68040603  -0.1667671  -6.4030395
-0.6711683  -0.70348704  -8.815466
-0.14276323  0.12488815  -9.071922
0.098918505  0.20612901  -8.528227
-0.12761866  0.078080066  -9.426464
-0.2673566  -0.34203947  -12.317429
8.882068E-4  -0.34409654  -13.953194
0.68325055  -0.17962222  -14.105572
0.26233453  0.0015164504  -14.092017
-0.2550091  0.25016978  -13.843898
0.03111569  0.16029449  -12.081753
0.11516885  -0.8337686  -13.751452
-0.511114  -0.40257367  -17.504143
-0.28776115  -0.2113338  -16.945427
0.1595593  0.022391755  -11.99072
0.7135279  0.2501014  -8.9009075
0.13036954  0.2791803  -8.281864
-0.23196322  -0.25018805  -8.510307
-0.24648584  0.045449246  -8.662055
0.13021742  0.17990248  -8.348961
0.12736565  0.37933156  -7.073833
-0.013810233  0.14988004  -6.004748
-0.3156608  -0.06306788  -6.4188457
-0.31711355  -0.120123304  -7.82325
0.04705025  0.0043221796  -8.779173
0.3570117  0.098348714  -8.563402
0.53616625  0.07542659  -7.5654016
0.14138395  -0.027054531  -7.89843
-0.52376324  -0.20080018  -9.828103
-0.15176585  -0.08211381  -11.914801
0.16647771  0.4198268  -10.867518
0.29413822  0.5997899  -8.513912
-0.028241735  -0.18227631  -9.358411
-0.29403532  -0.21216102  -11.195543
-0.19250122  -0.21627341  -12.457289
0.24635962  -0.19818282  -12.539277
0.13860135  -0.033419278  -12.9265375
-0.23579353  0.3054462  -12.667773
-0.16377783  0.051339645  -11.831916
0.4440514  -0.49149233  -11.51837
-0.19677359  -0.7992266  -13.871659
-0.33266723  -0.46405762  -16.607634
-0.3448259  0.1945068  -13.740259
-0.014168405  0.3806481  -9.117508
0.0052571623  0.13049705  -7.740376
0.11671106  -0.18386939  -8.422263
-0.41947562  -0.26002678  -9.996263
-0.12252288  -0.09290386  -9.696863
0.333152  0.1647404  -7.649644
0.12223616  0.075735785  -5.927582
-0.24363421  -0.02321733  -6.4428387
-0.02416832  0.01345314  -7.8706794
-0.0046229195  0.07883732  -8.223023
0.7218126  0.1967086  -8.2037
0.55312026  0.26519778  -6.546883
-0.14798878  0.065404  -6.79879
-0.39357847  -0.46672285  -10.316433
-0.15724422  -0.116489574  -12.768701
-0.020777088  0.0526096  -12.058175
0.02174335  0.10372656  -11.272542
-0.3672359  -0.038693942  -11.579219
-0.53300923  -0.33131066  -13.607798
0.030095441  -0.30011415  -14.462919
0.4120644  -0.14440642  -13.404676
-0.18207121  0.29432744  -12.684799
0.36682373  0.09901017  -11.5248995
0.22983833  -0.70304227  -11.163698
-0.22396006  -1.9385891  -14.51384
-0.52096534  0.07867032  -14.857173
0.53676045  0.46668506  -10.44264
1.0708234  0.42714646  -7.165813
0.27802983  0.07848486  -8.023728
-0.6525633  -0.34902143  -9.844683
-1.049543  -0.2986004  -11.267837
-0.2188278  0.10729793  -11.284757
0.31031647  0.36674038  -9.055152
-0.06321873  0.49062562  -7.0662837
-0.3579932  0.33073023  -7.090188
0.10696163  -0.13669498  -7.2135534
0.12450839  0.13381495  -7.28205
0.51383  0.04405785  -7.2975454
0.23148796  0.13488847  -7.4707227
-0.060664527  -0.22160268  -7.8443866
-0.1480501  -0.27205917  -9.062926
0.11357295  0.0675661  -12.10153
-0.27752867  0.65768486  -10.892996
0.26452518  0.20255326  -10.758953
-0.10205211  0.102089025  -12.355054
-0.2312828  -0.17025346  -14.065367
-0.1603111  0.13650756  -13.770773
-0.0030531727  0.14667715  -12.622073
-0.34273016  0.4469128  -11.10737
-0.24319793  -0.23508903  -10.492648
-0.11740175  -0.58061945  -12.811114
-0.103454754  -0.37880403  -15.540527
-0.32214403  0.10804679  -13.784875
-0.43745852  0.7268154  -8.76207
-0.060226303  0.19145304  -5.9160967
0.6116855  -0.50030965  -8.065995
-0.09141976  -0.5040801  -11.485645
-0.5029466  0.037809853  -13.210703
-0.12126116  -0.0029907976  -10.838631
0.04117785  0.22496827  -8.537439
0.10126436  0.36421925  -8.183351
0.18171957  0.31036282  -8.314982
0.08530236  0.092986934  -8.054151
0.6255106  -0.39417997  -7.555798
0.4607987  -0.080132194  -7.6594195
-0.18756892  0.2993171  -7.7457776
-0.30103976  0.11344157  -8.659838
-0.2786555  -0.064886734  -10.501313
-0.014843295  -0.47691464  -12.312241
0.28449705  -0.36796695  -13.522519
-0.18683214  0.17913638  -13.850893
-0.3142705  0.27468947  -13.532134
-0.021664606  -0.14690392  -13.526716
0.6306256  -0.6721148  -14.593763
0.3800798  -0.3125728  -14.791853
-0.2708379  -0.31406423  -15.055201
-0.5047936  -0.22436659  -15.869802
-0.40634754  -0.01649456  -15.604971
0.008625049  -0.31633934  -14.184089
0.1347215  -0.15157646  -11.447024
0.041799363  -0.04669425  -9.099905
0.107874006  -0.15424888  -7.7875156
0.06131567  -8.3079794E-4  -7.9290857
0.15595555  -0.041090418  -8.0792675
-0.28188974  0.10009536  -8.483944
-0.23223898  0.025434097  -7.6180787
0.052606676  0.1684566  -6.8213325
0.20836869  0.08627962  -5.993478
0.046630498  0.101970404  -5.841726
-0.12096871  -0.03300222  -5.9244914
-0.2890922  0.18578023  -7.734854
0.111366  0.0899382  -8.2272835
0.24618113  0.14161439  -7.379059
0.11310968  -0.08846298  -8.113077
-0.5614144  0.0030599895  -11.406752
-0.3556436  -0.034593567  -13.815105
0.394329  0.025283342  -13.824241
0.33546475  -0.0019185331  -13.605725
-0.108560696  -0.034648255  -13.162953
-0.42564863  0.14828095  -14.126834
0.021261424  0.06146047  -14.273108
0.4637012  -0.2370108  -13.516405
-0.15824676  -0.2741015  -13.438948
-0.27901167  -0.3721959  -14.531987
-0.46400434  0.117532745  -14.088979
-0.27443638  0.26257524  -11.993512
-0.027728638  0.06414208  -9.092763
0.045378555  0.030983826  -7.6411943
0.054468695  -0.009207326  -7.5263867
-0.15003113  -0.12909539  -7.2981324
-0.014450247  0.01567228  -7.484807
0.11693083  0.0976731  -7.5808434
-0.011619736  0.015185371  -6.6357846
0.15447699  -0.109197415  -6.281862
-0.048189934  -0.097107075  -6.8859153
-0.38540807  0.055848643  -7.4021916
0.08954619  0.04200544  -8.139244
0.15759836  0.00704894  -7.9102893
0.3506909  -0.10497295  -7.8286805
-0.24051426  0.111180946  -9.831794
-0.0763189  -0.018794673  -13.282861
0.09642095  -0.14047094  -14.457854
0.34695294  -0.13652895  -14.092469
0.10236533  -0.07881328  -14.693621
0.19203457  -0.07150206  -16.187347
0.04882079  -0.048569735  -15.986844
0.118552394  0.10442033  -14.723272
0.17340611  0.017890144  -12.8559675
0.30125827  -0.09619792  -11.467335
-0.20393471  -0.30558774  -11.512362
-0.7535352  -0.12698086  -13.330027
-0.28752732  0.05132228  -12.524514
0.18764985  0.01707038  -9.125905
0.29428494  -0.025025388  -6.484241
-0.047758643  0.07168047  -6.5179205
-0.080533326  0.023796584  -8.336491
-0.091977514  -0.064069316  -9.469065
0.32135206  -0.2327242  -7.663592
0.3718546  0.14342405  -5.9372606
-0.35976675  0.20930018  -5.9318066
-1.1283643  0.39798042  -6.379676
-0.26329765  0.12448481  -6.9201713
0.46945837  0.10818125  -6.2191644
0.7000847  0.21434946  -6.4270163
0.015391011  0.05042281  -7.90088
-1.2576759  -0.1909713  -9.717571
-0.24517386  -0.38181183  -12.417169
-0.059548777  0.25320306  -13.411177
0.116695344  -0.011619463  -13.920521
-0.46701822  0.041488934  -13.438893
-0.26963452  0.16177225  -13.332069
-0.7336655  0.09534297  -13.185359
-0.8744081  -0.15891184  -12.094625
0.30033162  -0.16397953  -11.562232
0.70531666  -0.28081468  -11.984902
0.768502  -0.08368768  -12.0166025
-0.31302667  -0.30152  -12.4044285
0.24749784  -0.50402397  -11.891023
0.24460313  -0.14646462  -11.651333
-0.245847  0.5444583  -13.107035
-0.025492653  0.2580287  -11.891523
0.3674094  0.2127058  -9.721808
0.45490026  0.19429366  -7.653339
0.2968739  0.121988356  -6.4451084
-0.23725568  -0.121395074  -7.225662
-0.40819287  -0.022983424  -7.551346
-0.073691875  -0.041843183  -6.912376
0.21302369  -0.08710099  -6.679449
-0.44489706  0.05360831  -7.4934444
-0.5113627  -0.28395352  -8.019477
-0.55789363  -0.008049893  -8.265526
0.42332488  -0.051847786  -8.309502
0.3613849  0.16583651  -9.132388
-0.037528522  -0.011223626  -10.817303
-0.619926  -0.16138281  -12.631206
-0.26728737  -0.09710173  -12.879667
0.44933388  -0.057577338  -12.64769
0.093089595  0.017981585  -13.197143
0.080931924  0.07869289  -14.961467
-0.047972422  0.077021845  -16.603998
0.34357807  -0.07272192  -14.066644
0.5588994  0.51228213  -11.781091
0.39498532  0.1265531  -11.033977
0.057368375  -0.53249836  -11.09642
-0.900545  -0.8757952  -12.905598
-0.6596018  -0.24680309  -14.931448
-0.3226144  -0.3776075  -12.690062
0.08234004  -0.15300383  -8.605081
0.75346  -0.2879518  -6.846219
-0.23552193  0.6218423  -8.809908
-0.6097043  0.28793037  -10.393615
-0.261488  -0.12369643  -9.863629
0.57153934  0.14049931  -7.5204353
0.8200002  0.6208188  -6.058762
-0.5960279  0.21143429  -5.915789
-0.4649431  -0.073108226  -6.3433933
-0.0698465  0.117575146  -6.413543
0.008695797  0.22858451  -7.162059
0.9274151  0.16309357  -7.4303126
0.101253435  0.24973036  -7.9813366
-0.67068857  -0.14965898  -9.835221
-0.42988324  -0.45521057  -10.6426735
0.19372515  -0.21400303  -11.762613
0.11122435  0.045334563  -14.327049
0.21977735  0.060664214  -15.189503
-0.42752716  -0.16629288  -13.424217
-0.48724985  0.17019032  -12.561015
-0.26503754  0.32563546  -12.074927
-0.25388882  0.28640246  -11.994084
0.11855815  0.011849579  -11.404979
0.3363866  -0.22992261  -9.751
-0.07811253  -0.28508946  -10.819944
-0.5459958  -0.29085073  -12.021638
-0.46562147  -0.053351223  -10.980455
0.12830119  -0.040545538  -9.375199
0.1203913  0.13042058  -10.54669
0.26733857  -0.03729209  -11.149149
0.12845793  0.022632549  -9.245358
0.025808366  0.18938228  -7.6554704
0.24132764  0.021378074  -6.7422557
0.032515913  0.0315485  -7.3900867
-0.46145713  0.024522124  -8.718018
-0.16043529  -0.101009145  -8.845529
0.08961144  0.17115533  -7.1035733
-0.023962772  0.0880181  -5.347999
0.14325483  -0.019548526  -5.952829
-0.48561338  -0.003627003  -7.3500385
-0.13198148  -0.35364425  -10.1657095
0.57522553  -0.28104207  -12.608846
0.3159159  0.41272727  -12.730955
0.8020631  0.30632082  -11.658612
-0.6044953  0.23836657  -12.293128
-1.0857189  -0.8595908  -14.825703
0.31141326  0.008374924  -16.196024
0.7515623  -0.19915782  -14.904452
0.15241128  0.066486895  -13.12888
-0.018703774  0.055565372  -11.244562
-0.0045199986  -0.24269108  -11.415901
0.014795118  -0.24455446  -13.569877
0.4885481  -0.19305122  -15.498133
0.34340897  -0.13949282  -13.616453
0.084048495  0.051320374  -10.902555
-0.2619983  -0.0144994175  -9.831682
-0.07516582  -0.05958084  -9.324076
-0.25183833  0.14083187  -8.817087
0.38323995  0.032653004  -8.402382
0.21445046  0.19351433  -7.205615
-0.29375756  0.05377257  -6.5395255
0.029759297  -0.022783821  -6.1168447
0.2962477  0.18051612  -5.512995
0.029523322  0.12175531  -4.6569247
-0.12425733  0.16030386  -4.3714795
-0.40677023  -0.04337218  -4.7192497
-0.12330227  -0.22485052  -6.423993
-0.09232131  -0.12121052  -8.6453085
0.15666704  -0.15716529  -10.673814
1.3082534  -0.3277454  -12.761601
0.6171342  0.10483928  -14.773178
-1.0779222  0.1568292  -15.72322
-0.2876204  0.06005442  -15.234511
0.35404333  0.20736247  -13.85704
0.23533088  0.06708688  -13.3765545
-0.26726523  0.024464998  -13.375432
-0.48909682  -0.17701432  -12.865377
-0.074020915  -0.2099941  -12.110989
0.5270661  -0.26193824  -12.635929
-0.23289871  -0.18756446  -13.835816
-0.5339184  -0.2527742  -13.7701
0.12868077  0.025434924  -11.8473835
0.08155573  0.117216714  -8.874798
0.04307414  0.06210733  -8.581233
-0.08426054  0.1592306  -8.665239
0.42184517  0.011008285  -7.8251843
0.3131903  0.10495329  -6.984239
-0.020778999  -0.0048215687  -6.616326
-0.2346496  -0.059933297  -7.066672
-0.27849728  -0.020762304  -7.738206
0.15859216  -0.06804009  -7.5185113
0.30454758  0.15265894  -7.1913342
0.16447975  0.16112532  -6.2227607
-0.25254324  0.004802121  -6.0503473
-0.30316034  -0.049289785  -8.01998
-0.060620356  -0.099534735  -9.593709
0.5251537  0.103043765  -10.315992
0.37966684  0.056458402  -11.21611
-0.23319519  -0.062185843  -12.923165
-0.4295278  -0.26575896  -15.418822
0.22754307  -0.10131737  -15.963208
0.5126147  0.13473271  -14.293004
-0.06541269  0.16848573  -13.213013
-0.38749582  -0.2100674  -11.526727
-0.07230805  -0.15939653  -9.57061
0.125414  -0.2020788  -11.376787
0.34872362  0.12741171  -15.145661
-0.33834064  0.0062024086  -15.818435
-0.27494645  -0.34717542  -12.557923
0.23468435  -0.099698246  -9.123365
0.13995901  0.30707562  -8.944953
0.0812154  -0.015413448  -9.51136
-0.39090344  0.0769385  -11.037868
-0.32321855  -0.090085395  -10.811424
0.4186098  -0.021813754  -8.575164
0.6966554  0.31288263  -6.7228646
-0.38873383  0.098244  -6.270171
-0.08138745  -0.014103347  -5.754665
-0.070979804  0.06691872  -4.848617
-0.10831243  0.13947341  -5.1481056
0.27010632  0.08173676  -6.606847
0.019056758  0.30255982  -7.496216
-0.3212081  -0.087546326  -7.175557
-0.3529873  -0.048027374  -7.876879
-8.866538E-4  -0.13084568  -11.182512
0.43612844  -0.011856357  -14.893762
0.22220641  0.20149523  -15.592665
0.0011040613  0.11129798  -13.786628
-0.27819955  -0.039738044  -12.807135
-1.184338  -0.66449195  -14.685244
0.06768458  -0.17990062  -15.954675
0.23950206  0.1165189  -14.095872
0.14412092  -0.3416849  -12.128413
0.34659088  -0.90039915  -13.950182
-0.3049158  -0.48531926  -16.500685
-1.0529665  -0.44781226  -15.587796
-0.41539142  -0.45009217  -11.859634
0.11920254  0.09935504  -8.145665
0.15332611  0.27295718  -7.020512
-0.26740903  0.46088848  -8.209789
0.065962374  0.106277324  -7.95008
0.08285129  0.15780753  -6.153022
0.15423061  0.1703006  -4.6248984
-0.4063154  0.11213002  -5.157983
-0.2042817  -0.05419604  -6.6277733
-0.19873562  -0.21037056  -8.056909
-0.18022138  -0.054364912  -7.0071464
0.4310015  -0.09425418  -5.317258
0.6961751  0.24436095  -5.498953
-1.1457688  -0.1528846  -7.549868
-0.69482124  -0.7039539  -10.097843
0.22227325  0.074730165  -10.527031
0.5523505  0.14045669  -10.169496
-0.022391131  -0.061377358  -11.831135
0.17412925  0.13291894  -16.376768
-0.16065656  -0.3069279  -17.909985
0.3349184  0.33455652  -16.407381
0.25180984  0.26058936  -15.54603
0.2791997  0.0331771  -15.463092
-0.11766047  -0.058793038  -14.666548
0.13460647  -0.21814772  -13.271936
0.2135256  -0.14128165  -12.572238
-0.26221392  -0.10925137  -13.774466
-0.66023636  -0.30259645  -14.671463
-0.24070676  -0.22417516  -12.357131
0.34573254  -0.26125523  -8.460737
0.110707134  0.010073863  -7.144083
-0.2669167  0.16490334  -8.108061
-0.1883888  -0.023653718  -8.18411
0.2231728  0.07091147  -7.1363945
0.33836934  0.092731245  -6.7167697
0.15739366  0.18147719  -6.1449294
-0.04834856  0.13977492  -6.161447
-0.1283407  0.043920606  -6.30797
-0.08247527  0.0034079487  -5.377014
0.3742715  0.117739655  -6.2465906
-0.16627185  0.01706288  -7.1729593
-0.28843385  -0.01804595  -7.3163567
-0.07961127  0.011136766  -7.4292417
0.31133482  0.004275194  -7.612944
0.0068164426  -0.114325784  -8.24329
-0.13880149  0.0046961196  -9.4018545
-0.04020368  -0.11616572  -11.150782
0.11827259  0.06944963  -12.178525
0.052596867  0.04930211  -12.225071
0.038899325  0.11080224  -11.793786
-0.08075264  0.15858662  -11.6778345
-0.23534392  -0.14164564  -13.353912
0.054881472  0.026566725  -15.00365
0.5869645  0.1311644  -15.181793
0.018974274  0.090415604  -14.133487
-0.35548523  -0.046390973  -13.750028
-0.11272716  -0.15730111  -13.649346
0.11956101  -0.23970787  -13.348348
0.045638803  -0.22825854  -14.049065
-0.24388498  -0.3088077  -14.994771
0.046907622  -0.38650376  -13.319812
0.52589864  -0.3197094  -10.444981
-0.03257746  0.15308973  -9.887683
-0.23321775  -0.0076092957  -9.97922
-0.3047422  0.0030618934  -9.642168
0.28215247  -0.12912977  -7.972209
0.051181972  0.12233373  -6.716257
-0.44493434  0.007980052  -6.6706734
-0.2732828  -0.21851498  -6.822659
-0.13593559  0.3342568  -7.0999117
-0.038421396  0.0725247  -7.411241
0.43068328  0.13729717  -8.247611
0.057736583  0.075268105  -7.890976
-0.2788166  -0.08771468  -7.510436
-0.4689156  -0.008573148  -7.7775836
-0.23872218  0.38886905  -8.344868
0.043989215  0.13740876  -9.793008
-0.13015278  0.08337715  -10.2244835
0.050167874  -0.19226046  -9.157636
0.2227702  0.068060175  -9.122436
0.39330697  0.17394197  -10.085335
-0.18310449  0.0768344  -11.955395
-0.1987311  -0.07954348  -12.304297
0.37260884  -0.0037788923  -10.9982395
0.3357419  0.33409485  -10.3914
0.058114402  0.2212262  -10.359707
-0.24119829  0.042962495  -11.1988325
-0.055531748  0.038033232  -10.845494
0.22862484  0.19027178  -10.258698
0.88899565  0.0010735194  -10.287947
0.4059036  0.09840111  -10.168392
-0.51328  -0.12353524  -10.742449
-0.5492479  0.023525327  -11.480111
-0.11355654  0.23784241  -10.2961645
1.286413  -0.22926947  -9.196319
0.07188852  -0.9500694  -11.352747
-1.8238565  -0.65664494  -15.736416
-0.86309624  -0.41624835  -15.884511
0.29542252  -0.32354623  -10.478239
0.6283514  0.4317166  -8.522052
-0.37700224  0.23305553  -9.951083
-0.6112278  -0.16183515  -9.851863
-0.45876992  -0.001890294  -9.116405
0.08703085  0.21744612  -8.271585
-0.014193822  0.15911056  -7.5287395
-0.045475878  0.08093223  -7.278784
-0.113542914  0.015246424  -7.8532257
0.009654974  -0.086557604  -8.363777
0.22339135  -0.09575737  -9.459899
0.08322132  -0.022335516  -10.444709
0.039079603  -0.00885043  -10.203337
-0.049436223  -0.018749537  -9.756264
0.12470344  -0.033180326  -10.213682
0.09750653  0.0379251  -11.346705
0.097665854  -0.026174435  -12.191536
-0.19011499  0.025100458  -10.916126
0.20017685  0.24734531  -9.888744
0.04054416  -0.0032251496  -10.034615
-0.31972852  -0.092978895  -10.607426
-0.32128596  -0.10662316  -11.104791
-0.024258086  -0.07174829  -10.920253
-0.12102736  0.13091762  -10.168975
0.52560353  -0.07859512  -9.1752205
0.34444427  -0.24348584  -10.759505
-0.07563489  -0.1789252  -15.0883465
-0.41791525  -0.36532837  -15.212683
-0.22232328  -0.14792359  -10.768624
-0.09291661  0.21985957  -7.4913163
-0.117673166  0.07219837  -8.0680685
0.14462464  0.007235855  -9.709203
0.21467301  0.0061066477  -10.676089
0.10824171  -0.05906633  -10.579957
0.007566119  0.12508044  -10.6488085
-0.2773497  0.053221095  -10.672256
-0.09671405  -0.08561469  -10.181026
0.10260881  0.2516435  -9.425367
-0.08586573  0.15567653  -9.115507
-0.18517321  0.08438502  -8.815451
-0.04774751  0.10583014  -7.907152
-0.122224964  -0.0013570033  -8.065723
0.10596385  -0.20661443  -9.550842
0.06368063  -0.033575524  -10.694552
0.1648146  0.24894693  -11.289272
0.08156556  0.62838405  -10.903439
-0.232742  0.07884886  -10.709541
-0.2760756  -0.24872841  -10.8765135
-0.023159232  0.029830111  -11.45418
0.09322962  0.31004685  -11.899403
0.25489035  0.1790591  -11.913118
-0.039857272  -0.109140255  -11.449382
-0.41193697  -0.28992403  -11.078376
-0.38382515  -0.33817017  -10.585204
0.74031883  0.557585  -10.259062
1.2071317  2.6181657E-4  -11.815994
-0.13095038  -1.364819  -15.128765
-0.10252721  -1.190162  -14.608195
-0.016569497  -0.07101928  -10.53757
-0.316005  0.49240744  -7.3858714
-0.2561832  -0.046315074  -7.5670924
0.3443582  -0.36029974  -8.273005
0.28813323  0.18780683  -9.202602
-0.14284606  0.67807364  -9.946418
0.007342137  0.16061407  -9.797245
0.080232434  -0.43759155  -9.680638
-0.0014589825  -0.15210363  -10.325876
-0.06806093  -0.06062073  -10.081952
-0.19628286  0.13625817  -9.795865
-0.19687772  0.1440869  -9.1136
-0.15366133  0.27265945  -7.9858093
-0.06674097  0.20442016  -8.162519
0.13792358  -0.2313173  -9.102025
0.12750132  -0.19922297  -9.757594
0.10741689  -0.12911786  -10.107146
-0.12839414  0.103189066  -10.324805
0.07292187  0.56202656  -10.77303
-0.2099346  0.15330511  -11.341637
-0.21917029  -0.33989137  -11.366255
0.005131084  -0.33850828  -10.997533
0.15374555  -0.30839097  -10.609586
-0.0620416  0.21864834  -11.236924
0.19714446  -0.5482709  -11.33757
0.14984989  -0.2799313  -10.872289
0.32294673  0.42655697  -10.495798
0.24396197  0.5688764  -12.9424095
0.2583315  0.2416459  -14.719986
0.33674136  -0.18345493  -13.393847
-0.59103245  0.13197266  -11.363438
-0.08428362  -0.21419711  -8.992371
-0.095919736  -0.05266626  -7.702731
0.011140579  0.13030878  -8.658571
0.10999491  0.11052516  -9.874069
0.16093566  0.062941544  -10.479665
0.220679  -0.043328214  -10.680096
-0.10342256  -0.12846911  -10.36104
-0.030529711  0.0053430805  -9.645481
-0.2403794  0.035815272  -9.379708
-0.19726203  0.07683425  -8.3428135
-0.15053737  0.10287811  -7.501076
-0.03474256  -0.21194486  -7.871791
0.1892333  -0.12589684  -8.351558
0.1562388  -0.09341345  -9.22341
0.041325692  -0.03381505  -9.511668
-0.11471222  0.0700562  -10.358429
0.1980491  0.06032692  -11.282405
0.014424073  -0.33407688  -13.273965
-0.4158207  0.020909628  -14.568957
-0.164683  0.20373893  -14.130537
0.015724888  -0.112234846  -14.025644
0.10333516  -0.037731178  -14.812555
0.33890456  0.31068867  -15.48677
0.22952507  0.0037045737  -16.72319
0.23264833  -0.019438192  -17.466099
0.0888079  0.18382664  -16.576803
0.13134275  0.17734423  -14.252438
0.1382314  0.15135358  -10.835662
0.011965807  -0.037712533  -8.980307
-0.20744362  0.27076188  -8.242507
-0.29528847  0.13336234  -7.7073536
0.013826121  -0.028453283  -7.4676437
0.04240904  -0.22665289  -6.505257
0.18490209  -0.051957205  -5.114466
-0.13446766  -0.112581655  -4.9551363
-0.23540623  -0.20928302  -5.3976617
-0.048677303  -0.27856436  -6.358461
-0.37197292  0.17752711  -5.945384
-0.5447696  0.09493106  -5.578419
0.08280023  0.051963277  -6.002909
0.76346546  -0.25585797  -8.4709425
0.30322465  -0.07914267  -11.360108
-0.17173879  -0.15544003  -11.376092
-0.2560248  0.14336862  -12.431563
0.2544693  -0.26420718  -13.932972
0.71567726  -0.40203968  -15.1151705
0.06459267  -0.20205744  -14.11095
-0.5548661  -0.10166004  -13.462606
-0.16729186  -0.3794952  -13.709716
0.15786417  -0.17828894  -12.772347
0.147901  0.4884965  -11.534096
-0.28312892  0.7769772  -13.569633
0.63656634  0.0518867  -15.249394
1.0291792  -0.022458196  -14.427727
0.32054788  -0.18224885  -11.414357
-0.4756752  -0.08283423  -9.397983
-0.13732015  -0.17388365  -8.587904
0.1032053  -0.13383317  -7.875966
0.11376256  -0.064938255  -7.429069
0.1032609  -0.11095008  -6.8226905
0.19711468  -0.043672036  -6.046927
0.16097811  -0.16885523  -5.380809
-0.09294709  0.05580795  -5.411291
0.0715102  -0.13015193  -6.9814935
0.04382737  0.24248299  -6.7417583
-0.44091153  -0.106441624  -6.0505514
-0.13794792  0.15798064  -6.1778717
0.31524134  -0.026183866  -8.004141
0.5349188  0.097196415  -10.120183
-0.34202418  0.45563757  -11.772332
-0.91489273  0.08629943  -12.833114
0.29434392  0.0040955683  -13.630455
0.80639607  -0.18895963  -15.22325
-0.5844033  0.21601804  -16.961407
-0.5077217  -0.21089008  -17.133472
-0.391141  0.3357737  -16.122883
-0.19712494  -0.477783  -14.870715
-0.3329109  -0.20691057  -12.926866
-0.17084366  0.20304388  -11.826308
0.13287601  0.9547824  -12.227119
0.74853736  0.40945816  -13.791269
0.40113854  0.36282295  -13.140898
-0.08727774  0.35761055  -10.646151
-0.4095049  0.4357497  -8.112814
-0.19752346  0.21702674  -7.350547
0.101042174  -0.38955632  -7.641854
0.20386563  -0.25337425  -7.683485
-0.28118834  0.034562964  -7.760584
-0.084992506  -0.10474345  -7.7144446
-0.07150261  -0.2354252  -7.632147
-0.0524022  -0.07562162  -6.838857
-0.10863008  -0.16412105  -5.898608
0.011667125  -0.014783409  -5.173992
0.06868346  -0.050931856  -5.642745
-0.26833922  -0.11276276  -6.3228574
-8.269527E-4  0.11126163  -6.761259
0.5478635  0.2271904  -8.551983
0.10666603  0.018561386  -11.4169
0.2122473  0.0672083  -12.587354
-0.660582  0.11041901  -12.482135
-0.3871224  0.124212734  -12.706483
0.4077561  0.030067755  -14.532848
0.9121377  0.09096603  -16.752377
0.39379686  0.010976612  -15.755433
-0.3787047  -0.16685617  -12.491406
-0.29863316  -0.13531414  -10.345176
0.19713786  0.15159975  -11.024939
0.29963917  0.16671214  -13.009555
0.11094792  0.3502598  -14.237262
-0.2802038  0.23147862  -13.194137
-0.0598888  -0.14152166  -11.578547
0.38356027  -0.07220947  -10.329238
0.2681111  -0.07528909  -9.111622
-0.07238022  -0.022940835  -8.409469
-0.2969088  0.026950397  -7.6015024
-0.14372605  -0.03364679  -6.96821
0.050543092  0.030035678  -6.950407
0.24741937  -0.096307985  -6.6220636
-0.03522355  0.06755895  -6.1613064
-0.16445452  0.20458454  -5.895031
0.05523956  -0.0027826212  -5.3785167
0.016849155  -0.010515032  -5.751976
-0.43468562  0.028375063  -7.093682
-0.027233684  0.22754872  -7.609542
-0.2383793  0.14165865  -7.7706957
0.06928459  0.036008272  -12.213884
0.36728314  -0.12742037  -17.876678
-0.04165986  0.1818604  -18.882769
-0.7593306  0.09308135  -17.549395
-0.4218979  0.1230963  -16.992304
0.05885545  -0.2361401  -16.269072
-0.092707604  -0.1816038  -14.617523
-0.6099344  0.05452928  -12.640949
-0.2472153  0.041560646  -11.63266
0.74944776  0.31844643  -12.143615
0.7263362  0.18521257  -13.659071
0.35955894  0.24981062  -13.658227
0.069225796  0.068919726  -11.1532345
-0.10684948  0.030578531  -8.775995
-0.14314549  0.08891586  -7.432442
-0.048656344  0.08145135  -7.0492744
-0.17538598  -0.11858859  -7.275193
-0.07463504  -0.050281316  -7.661949
0.076411255  -0.37823364  -6.388172
0.053794205  -0.38893524  -5.668319
-0.4789681  0.16603759  -4.626281
-0.48799136  -0.30123982  -5.1746902
0.39966285  -0.024998024  -5.7237287
0.29736793  -0.070218205  -7.624472
-0.3209209  -0.14333063  -7.0636353
-0.05785164  0.07798518  -6.6903377
1.0169834  -0.14963852  -9.561108
0.6510401  0.007832215  -13.732304
0.0023190568  0.02498003  -15.135996
-0.40971616  0.019312823  -14.2083025
-0.14196225  0.065663904  -13.855983
0.45980227  -0.039415233  -15.543518
0.8165209  0.005705476  -16.238966
0.16038655  -0.21605872  -14.050109
-0.33792177  0.02767633  -11.337608
-0.5229911  0.46052757  -12.714596
0.56663597  0.51495725  -15.167766
0.912616  0.44425902  -15.25944
0.15591829  -0.022085788  -12.038457
-0.6178911  0.002997139  -8.485997
0.057716787  0.013145293  -7.0462446
0.5590363  -0.17402075  -7.33028
0.5524099  -0.28012356  -7.407796
0.045958966  -0.14395219  -6.8358216
-0.62838686  0.32529193  -5.859122
0.13900185  -0.24328326  -5.4052725
0.41795015  0.048803423  -5.474183
0.4767267  -0.17684019  -5.7426853
-0.0019457941  -0.13285157  -6.408199
-0.5077191  0.003736764  -6.281651
-0.2337329  -0.006705963  -5.8394337
1.9544379E-4  0.15464257  -6.8636527
0.4272083  0.12031331  -9.594118
0.19405031  0.034519043  -12.576071
-0.09640467  -0.33158854  -14.063815
-0.40114224  0.24287124  -13.396493
-0.43433276  -0.14392969  -14.815508
0.34973592  0.24366178  -17.496445
-0.36405328  0.22871271  -18.061321
-0.4467466  -0.05150363  -16.807785
-0.5553003  -0.10933773  -15.401264
0.12298587  2.901096E-4  -13.659302
0.20008026  0.17397746  -12.857718
0.43371785  0.25152293  -13.385683
0.18933898  0.13260967  -13.940589
-0.2072216  -0.07573262  -13.783221
0.014949849  0.060584206  -11.351244
0.053153403  0.1435445  -9.429854
-0.2484602  0.10049235  -8.653854
0.021170424  -0.1399997  -8.049085
0.048659135  -0.16855319  -7.780962
0.039893396  0.21488245  -6.8303185
0.019641202  -0.01863826  -4.941538
-0.20114231  -0.37696794  -3.9842358
0.102082886  -0.24752292  -4.185227
0.06227307  7.498718E-4  -4.066535
0.14741963  -0.07703228  -4.86873
-0.1522105  0.04421483  -5.9057403
-0.5986753  -0.20947333  -6.2025375
-0.3660061  -0.13767892  -6.763893
0.41341984  0.16590053  -8.165134
0.9553849  0.41378605  -11.119165
-0.034900438  0.18031026  -14.71074
-0.31155297  -0.33118287  -15.880055
-0.8979609  -0.22366694  -14.49428
0.23774497  0.20576768  -14.458631
0.9120278  0.3609261  -15.851138
0.30783835  -0.03515131  -15.828215
-0.3609284  -0.1314331  -14.164074
-0.6352104  0.13169228  -14.146847
0.17143692  0.24813466  -14.501628
0.44181845  0.24783342  -14.074656
0.6161935  0.11401946  -12.244139
0.19644506  -0.03595121  -9.506806
-0.171752  -0.09833661  -7.922404
-0.118817925  -0.07155915  -7.888112
0.23535074  0.05997048  -7.6799603
0.07793832  -0.015641754  -6.277826
-0.14592777  0.08966906  -5.3895707
0.031859256  -0.10736042  -5.2687263
0.019220062  0.030312888  -7.1498547
0.044482104  0.11242469  -7.5339646
-0.031584475  -0.1456907  -5.773444
-0.16546704  0.12423336  -4.571167
0.17949218  0.084490724  -5.157737
0.45387053  0.054569133  -7.8031454
-0.1347774  0.2017822  -9.479148
-0.3609048  -0.2399456  -9.309067
-0.6431184  -0.2227946  -9.848541
0.7128093  -0.03573242  -14.355891
-0.08401507  0.2142332  -18.836092
-0.38378537  -0.010195806  -18.036617
-0.84323025  -0.61489725  -16.830162
-1.6404834  -0.9481183  -16.51461
0.22149292  -0.06464596  -15.677561
-0.41720444  -0.048325893  -13.591424
-0.54055446  -0.118307546  -12.300893
0.9315355  0.95221967  -12.976676
1.0824885  0.9137717  -14.994115
0.37633514  0.63295573  -14.166626
-0.4605553  0.14944735  -10.997398
-0.6101805  0.072103135  -8.197027
-0.06545914  -0.02405429  -6.9094744
0.60207987  -0.079712644  -7.116406
0.18567461  -0.13695239  -7.378857
-0.4416067  -0.25366676  -7.497201
-0.45865217  -0.14196192  -6.4446244
0.080395244  -0.038017895  -4.7800584
0.56439495  0.10413464  -4.094356
0.24580254  -0.3474758  -5.7192106
-0.08996207  0.055368327  -6.836203
-0.47997528  -0.083693966  -7.008554
-0.2757907  -0.26365608  -7.6871195
-0.13043639  -0.19926207  -8.069869
0.1566741  -0.12693918  -9.345585
1.1238744  0.07657438  -11.844735
0.340506  0.045407433  -14.22838
-1.2299634  -0.16601153  -14.278362
-0.9087027  -0.5459399  -13.922153
0.5027205  0.01945555  -13.526697
1.0762357  0.5311384  -14.985839
0.35199594  0.22321858  -14.775938
-0.887989  -0.16201234  -14.380595
-0.33968377  -0.0719928  -14.967962
0.33032638  0.4281663  -14.7865715
0.010985974  0.131202  -13.287942
0.21045215  0.035053167  -10.954074
0.32940036  0.04372375  -8.906572
0.34767586  0.0397836  -8.442235
0.18426368  0.026556952  -8.279577
-0.073326066  0.0147968745  -7.9596167
-0.18471384  -0.12053275  -6.43867
-0.11458494  0.02690059  -5.2650275
0.009128891  0.06439417  -5.5868697
0.15369992  -0.16480383  -6.526964
0.43556473  0.108566955  -6.656477
-0.03359015  0.061100695  -6.1602135
0.049409255  -0.012923182  -5.843939
-0.12078171  -0.05380808  -5.710998
-0.15495022  0.05412869  -6.887701
0.041935157  0.13962717  -8.000833
-0.16118756  0.09332188  -9.529984
-0.35111827  -0.06951812  -10.380301
-0.2886418  0.01578954  -11.228095
0.13541096  -0.25471297  -13.1468115
0.35860994  0.083484545  -15.711403
0.028233176  0.121914856  -15.674039
-0.2206343  -0.18780866  -14.843626
-0.1986809  -0.2920811  -14.965197
-0.054548442  -0.07750555  -15.45401
0.49775746  0.14811887  -15.243297
-0.39278895  -0.09407795  -14.216534
-0.5821777  -0.086884595  -12.010352
-0.30413646  0.07745314  -11.6212225
0.31013796  0.539432  -14.410744
0.611769  0.6840439  -16.25521
0.03847494  0.40009892  -14.28405
-0.701561  0.33833757  -9.412564
-0.27025378  -0.2146997  -7.8435397
0.21492428  0.0013416662  -9.172835
0.32220507  0.16266346  -8.497838
0.05209317  -0.012667035  -7.624806
-0.078182034  0.2225287  -6.236965
0.0024030576  -0.23823868  -4.7938886
-0.21761036  -0.46425095  -4.883075
0.46345752  0.07051076  -5.357791
0.29895657  0.051692933  -5.792948
-0.08227351  0.0035742647  -6.1622806
-0.3282169  -0.18058968  -7.2330284
-0.022989241  -0.120170236  -7.412449
0.20237666  -0.006203132  -7.1438074
0.16764483  0.05129182  -7.863424
0.0015531793  -0.021243073  -9.964587
-0.04449991  0.08850672  -10.768381
0.07381956  -0.19794631  -10.60005
0.29083607  0.016569896  -10.740723
0.18331587  -0.031495847  -11.961802
-0.26469672  -0.11153329  -13.200887
-0.5829229  -0.09935694  -14.332942
0.21645725  0.016339673  -14.218648
-6.505605E-4  0.17335469  -13.411095
0.36831602  0.26848453  -12.40395
-0.18298453  0.3123558  -11.963396
-1.2267178  0.09654196  -12.188612
-0.040937528  0.08095174  -13.731804
0.8619538  0.1600723  -16.93957
0.27255994  0.14584358  -17.87578
-0.17557901  0.11660042  -13.233704
-0.29599485  -0.011508333  -10.170745
0.38812226  -0.081658415  -10.257776
0.3091809  0.046772584  -10.157137
0.1145765  0.049414642  -8.763604
-0.12550856  -0.11177825  -7.4433537
-0.050356187  -0.08490996  -6.7359905
0.20819181  0.035772678  -7.183079
0.26062226  0.09564569  -7.530733
0.24890997  -0.088239156  -6.8823705
-0.1826684  -0.059850242  -5.749903
-0.18834175  -0.027601298  -5.6241083
-0.03492306  -0.012438521  -5.6423397
0.24105668  0.005465959  -6.353785
0.17038931  0.05992858  -6.6708393
-0.17691246  -0.043562043  -7.1323586
-0.34992102  -0.10965382  -7.3513236
-0.2723969  -0.1506342  -7.640993
0.29517695  0.01871565  -9.486228
0.28944978  0.23751481  -13.03922
-0.068739235  -0.029787019  -14.070245
-0.58127844  -0.20446187  -13.259741
-0.015282463  -0.12741782  -12.474951
0.55175644  -0.33973435  -12.760204
0.37495908  -0.1357434  -12.614863
-0.08320331  -0.029874083  -12.849519
-0.7255526  0.075409785  -13.101635
0.4111787  0.12029711  -12.299383
-0.09052949  0.14653216  -11.440136
-0.8108927  0.82016695  -11.480849
0.33436882  0.6160958  -13.981984
0.71623874  0.60231996  -15.289305
0.08012305  0.60112244  -12.699666
-1.034507  0.4963727  -9.969413
-0.3801934  -0.03714317  -10.217181
0.54113364  -0.23879321  -11.528549
0.83797216  -0.023821851  -10.952039
-0.028952278  -0.22251897  -9.844762
-0.10493108  -0.23790786  -7.828312
0.009238999  -0.3454398  -6.6643624
-0.009337705  -0.21226807  -6.3658986
0.30858192  -0.39795306  -6.9686255
-0.3738774  0.11564888  -6.724504
-0.5228516  -0.23750332  -5.966132
0.12760882  -0.13767476  -6.6994553
0.20159161  0.07008433  -7.5776176
0.13237868  -0.04769599  -9.137752
-0.13309757  0.011154076  -10.455515
-0.3417233  -0.26138854  -10.711367
-0.64128935  -0.8404259  -10.922317
0.5542604  -0.031067403  -11.916443
0.8220109  0.4802672  -13.818093
0.037842173  0.14778973  -14.411824
-0.881365  -0.23736732  -13.571352
-0.71140736  -0.045595624  -13.19776
0.21322449  -0.04207929  -12.697973
0.038176544  0.87861305  -13.039026
0.25810724  1.2584666  -15.035006
0.31414035  0.69199836  -15.481604
-0.18296866  -0.10697468  -11.716476
-0.23058328  -0.33305827  -8.37696
0.048466474  -0.054907568  -7.5527167
0.14758767  0.21468405  -9.179787
0.30163556  0.16176672  -9.529801
0.09362311  0.10445289  -8.424702
0.08631792  -0.20233831  -7.2653008
-0.20274816  -0.19769335  -6.5113826
-0.036842007  -0.28452042  -6.9424
0.11118866  0.17611516  -7.3084965
0.2782279  -0.15658481  -7.2902403
0.07154247  -0.3201627  -7.1952586
-0.112392694  -0.1518061  -6.6672945
0.32326645  0.01086479  -6.544442
0.3313382  0.36201903  -8.391342
-0.59650505  0.32359844  -10.240565
-0.6779443  -0.19775806  -11.617638
2.0584193E-4  -0.5107286  -11.466616
0.044269938  -0.25549555  -11.863049
0.044639274  -0.049784403  -13.735114
-0.5127702  0.35630205  -16.037281
-0.8605066  0.2613158  -16.135134
-0.04899437  -0.3617986  -15.084825
0.31353614  -0.055346154  -13.683495
-0.24360324  0.25360537  -12.0245285
-0.5437978  0.76157963  -12.488344
0.35816222  0.9712113  -13.750673
0.5587294  0.61017597  -12.236327
-0.2641672  0.13596614  -9.82659
-0.5242666  0.20815714  -7.4748507
0.1854724  0.06665578  -7.834415
0.8773144  -0.60994947  -9.911425
0.4325157  -0.4604065  -10.327614
-0.17068097  -0.21806806  -8.303193
-0.31221578  -0.21710427  -6.8689137
0.14738616  -0.3811619  -6.926208
0.5115814  -0.15788561  -7.0843606
-0.15264769  0.08544378  -8.397786
-0.26354194  -0.015482333  -7.662382
-0.24013785  -0.13661899  -6.512565
-0.20576043  0.41835386  -6.6507235
0.13011716  0.070148274  -7.3330207
0.10216695  0.20457712  -9.126017
-0.02313049  0.11493159  -11.16647
-0.06845761  -0.040924642  -11.632655
-0.33084553  -0.3515046  -11.655183
0.13188581  -0.214576  -12.150919
0.17456524  0.14697973  -13.862287
-0.03391781  0.057369076  -14.846212
0.09185988  0.018001312  -14.291052
0.15935326  -0.1901517  -13.24467
0.528061  -0.013472557  -12.014582
0.028673973  0.53757983  -11.676968
-0.43079478  0.5007149  -14.88822
0.3610454  0.040062413  -14.569499
0.19380759  -0.15377569  -10.098266
0.008766503  -0.089833364  -7.266061
-0.1884031  -0.040516295  -9.38617
0.16890827  0.080939025  -10.927255
-0.018936224  -0.03727971  -10.737355
-0.36348227  -0.024664238  -9.162028
-0.22376686  -0.047266595  -7.9733763
-0.045718037  -0.23080829  -7.963687
0.14256312  -0.1813579  -8.605841
-0.108936794  -0.08584432  -8.715889
-0.18243831  -0.12618893  -7.592372
-0.3782216  -0.18268107  -6.6301045
0.054579616  0.016298078  -6.340125
0.37718916  0.25224257  -7.7461696
0.2545421  0.10207574  -9.983162
0.06763163  -0.003248024  -11.488147
-0.13370353  -0.34468934  -9.948408
-0.2975674  -0.016426256  -9.708192
0.19750014  0.18320337  -11.738703
0.29380208  0.5163705  -15.211923
0.15715887  0.3103722  -15.6128845
-0.1456593  -0.21122137  -13.617061
-0.2695148  -0.33760503  -12.314481
-0.19708323  -0.018901998  -10.487485
-0.054953676  0.773996  -11.84795
0.830442  0.51179194  -14.4552765
0.38107863  -0.08923897  -13.667918
-0.13894685  -0.2698184  -9.776444
-0.10005735  -0.18152429  -7.0988975
-0.28461123  -0.06659171  -7.1346173
0.031623293  0.14898448  -9.072168
0.33998007  0.048705872  -11.128204
-0.117882155  -0.1597291  -10.873415
-0.30866188  -0.21558394  -7.316673
-0.30449733  -0.3089279  -5.180682
-0.07828549  0.023370352  -6.6432242
0.13488755  -0.063982636  -7.8249016
-0.09322469  0.03397485  -7.320031
-0.5198579  1.1157069  -5.5684395
0.048101865  -0.4319658  -7.6727476
-0.1706108  0.27831918  -8.883957
-0.08245306  0.136143  -10.289433
-0.13770601  0.2156603  -10.870493
0.1812067  0.041399673  -11.572918
0.022854673  -0.35425004  -11.691981
0.31769258  -0.18900238  -12.488908
-0.5310712  0.104392424  -12.177664
-0.2677529  -0.025983958  -11.675073
0.08773818  -0.14951192  -11.533825
0.45572895  0.44211143  -13.476791
0.15374573  0.50337774  -14.308194
0.63821226  -0.016753152  -12.549669
0.18075807  0.39830267  -13.036726
0.014089473  1.4961963  -14.50214
-0.63437307  0.33373958  -13.970793
0.80490696  0.4805778  -11.864041
0.060243573  -0.45275673  -9.707132
-0.5975479  -0.6156966  -9.564868
0.041851338  -0.4836982  -10.436976
0.47733748  0.56568295  -9.57285
0.3462589  0.3604747  -8.240933
0.23393531  -0.56744874  -8.322468
-0.891749  -0.27802226  -8.939074
-1.4681644  0.20721698  -8.260207
0.17908323  -0.0833371  -8.555915
1.0398053  1.1843395  -8.835413
-1.086141  1.2957833  -10.169135
-0.18819836  -0.51929826  -10.622133
0.3729542  -2.3821616  -9.849448
-0.017531285  -0.2208913  -10.667469
-0.31070065  0.5161607  -10.828637
-0.059103735  0.87759286  -9.086416
-0.044217773  -0.7030237  -7.198302
-0.05645174  -1.0816675  -9.796118
-3.8130285E-4  0.40601185  -11.3582
-0.40388772  0.2691512  -11.702389
-0.7593016  0.6727873  -12.104958
-0.5561749  0.72950405  -12.07323
0.7986043  -0.33286697  -12.142114
0.46102905  -0.91027045  -12.214213
-0.29139662  -0.050580684  -10.06962
-0.99734193  1.6360183  -9.187883
1.1555294  0.77003044  -12.720435
2.553034  -1.7653629  -16.15519
-0.40540683  -0.43789685  -15.797479
0.5668262  -0.60001975  -10.9192505
-1.253531  0.7981286  -6.976069
0.12717563  -0.02898899  -8.708327
0.7057221  -1.028891  -12.252556
1.070384  -0.04597158  -10.622042
-0.43449876  -0.008809667  -8.250112
-0.31905305  -0.19735938  -6.7971516
0.07308349  0.10292851  -8.3067045
0.23529072  0.1391708  -10.500469
0.24794005  -0.054975525  -10.274266
0.0825867  0.19073737  -10.140988
-0.22590083  0.10672423  -9.181937
-0.10301046  -0.28974503  -9.415636
0.10133301  0.06492963  -10.118083
0.13072583  0.06518863  -9.340883
-0.043038048  0.1712547  -9.031299
-0.44785434  -0.18151535  -9.074092
0.39956093  -0.10612182  -10.35402
0.40471828  -0.07053212  -11.380254
0.011760715  -0.121106416  -10.616701
-0.51493293  0.22987941  -8.447711
-0.34638244  0.27393442  -9.021609
0.5163306  -0.28186664  -10.4655695
0.90550584  -0.45249584  -12.090488
0.13778597  0.06518132  -11.347939
-0.5341189  0.15282673  -9.535861
-0.46384853  0.11071115  -9.798046
0.3355731  -0.22811054  -10.494323
0.12540989  -0.16745888  -10.891001
-0.06476211  0.047645673  -10.283764
-0.19688487  0.039732285  -9.67019
-0.11570776  0.039048046  -9.448047
0.48540083  -0.06529928  -9.861385
0.19297324  -0.10103513  -10.288935
-0.10604936  0.062594324  -10.826095
0.07148158  -0.05191811  -10.48657
-0.22710922  0.06521209  -10.478915
-0.4230731  0.13920131  -9.770346
0.33898884  -0.15429203  -9.713982
0.39679888  -0.10265865  -9.9785385
-0.14127146  0.039434996  -9.856538
-0.2217828  0.1454289  -10.409927
0.17671694  -0.00486492  -10.8606415
0.2536241  -0.043322776  -11.312719
-0.06161581  -0.080739036  -11.005558
-0.14523292  -0.016244156  -10.7225275
0.17530347  -0.15958871  -10.129362
0.002861132  -0.009318345  -10.235062
0.11167458  -0.096371286  -10.1831045
-0.22695118  0.029498067  -9.662292
0.061266974  0.01232855  -10.134499
-0.3714042  0.11637695  -10.030094
0.20398013  -0.10367608  -9.648808
0.39748314  -0.07521396  -9.981787
0.27657744  -0.03053014  -10.849842
-0.23340411  0.088815324  -10.821408
-0.31531483  0.1269397  -10.794038
0.006624181  -0.1293581  -10.57705
0.20938031  -0.13242203  -11.0192175
-0.10808838  -0.017200405  -11.476726
-0.06434982  0.030444244  -10.556748
0.053841993  -0.025280453  -10.333474
-0.16632271  -0.0077965944  -9.670264
0.41859758  -0.10483605  -10.405477
0.1151271  -0.011589685  -11.480977
-0.5442775  0.4337274  -11.088867
-0.47800344  0.10875362  -8.900994
0.26813176  -0.19151585  -9.710869
0.16727373  -0.07584707  -10.363028
0.09042702  0.082803726  -10.776547
0.44930482  -0.010527604  -10.771546
-0.44329065  0.18433851  -10.18629
0.075933106  0.04484493  -9.726639
0.06658657  -0.100361764  -9.862371
0.21069363  0.006592401  -10.922294
-0.0077959592  -0.047039088  -10.282488
0.2742278  -0.06909197  -10.262868
-0.13946612  -0.060613934  -10.004926
-0.025855003  -0.005835119  -9.618031
0.022010885  -0.017581536  -10.741975
-0.26166156  0.065553546  -10.085223
0.15506522  0.11627176  -9.558343
0.16601056  -0.16138357  -10.191618
0.09150668  -0.03929275  -10.404672
0.03359365  0.04460599  -10.320488
-0.40506425  0.15840489  -9.784989
0.027613677  0.055004027  -10.275498
0.017867917  -0.075157925  -10.627739
0.23635902  -0.07130883  -10.5863905
0.069830924  0.02183708  -10.62056
-0.4016416  0.0014604478  -9.684244
0.0293772  0.06694795  -9.738313
0.14080274  -0.075698815  -10.431434
0.24904884  -0.1130091  -10.59114
0.20955805  -0.07353797  -11.056318
-0.32197252  0.16469006  -10.706355
-0.07321347  0.11462606  -9.954558
0.008607406  -0.04026792  -9.718595
-0.013646297  -0.103243165  -10.3810835
0.048095416  0.14819686  -11.352855
-0.013167386  -0.04904224  -10.627162
-0.12505212  0.043279514  -9.815293
-0.09949572  -0.10501455  -9.382012
-0.0328862  0.106854  -9.88575
0.097099416  0.017247586  -10.909241
0.090325564  -0.046660163  -11.588478
0.12799351  -0.07645993  -10.695376
-0.44035855  0.08245146  -9.983807
