-0.418840
-0.393317
-0.356569
-0.285611
-0.209335
-0.142289
-0.081430
-0.023616
0.032249
0.085454
0.135474
0.181053
0.218391
0.246773
0.266574
0.278511
0.280750
0.274015
0.259958
0.240607
0.218104
0.194549
0.171392
0.148991
0.127372
0.106684
0.086315
0.064181
0.040177
0.015483
-0.007944
-0.028963
-0.047679
-0.064268
-0.079390
-0.093325
-0.103372
-0.111786
-0.121060
-0.135127
-0.153852
-0.176253
-0.202199
-0.231098
-0.261741
-0.293892
-0.326524
-0.359444
-0.390834
-0.420823
-0.449919
-0.478596
-0.506539
-0.533190
-0.558480
-0.581413
-0.601057
-0.617366
-0.631241
-0.643759
-0.654984
-0.664354
-0.670329
-0.670571
-0.664743
-0.653740
-0.640281
-0.626664
-0.613769
-0.601175
-0.587812
-0.573110
-0.557339
-0.540073
-0.521082
-0.500376
-0.476830
-0.450855
-0.423355
-0.395993
-0.369729
-0.344361
-0.320654
-0.298185
-0.277271
-0.257288
-0.236562
-0.213549
-0.185791
-0.152556
-0.113957
-0.072867
-0.032118
0.007143
0.045766
0.084604
0.122813
0.158883
0.191827
0.221376
0.247664
0.271368
0.294294
0.318095
0.343525
0.369465
0.392919
0.411337
0.425002
0.437797
0.453053
0.471684
0.491137
0.509858
0.527029
0.543311
0.558305
0.571316
0.581923
0.590398
0.598469
0.607985
0.620415
0.634973
0.649815
0.662622
0.673013
0.682166
0.691493
0.700754
0.708456
0.713997
0.718079
0.721974
0.725555
0.728020
0.728527
0.726844
0.722801
0.716632
0.709152
0.701545
0.696323
0.694639
0.696023
0.696597
0.693746
0.687357
0.680131
0.674775
0.672718
0.673809
0.677927
0.685335
0.695849
0.708774
0.721922
0.733808
0.743125
0.751266
0.757943
0.763806
0.769417
0.776831
0.787350
0.801491
0.819296
0.839430
0.859587
0.878403
0.896750
0.916344
0.937908
0.961239
0.985619
1.010484
1.034660
1.056836
1.075981
1.092483
1.107187
1.121556
1.135728
1.148903
1.159713
1.167309
1.171604
1.172662
1.170593
1.165804
1.159487
1.152302
1.144043
1.133791
1.120520
1.103768
1.084892
1.064682
1.042978
1.017658
0.987156
0.951398
0.911555
0.868320
0.823176
0.776486
0.729210
0.680425
0.630422
0.579109
0.527041
0.473850
0.419839
0.365819
0.312898
0.261612
0.212005
0.163632
0.115231
0.066736
0.018858
-0.026458
-0.068954
-0.110079
-0.150516
-0.190710
-0.229872
-0.267165
-0.301389
-0.331883
-0.359465
-0.385439
-0.411681
-0.438721
-0.466455
-0.494366
-0.523243
-0.554470
-0.588422
-0.622196
-0.653131
-0.679801
-0.704153
-0.727308
-0.750030
-0.772349
-0.794290
-0.814783
-0.833856
-0.851137
-0.866973
-0.881517
-0.894884
-0.907139
-0.916409
-0.923690
-0.930360
-0.938716
-0.947470
-0.953011
-0.953830
-0.951200
-0.948947
-0.949044
-0.950763
-0.953137
-0.954764
-0.956281
-0.956575
-0.953967
-0.947863
-0.938410
-0.925795
-0.909406
-0.889515
-0.867852
-0.846049
-0.824437
-0.802845
-0.780171
-0.756333
-0.731246
-0.704347
-0.676521
-0.647334
-0.618291
-0.590101
-0.563494
-0.538396
-0.513943
-0.489859
-0.465362
-0.440238
-0.414750
-0.389911
-0.367988
-0.350570
-0.336235
-0.321465
-0.303726
-0.283057
-0.260451
-0.237005
-0.212651
-0.188336
-0.165336
-0.144414
-0.124044
-0.102373
-0.078558
-0.052583
-0.024358
0.006476
0.038843
0.072580
0.107230
0.143621
0.181554
0.219342
0.256118
0.289897
0.320616
0.349068
0.376702
0.403954
0.429282
0.452282
0.473248
0.494279
0.516525
0.540221
0.564226
0.588350
0.612849
0.637480
0.662401
0.687061
0.711791
0.736548
0.761535
0.786520
0.811218
0.835500
0.858926
0.880966
0.902376
0.923305
0.942672
0.959022
0.971675
0.981548
0.988752
0.993095
0.994695
0.995181
0.995525
0.997017
1.000122
1.005457
1.011868
1.017280
1.021219
1.022228
1.020445
1.014455
1.005079
0.992125
0.977563
0.962276
0.946206
0.927701
0.904824
0.877339
0.846100
0.812002
0.776135
0.740058
0.705130
0.671063
0.636496
0.601228
0.565919
0.530153
0.494853
0.460161
0.427613
0.396142
0.365699
0.336124
0.307176
0.277654
0.247150
0.216148
0.185653
0.155941
0.129141
0.106691
0.088626
0.073754
0.061058
0.049966
0.039709
0.030639
0.022606
0.016226
0.010630
0.006057
0.001935
-0.002797
-0.008653
-0.015359
-0.022134
-0.028739
-0.035759
-0.043013
-0.050900
-0.060095
-0.071125
-0.082231
-0.092761
-0.103020
-0.114399
-0.127091
-0.140971
-0.156561
-0.173457
-0.190673
-0.207427
-0.223376
-0.239126
-0.255461
-0.274254
-0.295635
-0.319108
-0.342353
-0.364384
-0.384425
-0.403241
-0.422400
-0.442940
-0.465726
-0.489330
-0.512068
-0.532882
-0.549823
-0.563708
-0.574666
-0.585164
-0.596205
-0.608166
-0.620067
-0.631228
-0.640975
-0.650134
-0.658849
-0.667020
-0.673881
-0.678585
-0.680928
-0.680640
-0.677417
-0.672276
-0.666956
-0.662332
-0.658120
-0.652903
-0.646707
-0.638618
-0.628611
-0.616484
-0.604306
-0.592107
-0.579255
-0.564855
-0.548770
-0.531594
-0.512983
-0.493256
-0.472888
-0.450880
-0.428136
-0.403374
-0.377658
-0.350136
-0.321556
-0.291357
-0.259855
-0.227571
-0.196247
-0.166939
-0.141477
-0.120177
-0.102277
-0.086631
-0.072731
-0.061490
-0.053209
-0.046744
-0.039975
-0.031627
-0.021890
-0.012387
-0.002911
0.006648
0.017772
0.031202
0.047339
0.064475
0.080429
0.095241
0.109733
0.125106
0.141588
0.159598
0.179238
0.197938
0.214591
0.228274
0.240382
0.252059
0.264246
0.277091
0.290272
0.304664
0.321845
0.342205
0.365337
0.390720
0.418807
0.450092
0.484795
0.522889
0.563944
0.607168
0.649987
0.691518
0.732196
0.773347
0.814249
0.853320
0.890145
0.924560
0.957479
0.990318
1.024814
1.059557
1.092821
1.122807
1.149769
1.174105
1.196488
1.219336
1.243361
1.268548
1.293352
1.317135
1.339348
1.359010
1.375654
1.389313
1.400123
1.408273
1.413847
1.417181
1.418775
1.418057
1.415202
1.409790
1.403025
1.395944
1.390675
1.386801
1.381419
1.373320
1.362674
1.351165
1.337706
1.322671
1.306157
1.287997
1.266659
1.241834
1.214389
1.185995
1.157763
1.129886
1.102234
1.074346
1.045887
1.017354
0.990603
0.966785
0.945204
0.924576
0.903775
0.882296
0.859262
0.835491
0.813234
0.793115
0.773120
0.751903
0.728410
0.704326
0.679549
0.653715
0.626901
0.598980
0.572930
0.548733
0.526482
0.505026
0.484957
0.465835
0.446978
0.426664
0.405329
0.384186
0.365001
0.348371
0.333505
0.319075
0.303868
0.287262
0.269864
0.251241
0.230321
0.205966
0.179612
0.153113
0.128135
0.104841
0.084096
0.064908
0.045159
0.022118
-0.004101
-0.032764
-0.062173
-0.092217
-0.122214
-0.151356
-0.179737
-0.206610
-0.233952
-0.261877
-0.291031
-0.320700
-0.350737
-0.381018
-0.410832
-0.439647
-0.467624
-0.495191
-0.522967
-0.551032
-0.578969
-0.607244
-0.636018
-0.665361
-0.694315
-0.722011
-0.748079
-0.772329
-0.794990
-0.816302
-0.835753
-0.853206
-0.869306
-0.884896
-0.899040
-0.909572
-0.915827
-0.917984
-0.917403
-0.914166
-0.909131
-0.903708
-0.898568
-0.894114
-0.888744
-0.881810
-0.872989
-0.862770
-0.852200
-0.841502
-0.830393
-0.817276
-0.801603
-0.783001
-0.762300
-0.740182
-0.718019
-0.694567
-0.668705
-0.639888
-0.609622
-0.579651
-0.550230
-0.520724
-0.489393
-0.455816
-0.422047
-0.390120
-0.360303
-0.330840
-0.301302
-0.270613
-0.237664
-0.201561
-0.163009
-0.123492
-0.084489
-0.045614
-0.007335
0.031818
0.070931
0.110580
0.150964
0.192680
0.236415
0.281299
0.325257
0.365824
0.402627
0.436398
0.469098
0.501838
0.534993
0.567510
0.598458
0.627242
0.654098
0.679238
0.702583
0.723536
0.740736
0.754479
0.766658
0.780330
0.796822
0.815352
0.834836
0.853682
0.870673
0.885065
0.898006
0.910338
0.922856
0.935198
0.947408
0.957596
0.965754
0.971987
0.977590
0.982219
0.984914
0.985471
0.984676
0.983348
0.982116
0.981237
0.981041
0.981285
0.981953
0.983046
0.984492
0.986686
0.989100
0.992539
0.996517
1.002113
1.009281
1.017236
1.024623
1.029535
1.031927
1.032526
1.032916
1.034604
1.038409
1.043762
1.048069
1.049632
1.047929
1.043464
1.036981
1.029529
1.021511
1.011924
0.999470
0.983517
0.964972
0.945005
0.925046
0.906090
0.887793
0.870282
0.852741
0.834741
0.815614
0.795502
0.774159
0.751177
0.726529
0.700232
0.673499
0.645382
0.616192
0.584827
0.551565
0.516488
0.480034
0.442996
0.405188
0.365872
0.323900
0.279847
0.235911
0.193787
0.154205
0.117431
0.084266
0.054352
0.026939
0.000911
-0.023939
-0.048282
-0.072977
-0.099197
-0.127382
-0.157332
-0.188381
-0.221161
-0.256264
-0.293730
-0.332440
-0.372206
-0.412632
-0.453186
-0.491902
-0.527738
-0.559978
-0.588990
-0.616727
-0.643880
-0.671130
-0.697127
-0.722243
-0.746927
-0.771547
-0.796571
-0.822137
-0.848799
-0.876532
-0.905211
-0.935163
-0.967087
-1.001531
-1.037901
-1.074631
-1.110006
-1.142483
-1.171341
-1.196148
-1.216968
-1.234114
-1.248093
-1.259608
-1.268566
-1.274406
-1.276542
-1.276219
-1.274756
-1.272963
-1.271425
-1.270983
-1.271687
-1.273326
-1.275445
-1.276980
-1.277165
-1.273719
-1.266562
-1.255969
-1.244137
-1.232301
-1.219920
-1.206986
-1.192857
-1.177563
-1.160890
-1.142520
-1.121861
-1.098368
-1.071954
-1.043967
-1.015262
-0.987422
-0.959345
-0.931547
-0.904460
-0.878426
-0.851870
-0.823606
-0.794070
-0.764610
-0.735383
-0.705221
-0.673067
-0.639211
-0.604363
-0.568604
-0.532837
-0.499204
-0.468112
-0.437735
-0.404907
-0.369590
-0.332974
-0.296355
-0.258929
-0.220399
-0.181576
-0.142741
-0.103477
-0.063436
-0.023013
0.017479
0.057179
0.095531
0.131758
0.167056
0.201292
0.235260
0.269040
0.304239
0.341933
0.381422
0.420991
0.459179
0.495763
0.530742
0.564261
0.595920
0.626355
0.656949
0.689128
0.722961
0.756748
0.790012
0.821081
0.848869
0.871470
0.888394
0.900635
0.908554
0.912946
0.914537
0.915065
0.915933
0.915573
0.913650
0.909757
0.904718
0.899153
0.892644
0.885850
0.878016
0.869785
0.860286
0.849066
0.836035
0.821523
0.806620
0.791092
0.775198
0.758614
0.741648
0.723065
0.702066
0.677652
0.649811
0.618269
0.583671
0.547600
0.511043
0.475110
0.440569
0.408336
0.378023
0.348339
0.319972
0.293420
0.268586
0.243281
0.215461
0.184916
0.152141
0.117930
0.082669
test_pull_request