1.3024458  2.2984335  9.80665
1.4173675  2.2601264  9.768343
1.3790601  2.183512  9.653421
1.4556746  1.9919758  10.0748005
1.3790601  2.030283  10.342952
0.842759  1.9153614  9.959879
0.0  2.2984335  10.036493
0.038307227  2.528277  10.6877165
1.0342951  2.030283  11.492168
0.0  1.7238252  11.262324
-0.45968673  1.9153614  10.726024
0.038307227  1.8387469  10.879252
0.0  1.6089035  11.33894
-0.30645782  1.8004397  10.189722
-0.49799395  1.8004397  9.11712
-0.6512229  1.7621324  10.189722
-0.5746084  1.8770541  12.028469
-0.34476504  2.0685902  11.990162
-0.49799395  2.566584  9.921572
-0.5363012  2.7964275  8.274361
-0.34476504  2.6431987  8.619126
0.5746084  2.4516625  9.385271
0.7278373  2.1452048  10.0748005
0.22984336  2.1452048  10.0748005
0.0  2.030283  10.228029
-0.076614454  2.1068976  10.649409
-0.15322891  2.0685902  10.649409
0.0  2.030283  10.189722
0.4213795  1.8770541  9.500193
0.5363012  1.9919758  9.80665
0.45968673  2.1068976  9.921572
0.34476504  2.1068976  9.883265
0.19153613  1.9919758  9.80665
-0.22984336  2.4133554  9.040505
-0.45968673  2.681506  8.580819
-0.6895301  2.9496565  8.389283
-0.842759  3.1028855  8.350976
-0.30645782  3.5625722  9.193734
-0.19153613  3.5242648  9.5385
-0.22984336  3.6008794  10.036493
-0.30645782  3.6391866  10.611102
0.038307227  3.4476504  10.879252
0.30645782  3.6774938  9.078813
0.0  3.6008794  8.389283
-0.30645782  3.4859576  8.0445175
-0.61291564  3.2944214  7.8146744
-0.8810662  3.064578  8.312668
-1.0342951  3.064578  8.848969
-0.9576807  3.3327289  8.848969
-0.6895301  3.7541082  8.695741
-0.11492168  3.9073372  10.534488
1.0726024  3.6008794  12.794614
0.7661445  3.7924154  13.637373
-0.5746084  4.1371803  12.220005
-1.7621324  4.175488  10.955867
0.076614454  4.098873  12.909535
0.30645782  3.86903  13.062764
0.6895301  2.0685902  13.713987
1.685518  0.076614454  15.05474
0.34476504  -1.2641385  13.101071
0.19153613  -0.80445176  11.530476
0.61291564  -0.49799395  10.496181
1.6089035  -0.30645782  9.691729
1.8387469  -0.2681506  9.844957
1.6089035  0.30645782  10.726024
0.6895301  0.80445176  10.802638
0.076614454  1.2641385  10.496181
-0.15322891  1.685518  9.80665
-0.038307227  1.685518  8.274361
0.2681506  1.4939818  7.6614456
0.34476504  1.1109096  7.6231384
0.15322891  0.9576807  7.967903
-0.22984336  1.1492168  7.967903
-0.7278373  1.6472107  6.9719152
-1.0342951  1.685518  6.6271505
-0.7661445  1.7238252  6.742072
0.11492168  2.030283  7.2783732
-1.0342951  3.9456444  8.734048
-2.528277  4.673482  10.0748005
-2.7964275  4.865018  12.334928
-0.6895301  4.596867  15.016433
2.336741  5.2863975  12.909535
2.2984335  6.0142345  12.909535
1.8770541  5.9759274  12.066776
0.0  3.6008794  12.066776
-1.685518  1.1875241  16.242264
-2.1068976  -1.340753  12.028469
-1.9919758  -1.2258313  7.6231384
-0.6895301  -1.4556746  7.3166804
1.685518  -1.340753  9.5385
1.2641385  0.4213795  11.87524
0.6895301  1.6089035  10.955867
0.19153613  2.528277  9.270349
-0.11492168  3.1411927  7.5848308
-0.30645782  3.3327289  6.8569937
1.0342951  1.8004397  6.6654577
1.3024458  1.340753  6.703765
0.9576807  1.4556746  6.397307
0.6512229  1.7621324  5.66947
1.1109096  2.1068976  4.9799395
0.49799395  1.9536686  6.0525417
-0.22984336  2.1068976  7.240066
-0.5746084  2.566584  7.8146744
-0.5363012  3.217807  7.929596
-0.038307227  4.596867  8.542512
0.30645782  4.4436383  9.423578
-0.076614454  4.405331  11.147403
-1.1492168  5.0182467  13.9438305
-1.4556746  6.2823853  16.280571
0.91937345  3.8307228  14.250289
3.9839516  1.2258313  15.591042
3.9073372  -0.49799395  16.74026
1.8387469  -1.340753  13.369223
1.5705963  -1.3024458  12.603078
1.1492168  -0.5363012  12.028469
0.6512229  0.7278373  11.530476
0.34476504  1.4173675  10.802638
-0.19153613  2.4133554  8.963891
-0.6895301  2.6048915  7.8146744
-0.6895301  2.6048915  7.086837
-0.45968673  2.183512  6.895301
-0.19153613  1.340753  6.0142345
-0.11492168  1.1109096  5.746084
0.076614454  1.2258313  5.439626
0.22984336  1.2641385  5.3247046
0.19153613  1.1875241  5.592855
-0.15322891  1.7621324  6.742072
0.38307226  2.2984335  7.0102224
0.80445176  2.9879637  7.8529816
0.6895301  4.0222588  9.423578
0.45968673  5.094861  10.764331
1.8004397  4.9416323  11.683704
2.4516625  4.673482  14.058752
2.030283  4.8267107  16.85518
1.7238252  5.094861  18.272547
-0.45968673  2.183512  18.847157
-2.1068976  0.7661445  18.272547
-2.7581203  -0.4213795  13.982138
-1.9536686  -0.6895301  8.082825
-1.1492168  -0.34476504  1.5705963
0.11492168  -1.0342951  4.4819455
0.61291564  -1.1875241  8.695741
0.6895301  -0.4213795  10.955867
0.19153613  1.9536686  12.603078
0.076614454  2.6048915  11.33894
0.34476504  2.834735  9.385271
0.91937345  2.7581203  7.8912888
1.3790601  2.2601264  7.0485296
1.6089035  1.3024458  4.9799395
0.9576807  1.1875241  3.9073372
0.5363012  1.1875241  2.6431987
-0.19153613  1.4173675  2.7964275
-1.4173675  2.2984335  7.776367
-1.1492168  3.2944214  10.91756
-0.91937345  3.7924154  13.560759
-0.6512229  4.2521024  14.288596
-0.6512229  4.673482  14.020445
-1.1875241  5.592855  16.127342
-0.80445176  5.056554  17.123331
0.6895301  2.566584  17.506403
1.3024458  1.4173675  18.272547
2.1452048  -2.336741  15.016433
1.9919758  -2.030283  12.488156
1.532289  -0.8810662  9.80665
1.3790601  0.19153613  7.5465236
1.1109096  0.8810662  7.201759
-0.5363012  1.3790601  10.189722
-1.0342951  1.7621324  10.457873
-1.685518  2.0685902  9.883265
-1.9153614  2.2218192  8.695741
-1.2258313  1.6472107  6.0525417
-0.5746084  1.340753  5.3247046
-0.15322891  1.2258313  5.439626
0.0  1.1109096  4.7884035
0.22984336  1.1492168  2.873042
0.45968673  1.1492168  3.0262709
0.9959879  1.532289  4.1371803
0.19153613  2.834735  6.167464
-0.8810662  4.1371803  8.887277
-1.1109096  4.060566  13.828909
-0.30645782  3.5242648  15.897499
0.038307227  3.715801  16.85518
0.38307226  4.367024  16.701952
0.9959879  3.6774938  15.437813
-0.38307226  2.030283  17.927782
-1.4939818  0.9959879  19.6133
-1.8387469  -0.91937345  18.425776
-1.5705963  -1.9919758  12.679692
-1.1492168  -1.4556746  3.064578
-0.49799395  -1.4173675  2.9496565
0.11492168  -1.5705963  6.588843
0.038307227  -1.340753  9.576807
0.4213795  0.5363012  12.679692
0.38307226  1.3024458  12.488156
0.80445176  1.5705963  10.764331
1.1109096  1.8770541  8.734048
1.1492168  2.030283  7.393295
0.91937345  1.685518  5.4779334
0.6895301  1.3790601  4.55856
0.30645782  0.9959879  3.9456444
-0.30645782  1.0726024  3.4859576
-1.0342951  1.3790601  5.631162
-1.4173675  1.9153614  7.776367
-1.685518  2.7964275  9.730036
-1.2258313  3.7541082  11.300632
-1.7238252  4.367024  13.40753
-3.1028855  4.7500963  15.591042
-3.2944214  5.0182467  17.851168
-1.8387469  3.4476504  18.425776
1.6472107  0.2681506  19.230228
3.217807  -3.3327289  16.970102
2.7964275  -3.064578  12.028469
1.7621324  -2.4133554  7.699753
0.61291564  -1.7238252  6.167464
0.11492168  -0.8810662  10.726024
-0.15322891  -0.30645782  12.5264635
-0.61291564  0.5363012  12.947843
-0.91937345  1.2258313  12.220005
-1.0342951  1.4939818  10.994174
0.19153613  0.6895301  10.611102
0.4213795  0.38307226  9.615114
0.15322891  0.4213795  7.6231384
-0.842759  0.9576807  5.0182467
-0.5363012  1.0342951  0.9959879
-0.038307227  0.80445176  0.61291564
-0.076614454  0.842759  2.2601264
-0.30645782  1.1492168  4.7500963
-0.5746084  2.336741  8.963891
-0.8810662  3.4859576  10.91756
-1.0342951  4.2904096  12.717999
-0.80445176  4.9416323  14.211981
-0.45968673  5.5162406  15.284584
0.49799395  5.0182467  17.697939
-0.11492168  3.064578  17.238253
-1.4939818  1.1492168  18.617311
-2.1068976  -0.8810662  18.004396
-2.873042  -2.1452048  8.734048
-3.1028855  -1.5705963  6.3589997
-2.6048915  -1.5705963  6.5122285
-1.340753  -1.6089035  8.465898
-0.34476504  -0.49799395  10.457873
-0.19153613  0.6895301  10.91756
-0.11492168  1.532289  10.91756
0.15322891  1.9919758  10.036493
0.6895301  2.183512  9.040505
1.340753  1.8387469  6.703765
1.1875241  1.4556746  5.2480903
0.9576807  1.2641385  4.3287168
0.5746084  1.2641385  4.175488
0.61291564  1.3024458  4.4819455
0.4213795  1.3024458  6.4739213
-0.2681506  1.6089035  8.0445175
-0.8810662  2.4516625  10.304645
-1.2258313  3.2944214  11.9135475
-1.3790601  3.86903  11.9135475
-1.0726024  3.715801  11.530476
-1.8770541  3.7924154  12.717999
-2.4133554  4.175488  15.093047
-0.7278373  2.834735  14.824897
1.3024458  0.19153613  14.288596
2.2601264  -1.8387469  14.595054
2.183512  -2.4133554  13.369223
1.685518  -2.1068976  11.147403
0.4213795  -1.8004397  10.572795
-0.38307226  -1.1109096  13.024457
-0.34476504  -0.2681506  13.790602
-0.61291564  0.6895301  13.139379
-1.9153614  2.2984335  9.730036
-2.1452048  2.6048915  8.695741
-2.030283  2.2601264  8.274361
-1.532289  1.7621324  8.00621
-0.9576807  1.1492168  7.469909
-0.45968673  0.49799395  6.244078
-0.38307226  0.49799395  5.363012
-0.34476504  0.45968673  4.367024
-0.22984336  0.5363012  3.715801
0.49799395  0.9576807  5.4779334
0.8810662  1.3024458  7.240066
0.5746084  1.9919758  8.963891
-0.076614454  2.9113493  10.342952
-0.842759  4.060566  10.457873
0.19153613  4.673482  12.373235
0.80445176  4.367024  15.437813
0.6512229  4.367024  18.119318
0.34476504  5.171476  18.004396
-1.1875241  1.9536686  14.480132
-3.2944214  0.6895301  16.74026
-4.2904096  -0.45968673  15.629349
-4.367024  -0.842759  11.568783
-0.91937345  -1.1109096  8.389283
1.6472107  -1.7621324  8.887277
2.030283  -1.8387469  10.151415
0.5746084  -1.1492168  11.224017
-0.6895301  0.19153613  11.87524
-0.842759  1.5705963  10.113108
0.11492168  1.9536686  7.8146744
0.8810662  1.8770541  6.167464
1.340753  1.8770541  5.2863975
1.0726024  1.6472107  4.55856
0.8810662  1.6089035  4.2521024
0.6895301  1.6472107  4.596867
0.38307226  1.9153614  5.2863975
-0.038307227  2.0685902  6.3206925
-0.7278373  2.2218192  8.695741
-1.1875241  2.681506  9.270349
-1.4939818  3.1794999  8.963891
-1.4939818  3.715801  9.078813
-0.91937345  4.6351743  12.028469
-0.8810662  4.9799395  13.177686
-1.1492168  5.554548  13.637373
-1.6089035  5.9759274  13.484144
-0.49799395  4.060566  13.9438305
2.183512  -0.6895301  18.157625
1.532289  -1.1875241  16.395493
0.9959879  -1.0342951  12.066776
0.49799395  -0.6895301  9.768343
-1.3024458  -0.45968673  12.181698
-1.7238252  -0.2681506  13.752295
-1.9153614  0.19153613  13.9438305
-1.9536686  0.91937345  12.411542
-1.5705963  2.1452048  8.465898
-1.0342951  2.4133554  7.086837
-0.5363012  2.183512  6.090849
0.11492168  1.7621324  5.401319
0.34476504  1.4173675  5.0182467
0.4213795  1.1109096  4.367024
0.7661445  0.9959879  4.213795
1.1875241  0.7661445  5.0182467
1.0726024  0.80445176  6.4739213
1.3024458  1.9919758  9.385271
1.2641385  2.9496565  9.653421
0.5363012  3.9073372  9.500193
-0.5363012  4.213795  10.419566
-0.7661445  4.367024  13.867216
-0.2681506  4.6351743  13.982138
-0.2681506  5.133168  13.867216
-0.038307227  5.9759274  14.058752
-0.30645782  4.2904096  13.254301
-2.6431987  0.38307226  19.460072
-3.6774938  -0.6895301  17.583017
-3.4859576  -1.1875241  11.60709
-2.4516625  -1.0342951  7.929596
1.3024458  -1.1492168  7.1251445
2.7581203  -1.3024458  8.350976
2.6431987  -1.1109096  9.730036
1.9153614  -0.22984336  10.342952
1.0726024  0.9959879  9.998186
-0.11492168  2.183512  8.542512
-0.076614454  2.2984335  8.274361
0.45968673  1.9536686  7.201759
0.6895301  1.4939818  5.707777
0.076614454  1.7238252  6.167464
-0.11492168  1.8387469  6.205771
-0.38307226  1.7238252  6.3206925
-0.7661445  1.6089035  6.895301
-0.6512229  1.9153614  8.312668
0.6512229  2.7964275  9.80665
0.61291564  3.6774938  9.768343
-0.11492168  4.4819455  9.155427
-0.80445176  4.9799395  9.346964
-0.19153613  5.401319  14.5567465
0.45968673  6.244078  15.399506
-0.2681506  5.171476  14.824897
0.7278373  3.0262709  16.242264
2.1452048  0.5746084  18.042704
2.873042  -1.1492168  13.177686
3.2561142  -1.0342951  8.734048
3.064578  -0.6512229  7.086837
2.183512  -0.30645782  7.776367
-0.22984336  0.49799395  11.645397
0.0  1.0342951  13.062764
0.30645782  1.685518  12.29662
0.0  2.4133554  10.266336
-1.0726024  3.1411927  7.8146744
-1.1875241  2.7581203  6.9719152
-0.5363012  2.030283  6.703765
0.19153613  1.3024458  6.0142345
0.5746084  1.0342951  4.9799395
0.038307227  1.2258313  3.7924154
0.34476504  0.38307226  4.175488
-0.842759  1.6472107  6.3589997
0.11492168  1.4173675  8.925584
0.5746084  4.0222588  10.764331
-0.80445176  4.596867  9.998186
-1.0726024  4.4819455  10.266336
-0.61291564  4.673482  12.143391
0.0  4.865018  13.560759
0.5363012  5.707777  15.552734
0.11492168  4.367024  12.871228
-1.7621324  1.8387469  15.246277
-2.7964275  -0.038307227  19.6133
-2.3750482  -0.5746084  9.308656
-1.340753  0.0  5.7843914
0.6512229  -0.30645782  6.588843
1.1109096  -0.9576807  10.342952
1.2641385  -0.5363012  13.484144
0.8810662  1.3790601  12.871228
0.49799395  2.4133554  10.879252
0.61291564  3.0262709  8.42759
1.1875241  2.9496565  6.2823853
1.4939818  1.532289  5.439626
0.49799395  1.4173675  6.129156
0.038307227  1.6089035  6.090849
0.038307227  1.8387469  5.363012
0.22984336  2.336741  4.55856
-0.5363012  2.2984335  6.090849
-1.1109096  2.2984335  8.580819
-1.1109096  2.6048915  10.726024
-0.30645782  3.371036  10.6877165
0.19153613  4.2904096  8.810662
0.11492168  4.9416323  9.730036
-0.30645782  5.5162406  11.300632
-0.5363012  5.899313  12.909535
-0.842759  6.205771  13.599066
1.1492168  3.3327289  15.322891
2.566584  0.91937345  17.697939
2.719813  -0.7278373  16.548721
2.6048915  -0.6895301  12.449849
2.681506  -0.6895301  8.0445175
1.685518  -0.6895301  10.802638
0.91937345  0.076614454  12.98615
0.4213795  0.7661445  14.135366
-0.45968673  2.336741  11.300632
-0.6895301  2.9113493  9.615114
-0.80445176  3.1028855  8.580819
-0.6512229  2.9113493  8.197746
-0.45968673  1.8387469  6.5122285
0.34476504  1.3790601  5.8226986
0.4213795  1.1875241  4.9416323
0.34476504  1.1492168  4.0222588
0.45968673  1.1492168  3.371036
0.9959879  1.4939818  5.66947
1.4939818  1.9536686  7.5082164
1.340753  2.7581203  8.925584
0.7661445  3.5625722  9.500193
0.11492168  4.6351743  11.147403
0.7661445  5.056554  11.568783
0.842759  5.5162406  11.951855
0.61291564  5.592855  13.67568
0.4213795  6.090849  16.4338
-0.7661445  3.4476504  16.663643
-1.4173675  1.9536686  18.272547
-2.873042  0.5746084  16.050728
-2.9496565  -0.15322891  11.262324
-2.1068976  0.2681506  4.596867
-1.1875241  -0.49799395  7.8912888
0.11492168  -1.1109096  11.60709
0.11492168  -0.7278373  12.488156
-0.22984336  0.45968673  12.258312
-0.076614454  2.3750482  10.342952
0.842759  2.719813  8.197746
1.2641385  2.681506  6.435614
1.4556746  2.3750482  5.3247046
0.49799395  1.6089035  5.2480903
-0.11492168  1.4939818  5.3247046
-0.4213795  1.4556746  5.401319
-0.30645782  1.340753  4.9799395
-0.11492168  1.7238252  6.435614
-0.38307226  2.183512  8.6574335
-0.7278373  2.7581203  11.109096
-0.9959879  3.5242648  12.411542
-0.11492168  4.213795  11.836933
1.1492168  5.094861  9.730036
0.34476504  5.3247046  10.994174
-0.61291564  5.554548  12.717999
-0.7661445  6.397307  14.5567465
-0.11492168  3.86903  12.334928
1.3024458  1.3790601  13.445837
0.30645782  0.30645782  14.403518
0.38307226  -0.61291564  14.020445
0.7661445  -1.3024458  12.756307
0.038307227  -1.9919758  14.365211
-0.34476504  -1.4173675  15.1696615
-0.30645782  -0.5746084  13.905523
0.2681506  0.38307226  11.722012
0.5363012  1.9919758  8.197746
0.22984336  2.3750482  7.3549876
-0.15322891  2.6431987  7.3166804
-0.19153613  2.336741  7.8529816
-0.076614454  1.9153614  7.6614456
0.038307227  1.6472107  6.0142345
-0.11492168  1.7621324  5.209783
0.19153613  1.6472107  4.2904096
0.5746084  1.3790601  4.1371803
1.2258313  1.4939818  6.9719152
0.7661445  1.8387469  8.082825
-0.30645782  2.6048915  8.810662
-0.61291564  3.1794999  9.040505
0.19153613  4.4819455  10.649409
-0.15322891  4.7884035  10.342952
0.45968673  5.66947  13.905523
0.0  5.2863975  13.713987
-0.5363012  5.554548  13.905523
-0.038307227  5.2480903  15.7825775
-0.842759  2.873042  16.318878
-2.2984335  1.340753  18.92377
-3.9073372  0.11492168  15.859192
-2.4899697  -0.49799395  5.631162
-2.2218192  -0.038307227  5.363012
-0.45968673  -0.6895301  8.274361
0.9959879  -1.3790601  11.836933
0.7278373  -0.80445176  12.449849
-0.38307226  1.7238252  11.60709
-0.11492168  2.4899697  9.768343
0.4213795  2.9113493  7.776367
0.80445176  2.9879637  5.861006
0.8810662  1.8770541  4.55856
0.38307226  1.8387469  4.8267107
0.15322891  1.6472107  5.2863975
-0.038307227  1.9153614  5.4779334
-0.22984336  2.030283  5.7843914
-0.9959879  2.4899697  7.6231384
-1.1109096  3.064578  8.197746
-1.1492168  3.715801  8.082825
-0.9959879  4.6351743  8.082825
-0.842759  4.903325  10.0748005
-0.9959879  5.0182467  11.645397
-1.4556746  5.401319  12.832921
-1.4173675  5.66947  14.365211
-0.8810662  6.205771  14.326903
0.9959879  2.566584  14.824897
2.030283  0.5746084  15.705963
1.8770541  -0.45968673  14.901511
1.532289  -0.49799395  12.066776
0.45968673  -0.80445176  11.224017
-0.45968673  -0.7278373  13.790602
-0.80445176  -0.11492168  15.05474
-0.38307226  0.7661445  13.905523
-0.38307226  2.0685902  9.002198
-0.842759  2.2984335  7.776367
-0.9959879  2.1452048  7.73806
-0.8810662  1.532289  8.274361
-0.80445176  1.2258313  8.312668
-0.45968673  1.2258313  6.397307
-0.4213795  1.1875241  5.4779334
-0.076614454  1.0726024  5.554548
-0.038307227  1.0342951  6.129156
-0.5363012  1.6472107  7.0102224
-0.38307226  2.2984335  7.1634517
-0.11492168  2.719813  7.3549876
-0.34476504  3.217807  8.121132
-0.80445176  4.0222588  9.002198
-0.30645782  4.711789  9.959879
0.30645782  4.7884035  10.496181
0.2681506  4.7884035  11.109096
-0.22984336  4.8267107  12.105083
-0.15322891  5.899313  13.139379
-0.076614454  5.899313  10.189722
-0.11492168  3.6391866  8.848969
-0.49799395  1.685518  13.369223
-1.8770541  -0.7661445  15.093047
-1.7238252  -2.2984335  15.016433
-1.1875241  -1.2641385  12.871228
-0.8810662  -0.11492168  10.802638
-0.9576807  0.7661445  9.308656
-0.8810662  1.8770541  9.385271
-0.45968673  1.8004397  9.80665
-0.22984336  1.4556746  9.959879
-0.076614454  0.9959879  9.80665
0.30645782  0.91937345  8.619126
0.8810662  0.9576807  8.6574335
1.532289  0.8810662  8.580819
1.7621324  0.9576807  8.350976
1.532289  0.7278373  8.504205
0.7278373  0.61291564  10.151415
0.7661445  0.80445176  11.070788
0.91937345  0.8810662  11.147403
0.38307226  0.9959879  10.419566
-1.1109096  0.91937345  11.18571
-1.3790601  1.3790601  11.262324
-1.1875241  2.183512  9.883265
-0.7278373  2.7581203  9.002198
-0.2681506  2.873042  10.189722
0.7661445  1.9536686  14.326903
0.5363012  1.9536686  14.250289
-0.038307227  2.2218192  12.5264635
-0.4213795  2.2601264  10.189722
-0.45968673  2.2601264  6.090849
-0.5363012  1.9536686  5.056554
-0.6512229  1.6089035  5.592855
-0.34476504  1.3790601  7.086837
0.19153613  1.3024458  8.159439
0.0  1.9536686  9.883265
-0.11492168  2.2984335  10.955867
0.076614454  2.4516625  11.453861
0.076614454  2.4899697  11.492168
0.2681506  2.6048915  11.147403
0.5363012  2.681506  10.534488
0.49799395  2.6048915  9.998186
0.4213795  2.4899697  9.921572
0.0  2.2601264  9.883265
0.076614454  2.336741  9.883265
0.30645782  2.4899697  9.615114
0.19153613  2.6048915  9.615114
0.15322891  2.719813  9.691729
