-0.2681506  2.0685902  10.228029
-0.34476504  2.2984335  10.0748005
-0.19153613  2.2218192  10.0748005
0.076614454  1.8387469  10.496181
0.34476504  1.4556746  10.151415
0.19153613  1.685518  9.80665
-0.076614454  1.9536686  9.615114
-0.15322891  2.030283  9.653421
0.34476504  1.7621324  10.0748005
0.2681506  1.8387469  9.730036
0.11492168  1.9919758  9.730036
-0.076614454  2.1452048  9.844957
-0.076614454  2.030283  10.113108
0.076614454  1.9919758  10.0748005
0.038307227  1.8770541  10.036493
-0.038307227  2.1068976  9.883265
-0.19153613  2.1452048  9.691729
-0.038307227  2.183512  9.921572
-0.11492168  2.030283  10.6877165
-0.15322891  2.030283  10.189722
-0.38307226  2.2218192  10.419566
0.076614454  2.2601264  9.921572
0.8810662  1.8387469  9.461885
0.30645782  2.2601264  9.346964
0.38307226  2.528277  9.385271
0.2681506  2.4899697  9.5385
0.6512229  2.566584  9.883265
0.61291564  2.4516625  10.151415
0.076614454  2.528277  10.228029
0.11492168  2.4133554  10.228029
0.6512229  2.2218192  10.764331
0.9576807  2.3750482  10.342952
0.5363012  2.7581203  9.730036
0.6895301  2.7964275  9.308656
1.2258313  2.4133554  9.040505
0.61291564  2.3750482  9.270349
0.30645782  2.183512  9.11712
0.19153613  2.183512  8.810662
0.15322891  2.2601264  9.11712
-0.7661445  2.2984335  9.155427
-1.3790601  2.4133554  8.350976
-2.030283  2.4899697  7.5848308
-2.3750482  2.719813  7.086837
-2.681506  2.719813  7.1634517
-2.3750482  2.873042  10.840945
-1.685518  3.4093432  13.215993
-1.340753  3.5242648  13.9438305
-0.61291564  3.6774938  13.560759
0.38307226  3.2944214  12.334928
-0.15322891  2.9496565  11.60709
-0.9959879  2.7964275  9.691729
-0.9576807  2.3750482  8.236053
-1.1492168  2.4899697  7.393295
-0.91937345  2.183512  6.4739213
-0.5746084  2.6431987  6.4739213
0.34476504  3.064578  6.9719152
1.0726024  2.9113493  8.00621
-0.076614454  2.2984335  12.373235
-0.11492168  3.0262709  13.560759
-0.076614454  3.2561142  11.453861
0.076614454  3.4093432  8.887277
-0.842759  3.6774938  8.887277
-1.3790601  3.6008794  9.423578
-2.2601264  3.9456444  9.883265
-2.9496565  4.1371803  11.109096
-2.873042  3.9456444  13.139379
-2.566584  3.6774938  13.560759
-1.7621324  2.336741  13.139379
-0.8810662  0.30645782  13.484144
-1.3790601  -1.1109096  13.330915
-0.38307226  -2.183512  13.713987
0.45968673  -1.9919758  13.560759
1.4939818  -1.8004397  13.982138
1.8770541  -1.5705963  14.211981
1.2641385  -0.91937345  13.484144
0.15322891  0.038307227  12.449849
-0.30645782  0.5746084  11.453861
-0.34476504  0.9576807  10.419566
-0.2681506  1.1875241  9.11712
0.0  1.1109096  6.9719152
0.0  1.1109096  6.3589997
0.11492168  1.1109096  5.899313
0.49799395  1.0342951  5.8226986
0.842759  1.1492168  5.899313
0.91937345  1.0726024  6.5122285
0.7278373  1.3790601  6.8569937
1.0342951  1.6472107  6.8569937
1.0726024  1.6472107  6.933608
0.0  1.8004397  7.201759
-0.6895301  2.9113493  7.699753
-0.6512229  3.6008794  8.42759
-0.34476504  4.673482  9.270349
0.076614454  5.9759274  12.947843
-0.5363012  6.742072  14.748282
-0.6512229  7.2783732  16.242264
-0.6895301  5.7843914  16.663643
-1.3024458  3.3327289  18.119318
-3.4859576  -1.1109096  16.893488
-4.405331  -1.8387469  12.603078
-4.55856  -1.3024458  9.615114
-3.5242648  -0.7661445  7.73806
-0.076614454  -0.842759  9.730036
0.22984336  -0.4213795  10.840945
-0.38307226  0.34476504  10.6877165
-0.6895301  1.0726024  10.381259
-0.8810662  1.685518  9.270349
-0.61291564  2.336741  6.244078
-0.34476504  2.2601264  5.171476
-0.038307227  1.9153614  4.55856
0.61291564  1.8004397  4.5202527
1.1109096  1.6472107  5.66947
0.91937345  1.9153614  6.205771
0.5746084  2.4516625  6.4739213
0.6512229  3.064578  6.3206925
1.2258313  3.4093432  6.8569937
0.7661445  3.4093432  9.730036
0.0  4.2521024  11.453861
-0.5363012  5.0182467  11.18571
-1.1875241  5.592855  11.377247
-2.0685902  6.8186865  14.863204
-3.2944214  7.699753  14.709975
-2.4133554  5.4779334  15.399506
0.45968673  1.6472107  18.004396
1.9919758  -1.0726024  13.9438305
2.4133554  -1.0726024  10.994174
1.9153614  -0.5746084  9.040505
1.1875241  0.38307226  8.465898
0.49799395  1.1109096  9.193734
-0.6512229  2.336741  11.60709
-1.2258313  2.834735  12.181698
-1.7621324  3.1028855  11.60709
-1.7238252  2.9113493  10.726024
-1.6472107  2.2218192  7.8912888
-1.2641385  2.1452048  6.588843
-1.0726024  1.7621324  5.3247046
-1.0342951  1.4173675  3.7924154
-0.7278373  1.0726024  2.528277
0.5363012  0.8810662  2.873042
-0.11492168  1.532289  4.098873
-0.91937345  2.6048915  5.2480903
-1.3024458  4.2521024  6.090849
1.4556746  5.93762  12.98615
2.2218192  6.129156  14.748282
2.1452048  5.66947  13.828909
2.183512  6.205771  12.794614
1.340753  7.201759  15.935806
1.6089035  6.9719152  17.621325
2.030283  5.363012  15.705963
0.91937345  3.217807  14.403518
-0.91937345  0.6512229  15.629349
-1.8004397  -1.5705963  11.9135475
-1.2258313  -1.1492168  8.504205
-0.49799395  -0.61291564  5.899313
0.38307226  -0.15322891  5.209783
-0.076614454  1.685518  7.929596
0.45968673  2.1452048  9.423578
0.842759  2.719813  10.496181
1.0342951  2.873042  9.998186
1.1492168  2.7964275  8.925584
1.6472107  1.8004397  7.086837
1.4556746  1.532289  5.899313
0.9959879  1.3024458  4.711789
0.5363012  1.2641385  3.6774938
0.19153613  2.0685902  3.715801
0.8810662  2.6048915  4.55856
0.5363012  2.9879637  6.090849
-0.30645782  3.064578  8.887277
-1.3790601  3.4859576  11.530476
-0.6895301  5.8226986  13.177686
-1.3024458  6.9719152  14.480132
-1.5705963  7.1251445  17.046717
-1.1109096  6.933608  19.153614
-0.38307226  3.6391866  16.089035
2.9496565  -0.4213795  16.893488
3.5625722  -2.336741  16.280571
3.9073372  -1.9536686  13.139379
3.3327289  1.0726024  4.903325
2.4899697  1.7238252  5.66947
1.6089035  1.7621324  9.883265
0.34476504  1.685518  13.177686
-1.2641385  2.0685902  13.828909
-2.336741  3.1411927  11.568783
-1.9919758  2.873042  9.155427
-1.340753  2.4516625  7.0485296
-0.34476504  1.685518  5.5162406
0.80445176  0.34476504  4.060566
0.7661445  0.4213795  2.9879637
0.5746084  0.8810662  2.566584
0.2681506  1.340753  2.9496565
-0.22984336  1.8387469  2.183512
0.38307226  3.371036  3.5625722
1.3790601  4.213795  7.776367
2.030283  4.55856  13.139379
1.6089035  5.0182467  15.974113
-0.4213795  7.6614456  14.250289
0.842759  8.350976  15.705963
1.9919758  8.6574335  16.701952
2.7581203  7.2783732  15.131354
0.7278373  1.3790601  18.80885
-1.2641385  -0.80445176  16.701952
-2.2601264  -1.4173675  11.683704
-2.9879637  -0.34476504  7.5848308
-2.528277  0.0  5.094861
0.842759  -0.30645782  7.776367
1.685518  0.45968673  10.726024
1.7621324  1.3024458  11.492168
1.9153614  1.9919758  10.572795
2.1068976  2.9496565  8.0445175
2.3750482  2.7964275  6.895301
2.1452048  2.528277  6.0525417
1.7238252  2.0685902  5.209783
0.7661445  2.030283  4.55856
-0.38307226  1.7621324  6.090849
0.2681506  1.8770541  6.703765
0.6895301  2.2601264  7.1251445
0.38307226  3.1411927  8.274361
-0.2681506  4.213795  10.496181
0.4213795  4.5202527  10.764331
0.49799395  4.711789  11.377247
-0.22984336  4.9416323  12.679692
-1.4173675  5.4779334  14.824897
-1.3024458  4.8267107  14.365211
1.4556746  2.4133554  13.254301
2.9496565  -0.15322891  14.173674
2.3750482  -0.8810662  13.713987
0.5746084  0.038307227  12.220005
-0.11492168  0.61291564  13.292608
0.61291564  1.1875241  13.867216
0.4213795  1.4173675  13.40753
-1.340753  2.3750482  11.18571
-1.7621324  2.9113493  10.457873
-1.5705963  2.336741  8.580819
-1.2641385  1.9536686  7.5082164
-0.8810662  1.532289  6.435614
-0.45968673  0.91937345  3.6008794
-0.19153613  0.91937345  2.4133554
-0.038307227  0.8810662  1.340753
0.7661445  0.6512229  1.2641385
1.532289  1.7238252  3.5625722
1.2258313  2.528277  5.171476
0.80445176  3.6008794  8.504205
0.80445176  4.3287168  12.373235
1.0342951  4.55856  13.177686
1.7238252  5.8226986  14.709975
2.0685902  6.588843  17.314867
2.6048915  7.3549876  18.579004
2.7581203  6.9719152  15.897499
1.685518  3.0262709  17.391481
0.49799395  0.076614454  17.96609
-1.0342951  -1.2258313  15.399506
-1.0342951  -1.3024458  11.377247
-1.6089035  0.5746084  5.2863975
-0.5363012  0.45968673  5.592855
0.61291564  0.49799395  8.082825
1.0342951  0.9959879  10.381259
0.7278373  1.6472107  10.994174
1.0342951  2.528277  7.8912888
1.3790601  2.4899697  6.205771
1.6472107  2.030283  5.0182467
1.3790601  1.7621324  4.367024
0.4213795  1.5705963  5.5162406
0.61291564  1.7621324  5.7843914
0.842759  1.7621324  5.707777
0.7661445  1.9919758  5.93762
0.15322891  2.566584  7.0102224
-0.076614454  4.0222588  9.193734
-0.6512229  4.4819455  10.036493
-0.91937345  4.711789  11.530476
-1.2258313  5.0182467  13.254301
-0.6895301  5.631162  17.00841
-1.1109096  6.244078  15.05474
-0.22984336  4.4436383  12.641385
3.0262709  0.6512229  14.78659
2.9879637  -1.6089035  15.974113
0.34476504  -0.15322891  11.33894
0.4213795  0.80445176  10.266336
1.4173675  1.2641385  11.300632
1.0726024  1.5705963  13.445837
0.49799395  2.0685902  12.756307
-0.19153613  2.528277  10.91756
-0.45968673  2.719813  9.193734
-0.38307226  2.528277  8.236053
-0.4213795  1.8004397  6.0525417
-0.45968673  1.2641385  4.711789
0.038307227  0.842759  3.9073372
0.45968673  0.5363012  3.86903
0.49799395  0.7278373  4.2521024
0.15322891  1.685518  5.554548
0.7661445  2.2218192  5.631162
0.6895301  2.9496565  6.6271505
-0.6512229  4.175488  8.197746
-0.9959879  5.094861  11.032481
1.0342951  5.439626  12.641385
2.1068976  5.66947  14.326903
1.685518  6.205771  15.131354
1.4556746  6.895301  15.629349
-0.076614454  3.715801  14.250289
-0.9959879  1.3024458  16.701952
-2.030283  -0.30645782  14.5567465
-2.1068976  -0.5746084  10.802638
-0.7661445  0.19153613  8.0445175
1.0726024  0.2681506  10.266336
2.1068976  0.2681506  13.330915
1.1492168  1.0726024  13.67568
-0.30645782  2.9113493  12.756307
-0.45968673  3.371036  10.113108
-0.076614454  3.4093432  7.393295
0.49799395  2.9879637  5.554548
1.0342951  2.2601264  4.596867
2.030283  0.9959879  5.056554
1.9919758  0.6895301  4.8267107
1.4939818  1.2258313  4.098873
0.22984336  2.4899697  3.4093432
-1.4556746  4.9799395  3.8307228
-2.1068976  4.7500963  3.7541082
-1.8387469  5.439626  4.7884035
-1.2258313  6.933608  6.9719152
-0.4213795  7.5082164  9.11712
-0.842759  6.8569937  17.621325
-1.0726024  6.933608  19.6133
-0.80445176  6.6654577  18.08101
-0.11492168  4.367024  15.667656
3.7924154  -1.7621324  14.748282
2.719813  -0.80445176  10.994174
0.8810662  1.0726024  6.244078
0.15322891  2.2218192  5.4779334
0.11492168  2.7581203  9.653421
0.30645782  2.4899697  15.016433
-0.30645782  2.9879637  13.177686
-0.7278373  3.2561142  10.840945
-0.5746084  3.1028855  8.695741
0.038307227  2.1068976  7.6231384
0.038307227  1.7238252  6.9719152
0.30645782  1.3024458  6.5122285
0.61291564  1.0726024  6.742072
0.30645782  1.7238252  5.746084
-0.15322891  2.030283  5.094861
0.11492168  2.4516625  5.2863975
-0.076614454  3.217807  7.3166804
0.45968673  3.4859576  7.967903
1.8770541  4.098873  8.925584
1.8004397  3.9073372  10.6877165
0.80445176  4.4819455  10.726024
-0.30645782  5.209783  11.60709
-1.2258313  7.469909  13.790602
0.6895301  7.5465236  14.403518
2.030283  5.9759274  12.181698
0.8810662  3.9839516  13.062764
0.038307227  1.685518  15.935806
-0.6512229  -1.3024458  13.637373
-0.91937345  -0.45968673  9.078813
-1.1875241  0.6512229  5.746084
-0.61291564  1.1492168  5.861006
1.1875241  0.9959879  11.990162
1.1492168  1.4939818  12.794614
0.7278373  1.9919758  12.373235
0.80445176  2.4133554  10.91756
0.9576807  2.4516625  8.542512
1.4556746  2.0685902  5.554548
1.1109096  1.9536686  4.596867
0.6512229  1.8387469  3.6391866
0.076614454  1.9536686  3.1028855
-0.22984336  1.8004397  4.711789
-0.15322891  1.9919758  6.0525417
-0.45968673  2.528277  7.5082164
-0.91937345  3.217807  8.6574335
-1.8387469  4.596867  11.300632
-1.1109096  5.3247046  11.9135475
0.30645782  5.363012  11.836933
1.4556746  4.9416323  12.603078
0.91937345  5.7843914  13.9438305
0.2681506  5.3247046  15.016433
2.030283  2.4133554  16.16565
2.183512  -0.11492168  17.583017
1.4939818  -1.0342951  16.778566
1.340753  -0.22984336  9.308656
1.5705963  -0.038307227  9.423578
1.2258313  0.5363012  11.492168
0.49799395  1.2641385  12.794614
-1.1875241  2.2984335  11.836933
-1.6472107  2.6048915  10.304645
-1.5705963  2.6431987  8.772355
-1.4556746  2.681506  7.6231384
-0.9576807  2.2984335  6.8569937
0.15322891  1.3790601  5.363012
0.91937345  1.1492168  4.5202527
1.2641385  0.8810662  3.8307228
1.2641385  1.0726024  3.371036
1.340753  0.9959879  3.6008794
0.4213795  2.0685902  6.090849
1.0342951  2.873042  7.967903
1.340753  3.9073372  8.619126
0.7278373  4.7500963  9.002198
-0.5746084  5.4779334  13.369223
-0.7661445  5.93762  15.629349
-0.61291564  6.4739213  16.625336
0.0  6.895301  16.587029
-0.19153613  4.2904096  13.713987
-0.38307226  1.6472107  17.851168
-1.6472107  -0.6895301  18.310854
-1.6472107  -1.2641385  13.905523
-1.5705963  -0.61291564  8.580819
-0.19153613  0.38307226  4.098873
1.1109096  -0.15322891  7.73806
1.5705963  -0.2681506  10.994174
1.5705963  0.19153613  12.794614
1.340753  1.9153614  12.028469
1.7238252  2.336741  9.921572
2.1068976  2.336741  7.8146744
2.183512  2.1452048  6.129156
1.7238252  1.9153614  4.9416323
0.22984336  1.8004397  3.1411927
-0.34476504  1.8387469  3.1411927
-0.7278373  1.8387469  4.9799395
-0.7661445  1.9536686  7.469909
-0.91937345  2.873042  9.998186
-1.0726024  3.4859576  9.730036
-0.91937345  4.175488  9.768343
-0.30645782  4.7500963  10.726024
0.076614454  4.6351743  14.288596
-0.19153613  5.171476  15.629349
0.038307227  6.205771  15.591042
-0.45968673  6.6271505  12.603078
0.61291564  4.673482  11.492168
2.4133554  -0.7278373  15.667656
2.4516625  -1.5705963  12.717999
1.6089035  -0.9959879  9.500193
0.4213795  0.19153613  7.967903
0.19153613  1.4939818  11.530476
0.9959879  1.2641385  13.560759
0.8810662  1.532289  13.713987
0.076614454  2.1452048  12.488156
-0.9576807  3.0262709  10.91756
-1.3024458  3.6008794  6.4739213
-0.91937345  3.1411927  5.133168
-0.5363012  2.4899697  4.55856
-0.34476504  2.1068976  4.4436383
0.6512229  1.6089035  5.401319
0.9959879  1.4939818  5.439626
1.1109096  1.5705963  5.4779334
1.0726024  1.5705963  6.2823853
1.0342951  2.183512  7.5465236
1.9153614  4.367024  8.772355
1.8770541  5.094861  9.461885
1.2641385  5.7843914  10.189722
0.5746084  6.2823853  11.453861
0.4213795  6.933608  15.705963
1.6472107  6.5505357  16.16565
1.6472107  4.9416323  15.974113
1.1109096  3.3327289  18.157625
-0.91937345  1.4556746  17.391481
-3.8307228  0.076614454  12.488156
-3.715801  0.7278373  8.42759
-2.7964275  1.6472107  5.4779334
-0.5746084  1.8387469  4.6351743
2.4516625  1.4939818  8.504205
2.1452048  1.5705963  10.496181
1.7238252  2.183512  10.879252
1.4556746  2.4133554  10.419566
1.4939818  2.4133554  7.5848308
1.3024458  2.2601264  5.707777
1.0342951  2.1068976  4.213795
0.61291564  2.0685902  3.6774938
0.4213795  1.9919758  3.4859576
0.15322891  2.4133554  5.0182467
0.5363012  2.719813  5.861006
0.61291564  2.9879637  6.6271505
0.19153613  3.371036  8.00621
-1.0726024  5.3247046  10.611102
-1.6089035  6.129156  12.028469
-1.3024458  6.4739213  13.637373
-0.7278373  6.588843  14.595054
-0.5363012  6.397307  15.131354
-0.2681506  6.742072  13.713987
-0.5363012  4.596867  11.492168
2.6048915  0.8810662  12.794614
4.3287168  -1.6472107  14.709975
3.7541082  -1.4939818  10.0748005
3.1028855  -0.45968673  7.967903
2.3750482  0.2681506  8.772355
1.4939818  0.91937345  12.411542
1.0726024  1.7238252  14.633361
-0.038307227  3.6008794  13.062764
-0.4213795  4.175488  11.568783
-0.19153613  4.213795  10.036493
0.22984336  3.715801  9.002198
0.11492168  1.9536686  6.703765
0.076614454  1.340753  6.2823853
-0.076614454  1.1109096  5.707777
-0.11492168  1.2641385  5.0182467
-0.2681506  2.030283  3.4859576
0.0  2.0685902  4.2521024
0.22984336  2.1452048  5.899313
-0.038307227  2.6431987  7.6231384
-0.7661445  4.1371803  8.734048
-0.842759  6.129156  8.734048
-0.49799395  6.205771  10.189722
-0.30645782  6.244078  11.645397
0.076614454  6.7803793  12.334928
0.9576807  9.155427  11.18571
0.49799395  7.6614456  11.33894
-0.842759  5.0182467  15.591042
-1.0342951  2.6048915  19.6133
-1.4939818  1.532289  19.6133
-2.1452048  0.7661445  6.3589997
-2.4899697  1.4173675  2.9113493
-1.685518  1.4556746  3.5625722
-0.842759  0.6512229  7.1251445
-0.45968673  0.15322891  11.645397
-0.5746084  1.0342951  12.679692
-0.038307227  1.8004397  12.564771
0.34476504  2.2218192  10.955867
0.61291564  2.681506  8.6574335
0.80445176  2.719813  5.707777
0.6895301  2.4899697  4.865018
0.5363012  2.336741  3.9073372
0.2681506  2.183512  3.4093432
-0.19153613  2.2601264  5.3247046
-0.5746084  2.528277  6.7803793
-1.0342951  3.2561142  8.082825
-0.9959879  4.060566  9.768343
-0.80445176  5.2480903  11.836933
-0.11492168  5.5162406  12.105083
-0.076614454  6.0525417  11.530476
-0.2681506  6.3589997  11.951855
-0.15322891  6.6654577  13.330915
-0.9576807  6.167464  11.530476
0.5746084  3.715801  13.177686
1.4556746  1.340753  14.250289
1.1875241  0.076614454  13.982138
1.4939818  -2.1068976  12.488156
0.9959879  -2.4899697  14.78659
1.4173675  -2.1068976  16.16565
2.4516625  -0.61291564  14.595054
1.4173675  1.340753  9.615114
0.5746084  1.685518  8.274361
-0.11492168  1.7238252  8.197746
-0.842759  1.532289  8.772355
-1.1875241  1.2258313  9.11712
-0.7661445  0.9576807  8.159439
-0.38307226  1.0342951  7.431602
-0.34476504  1.0342951  7.5848308
-0.34476504  0.9959879  9.002198
-0.7661445  1.1875241  9.998186
-0.5363012  1.7621324  8.504205
-0.15322891  2.183512  7.1251445
-0.19153613  2.2601264  6.8186865
-0.49799395  2.719813  7.469909
-0.30645782  3.6008794  9.615114
0.5746084  3.9073372  9.998186
1.0726024  4.175488  9.078813
0.80445176  4.405331  7.6614456
-0.22984336  5.2863975  8.312668
0.2681506  5.66947  9.500193
1.2641385  5.861006  10.342952
1.8387469  6.3206925  9.998186
2.6431987  6.895301  9.385271
1.532289  5.2863975  9.653421
0.15322891  4.4819455  13.67568
-0.61291564  3.9456444  16.4338
-1.9536686  3.2944214  16.893488
-0.91937345  0.61291564  13.713987
-1.340753  0.45968673  10.726024
-1.3790601  0.5363012  8.274361
-1.0342951  0.5363012  6.895301
-0.91937345  0.49799395  6.4739213
-1.340753  1.0726024  8.082825
-1.1109096  1.3790601  8.121132
-0.4213795  1.4556746  8.274361
0.5746084  1.3024458  8.848969
0.6895301  1.4173675  10.266336
0.49799395  1.685518  10.113108
0.49799395  1.7621324  9.653421
0.5363012  1.7621324  9.308656
0.9959879  1.6472107  10.304645
1.6089035  1.6089035  10.266336
1.9153614  1.4939818  10.189722
1.8770541  1.340753  10.381259
1.532289  1.3024458  10.649409
0.5746084  1.4939818  10.649409
-0.34476504  1.6472107  11.492168
-0.8810662  2.1068976  11.415554
-0.80445176  2.681506  10.457873
-0.11492168  3.4093432  10.457873
0.0  3.2561142  10.764331
0.22984336  2.7964275  11.377247
0.4213795  2.1452048  12.641385
-0.038307227  2.030283  11.760319
-0.34476504  2.4516625  6.895301
-0.2681506  2.566584  6.090849
-0.19153613  2.6048915  6.2823853
-0.22984336  2.4899697  7.3549876
-0.076614454  2.336741  9.346964
0.038307227  2.4899697  10.228029
0.038307227  2.6048915  11.109096
0.038307227  2.9496565  11.224017
0.038307227  3.1411927  11.453861
0.38307226  3.1028855  10.304645
0.30645782  3.2561142  9.193734
0.11492168  3.1411927  8.734048
0.0  2.9496565  9.423578
-0.38307226  2.681506  11.224017
0.15322891  2.6048915  10.266336
0.5363012  2.9879637  9.959879
0.842759  3.1028855  9.385271
