-0.2681506  2.0685902  9.730036
-0.15322891  1.8770541  10.0748005
0.49799395  1.6472107  10.228029
0.61291564  1.3790601  10.496181
0.19153613  1.6472107  10.189722
-0.076614454  1.7238252  9.998186
0.038307227  1.8004397  9.615114
0.38307226  1.7238252  9.844957
0.34476504  1.4939818  10.649409
0.6512229  1.6089035  10.457873
0.15322891  1.7621324  10.266336
-0.2681506  2.1068976  9.80665
-0.5363012  2.336741  9.5385
0.0  2.0685902  10.802638
-0.038307227  1.6472107  11.377247
-0.11492168  1.685518  10.955867
-0.19153613  1.9153614  9.883265
0.038307227  2.183512  8.925584
0.4213795  2.030283  9.232041
0.6512229  1.6472107  9.346964
0.4213795  1.685518  9.5385
-0.076614454  1.9536686  9.80665
-0.45968673  2.183512  9.5385
0.15322891  1.8004397  10.572795
-0.038307227  1.8387469  10.764331
-0.7661445  2.528277  9.193734
-1.0726024  2.834735  7.8146744
-1.0342951  2.834735  8.312668
-0.61291564  2.7581203  9.423578
0.076614454  3.217807  10.611102
0.49799395  3.86903  10.496181
0.8810662  3.86903  9.730036
1.0726024  3.4476504  9.883265
0.8810662  3.2561142  10.342952
0.8810662  2.9879637  9.883265
0.45968673  3.1411927  8.159439
0.15322891  3.1411927  8.274361
-0.038307227  3.1794999  8.465898
0.038307227  3.2561142  8.810662
0.45968673  3.5242648  8.925584
0.22984336  3.4476504  8.848969
0.15322891  3.6774938  9.883265
0.038307227  4.098873  11.109096
-0.34476504  4.903325  12.220005
-0.6895301  4.711789  12.564771
-0.61291564  4.1371803  11.032481
-0.9959879  4.175488  10.726024
-1.4556746  4.2904096  11.18571
-2.183512  4.3287168  12.29662
-0.7278373  2.4516625  12.334928
0.6895301  0.038307227  12.603078
1.2258313  -1.2641385  12.909535
1.2258313  -1.2641385  13.828909
1.9919758  -0.7278373  12.028469
2.6048915  -0.45968673  11.18571
2.1452048  0.15322891  10.6877165
1.685518  0.7278373  10.419566
0.5746084  1.4939818  10.151415
-0.30645782  1.6089035  10.036493
-0.8810662  1.8770541  10.572795
-0.9576807  1.7621324  10.151415
-0.34476504  1.340753  7.8146744
-0.15322891  1.340753  7.086837
-0.34476504  1.4556746  7.240066
-0.9576807  1.6089035  7.2783732
-1.1875241  1.532289  6.8569937
-0.34476504  1.4939818  6.2823853
0.15322891  1.5705963  6.2823853
0.45968673  1.7238252  6.6271505
0.6512229  1.8387469  7.3549876
-0.38307226  3.6008794  7.0485296
0.34476504  4.5202527  6.4739213
1.532289  4.55856  7.393295
1.6472107  4.5202527  9.844957
0.7661445  5.056554  12.679692
-0.076614454  7.0102224  14.288596
0.9576807  6.895301  13.867216
2.6431987  6.167464  12.871228
1.8770541  3.7541082  11.722012
-2.681506  -1.532289  19.6133
-2.2601264  -2.566584  17.161638
-2.030283  -0.5363012  11.109096
-0.22984336  0.6512229  7.8529816
2.2601264  0.6512229  7.240066
2.9879637  0.7278373  10.0748005
0.9576807  1.6089035  9.80665
-0.6512229  2.2601264  9.423578
-1.4556746  3.0262709  8.236053
-0.22984336  2.2601264  6.7803793
0.9576807  1.532289  7.967903
1.1875241  1.3024458  8.848969
1.2641385  1.3024458  8.350976
1.5705963  1.6472107  5.8226986
1.7621324  1.8387469  5.094861
1.685518  1.9153614  5.2480903
1.1109096  2.6048915  6.0525417
0.9576807  3.4476504  5.861006
2.1452048  3.6774938  6.3589997
1.7238252  3.4093432  8.6574335
0.8810662  3.715801  10.419566
-0.45968673  5.363012  10.419566
-0.34476504  7.1251445  11.032481
-0.038307227  7.0102224  14.480132
-0.91937345  6.742072  16.280571
-0.91937345  4.7500963  15.591042
0.8810662  2.2984335  14.480132
1.0726024  -1.1492168  16.85518
1.4173675  -1.2258313  15.47612
1.8004397  -0.6512229  12.832921
1.4939818  0.19153613  11.492168
1.0342951  1.6089035  11.60709
1.5705963  1.8004397  10.0748005
1.5705963  1.7238252  10.151415
0.49799395  1.4556746  10.764331
-0.22984336  1.4556746  9.959879
-0.61291564  1.340753  6.244078
-0.38307226  1.3790601  4.4436383
0.15322891  1.0342951  2.834735
0.91937345  0.6512229  1.6089035
0.30645782  0.38307226  3.3327289
0.2681506  0.9959879  5.439626
1.1875241  1.532289  6.5122285
1.8004397  2.4133554  6.435614
0.49799395  3.9456444  10.457873
1.4556746  3.9456444  13.752295
2.719813  4.405331  15.47612
2.6431987  5.861006  14.135366
1.532289  7.240066  13.484144
2.4516625  7.1634517  17.851168
3.217807  3.9456444  17.81286
0.61291564  0.2681506  17.468096
-2.566584  -2.183512  19.6133
-3.4093432  -2.2984335  9.883265
-1.9919758  -0.9576807  4.673482
0.5363012  0.038307227  3.1794999
2.528277  0.7278373  5.93762
2.7581203  1.3024458  9.844957
2.2218192  2.719813  11.990162
1.8004397  3.1794999  11.453861
1.340753  2.9496565  9.883265
1.4939818  2.2984335  8.236053
2.183512  1.0342951  5.171476
1.7238252  1.0342951  3.5242648
1.1492168  1.1875241  2.566584
0.38307226  1.3790601  2.2601264
0.15322891  1.7621324  2.834735
0.4213795  2.4899697  3.9456444
0.19153613  2.9879637  5.7843914
-0.6895301  3.9073372  8.274361
-1.9153614  4.903325  10.879252
-2.0685902  5.861006  14.365211
-1.9536686  6.244078  14.671668
-1.8387469  6.703765  14.748282
-1.9153614  7.0102224  15.131354
3.6391866  2.1068976  12.488156
4.673482  -1.7621324  15.284584
2.9879637  -2.7964275  17.314867
1.8770541  -2.2984335  14.748282
1.8387469  -1.5705963  11.60709
0.80445176  1.1109096  12.641385
-0.15322891  1.9919758  13.445837
-0.7661445  2.6431987  12.98615
-1.4939818  3.1028855  11.60709
-1.8004397  2.4133554  9.80665
-1.2258313  1.3024458  8.925584
-0.4213795  0.38307226  7.8146744
0.11492168  0.15322891  7.0485296
0.11492168  0.34476504  5.401319
0.61291564  0.7661445  2.4133554
1.1109096  0.842759  1.8387469
1.1109096  0.842759  2.3750482
0.6512229  1.1109096  4.4819455
-0.80445176  3.1794999  7.3166804
-0.7278373  4.4819455  6.6271505
0.2681506  5.2480903  7.5465236
1.1109096  5.7843914  12.066776
1.7238252  6.090849  16.280571
2.9496565  7.5082164  16.395493
3.2561142  6.4739213  17.353174
3.7924154  4.098873  18.08101
1.9153614  2.0685902  18.579004
-1.8770541  -1.9919758  15.437813
-1.5705963  -1.8004397  10.036493
-1.1875241  -1.0726024  6.0525417
-0.38307226  -0.49799395  4.2521024
0.61291564  -0.15322891  10.342952
-0.15322891  0.91937345  12.334928
-0.11492168  1.8770541  12.717999
0.4213795  2.2601264  11.9135475
1.0342951  2.4516625  10.572795
1.1492168  2.1452048  7.240066
1.1875241  1.7621324  5.363012
0.80445176  1.4939818  4.596867
0.4213795  1.4556746  4.596867
0.4213795  1.6472107  2.719813
-0.038307227  1.9536686  2.3750482
-0.45968673  2.3750482  3.217807
-0.61291564  2.834735  5.899313
-0.38307226  3.715801  8.772355
-1.5705963  5.66947  11.568783
-1.6472107  6.0142345  11.722012
-1.5705963  5.9759274  11.87524
-1.4939818  6.129156  13.790602
-2.4899697  6.397307  17.774553
-0.9576807  4.2521024  16.587029
2.2218192  0.8810662  15.859192
3.064578  -1.3024458  14.901511
2.834735  -1.6472107  13.215993
3.4476504  -0.9576807  7.5848308
3.6774938  -0.5363012  8.887277
2.834735  0.15322891  12.220005
2.030283  0.91937345  14.480132
-0.30645782  2.2601264  12.564771
-1.2641385  2.4516625  10.994174
-1.8387469  2.4516625  8.6574335
-1.8004397  2.2984335  6.9719152
0.34476504  0.6895301  5.439626
0.30645782  0.19153613  4.098873
-0.038307227  0.4213795  3.2561142
0.076614454  0.61291564  2.681506
0.45968673  0.80445176  2.030283
-0.34476504  1.6089035  3.8307228
-1.0726024  2.528277  6.3206925
-0.80445176  3.2561142  9.998186
0.38307226  3.9456444  13.101071
0.19153613  5.2480903  13.867216
-0.076614454  6.090849  15.246277
0.19153613  6.435614  16.510414
1.1109096  6.4739213  16.893488
1.685518  5.9759274  16.089035
-1.0726024  1.7621324  17.238253
-1.4939818  -0.7661445  17.774553
-1.1492168  -2.3750482  14.518439
0.038307227  -0.7278373  7.699753
0.5363012  -0.30645782  4.405331
1.3790601  -0.34476504  4.596867
0.7278373  0.11492168  8.00621
-0.5363012  1.6089035  10.764331
-0.2681506  2.4133554  10.151415
0.8810662  2.3750482  9.270349
1.532289  1.8387469  9.768343
1.7238252  1.4939818  9.232041
1.9153614  1.3024458  7.5082164
1.4556746  1.0342951  2.6048915
0.9576807  1.3024458  2.9879637
0.6512229  1.5705963  3.4859576
-0.11492168  2.030283  4.5202527
-1.6089035  3.6008794  7.6231384
-1.340753  3.8307228  10.036493
-0.076614454  3.7541082  11.60709
-0.076614454  3.9073372  14.058752
-1.2641385  4.596867  14.748282
-1.1109096  5.439626  14.939818
-0.4213795  5.899313  14.633361
0.80445176  4.7884035  13.139379
3.1028855  1.1492168  14.671668
2.6048915  -1.5705963  15.705963
1.9536686  -0.7661445  11.109096
2.0685902  -0.038307227  8.504205
2.2984335  0.34476504  9.193734
1.685518  0.842759  11.492168
-0.9576807  1.7621324  14.173674
-1.5705963  2.2601264  12.871228
-1.7621324  2.3750482  10.572795
-1.8770541  2.3750482  7.8146744
-1.8770541  2.0685902  5.4779334
-0.61291564  1.1875241  4.673482
0.15322891  0.61291564  4.6351743
-0.038307227  0.7661445  4.865018
0.11492168  0.9959879  4.2521024
0.61291564  1.0342951  3.7541082
0.9959879  1.532289  3.86903
1.4173675  2.566584  5.171476
1.5705963  3.6774938  6.397307
1.2258313  4.5202527  12.258312
1.0726024  5.056554  14.748282
0.9576807  5.899313  15.629349
1.1875241  6.588843  15.935806
1.7238252  6.3206925  15.591042
0.9576807  4.175488  13.40753
-0.5363012  1.4939818  17.199945
-2.4133554  -0.49799395  17.96609
-2.2601264  -1.3790601  12.028469
-1.2258313  -0.076614454  5.707777
-0.49799395  0.34476504  4.55856
-0.15322891  0.19153613  7.6231384
-0.30645782  0.5363012  11.262324
-0.038307227  1.4173675  13.560759
0.22984336  2.183512  12.373235
0.6512229  2.3750482  10.0748005
1.3024458  2.2601264  10.151415
1.685518  1.8770541  8.925584
1.9153614  0.842759  4.367024
1.340753  1.0726024  3.86903
1.1875241  1.4173675  3.5242648
0.45968673  1.9919758  2.9879637
-0.61291564  2.681506  5.631162
-1.3790601  3.371036  8.236053
-1.3024458  3.715801  8.542512
-0.80445176  4.2521024  9.883265
-0.15322891  5.4779334  9.768343
-0.8810662  5.707777  11.836933
-0.6895301  5.66947  15.935806
-1.0726024  5.4779334  18.119318
0.0  3.5625722  18.004396
2.4133554  -1.1875241  19.191921
2.873042  -1.4556746  16.089035
2.6431987  -1.0342951  11.87524
2.681506  -0.6895301  9.80665
1.4556746  0.9576807  10.534488
0.7661445  1.2641385  11.377247
0.076614454  1.4556746  11.224017
-0.5363012  1.8770541  10.342952
-0.842759  2.030283  9.078813
-1.3024458  2.0685902  6.742072
-1.0342951  1.8387469  5.66947
-0.9959879  1.685518  4.405331
-0.6512229  1.6472107  3.371036
-0.4213795  1.6472107  4.213795
-0.34476504  1.685518  4.4819455
0.076614454  2.1068976  4.367024
0.7661445  3.1028855  4.2904096
1.1492168  3.9456444  5.4779334
1.3790601  4.060566  11.645397
2.1068976  3.9073372  13.867216
1.7621324  4.55856  15.437813
1.2258313  5.4779334  16.472107
1.340753  7.086837  14.824897
1.4173675  5.8226986  13.101071
0.61291564  3.715801  15.399506
-0.9959879  0.9576807  19.574993
-2.3750482  -1.5705963  12.603078
-2.1068976  -0.2681506  6.244078
-1.8004397  1.0726024  2.719813
-0.11492168  1.3024458  3.3327289
1.1875241  0.9959879  7.431602
1.1492168  1.6472107  13.024457
0.38307226  2.4133554  12.488156
-0.11492168  2.4516625  10.611102
0.38307226  2.2984335  9.002198
1.4173675  1.4939818  6.129156
1.2258313  1.3790601  4.060566
0.7278373  1.4939818  2.1068976
0.38307226  1.4939818  1.4173675
0.5363012  1.5705963  2.0685902
0.038307227  2.1068976  6.205771
-0.30645782  2.528277  8.350976
-0.842759  3.6391866  9.998186
-0.7278373  5.094861  11.070788
0.15322891  6.435614  11.568783
0.0  6.5505357  12.373235
-0.5363012  6.6271505  15.1696615
-1.0726024  6.4739213  16.548721
0.076614454  4.596867  17.583017
2.030283  -0.9576807  18.310854
2.0685902  -1.6089035  15.131354
2.2218192  -0.9959879  11.415554
2.2601264  -0.11492168  6.0142345
1.2641385  0.8810662  9.615114
0.22984336  0.80445176  13.560759
-0.19153613  0.6512229  14.365211
-0.076614454  1.1492168  13.062764
-0.5363012  2.4133554  10.381259
-0.5363012  2.336741  9.768343
-1.1109096  2.2218192  8.274361
-1.2258313  2.183512  5.9759274
-1.0342951  1.4939818  4.7500963
-0.80445176  0.9959879  3.1028855
-0.4213795  0.80445176  2.2984335
-0.11492168  0.9576807  1.6089035
-0.5746084  1.532289  3.2561142
-0.4213795  2.873042  7.1251445
-0.49799395  3.9456444  8.504205
-0.9576807  5.056554  10.802638
-1.3024458  6.3589997  14.633361
-0.19153613  6.167464  13.101071
0.38307226  6.435614  18.579004
1.1492168  6.090849  18.50239
0.8810662  3.86903  15.897499
-2.2984335  1.8387469  17.889475
-3.715801  -1.340753  13.713987
-2.2601264  -0.91937345  8.350976
-0.6512229  -0.19153613  4.9416323
0.5363012  0.5363012  4.4436383
1.0726024  0.6895301  7.240066
-0.61291564  1.8770541  11.530476
-1.2258313  2.4516625  12.449849
-0.91937345  2.719813  11.262324
-0.15322891  2.834735  8.887277
1.532289  2.0685902  5.439626
2.0685902  1.4173675  5.439626
1.9536686  0.9576807  3.9839516
1.1109096  1.0726024  3.8307228
0.076614454  1.7621324  5.9759274
-0.34476504  2.0685902  6.933608
-1.0342951  2.336741  6.8569937
-2.030283  3.064578  7.3166804
-2.2984335  4.175488  8.848969
-2.183512  5.9759274  9.193734
-2.336741  6.5122285  9.155427
-1.685518  6.5505357  11.070788
-1.0342951  6.588843  14.441825
-0.45968673  5.66947  16.4338
1.1109096  2.9113493  17.238253
2.0685902  0.34476504  17.889475
1.1109096  -0.38307226  16.663643
0.7661445  0.0  12.334928
3.4476504  1.1492168  7.431602
3.6774938  0.9576807  8.504205
1.5705963  1.6089035  10.189722
-0.7661445  1.9919758  11.722012
-2.7964275  2.681506  10.994174
-1.8387469  2.719813  9.768343
-0.5363012  2.2601264  9.308656
0.22984336  1.7621324  8.350976
0.6895301  0.7661445  5.592855
0.45968673  0.7278373  3.8307228
0.8810662  0.6895301  3.9839516
1.2258313  0.6512229  4.673482
1.0342951  0.8810662  4.213795
0.91937345  2.3750482  5.056554
0.842759  3.7924154  7.1634517
0.2681506  5.133168  9.385271
-0.5363012  6.244078  11.568783
-0.4213795  6.090849  15.20797
-0.61291564  6.4739213  16.472107
-0.8810662  6.895301  17.697939
-0.5746084  6.7803793  17.697939
-0.34476504  4.9416323  14.709975
-0.6512229  0.11492168  14.211981
-1.4556746  -1.2641385  10.879252
-1.0342951  -1.532289  7.776367
-0.19153613  -0.80445176  5.0182467
0.15322891  1.0342951  6.3206925
-0.11492168  1.4556746  10.228029
0.30645782  1.7621324  13.330915
0.5746084  2.1068976  14.748282
0.19153613  2.6431987  13.67568
0.4213795  2.7581203  8.542512
0.7661445  2.2984335  6.3589997
0.9959879  1.7238252  4.865018
1.3024458  1.3790601  3.7924154
0.4213795  1.4556746  2.681506
-0.30645782  2.030283  3.3327289
-0.6895301  2.183512  4.4436383
-0.7278373  2.183512  5.401319
-0.49799395  3.6008794  9.998186
-0.5363012  4.405331  12.641385
-0.8810662  4.865018  13.637373
-1.4173675  5.592855  13.790602
-1.3790601  6.0525417  13.560759
-0.8810662  7.0485296  13.67568
-1.1875241  5.7843914  14.824897
0.5746084  2.7581203  17.468096
2.0685902  0.22984336  18.349161
2.7964275  -0.5363012  9.500193
2.834735  0.19153613  7.776367
2.719813  0.30645782  8.0445175
2.2218192  0.2681506  9.998186
1.3790601  0.80445176  12.641385
-0.5363012  1.6089035  13.560759
-1.4939818  2.4899697  12.756307
-2.0685902  3.1411927  11.070788
-2.1452048  3.2944214  9.461885
-0.80445176  2.4133554  6.588843
0.15322891  1.8387469  5.209783
0.6512229  1.1109096  3.8307228
0.6895301  0.61291564  2.4133554
0.8810662  0.7661445  1.2641385
1.1875241  1.4173675  1.4173675
1.4556746  1.8387469  2.6431987
1.0726024  2.566584  5.439626
0.91937345  3.7924154  7.8529816
0.61291564  5.554548  14.097059
0.842759  6.129156  16.701952
0.91937345  6.588843  18.50239
0.80445176  7.086837  18.847157
0.80445176  6.205771  16.16565
-0.80445176  3.9456444  16.280571
-2.0685902  1.3024458  17.851168
-1.8770541  -1.3790601  15.20797
-0.9576807  -1.7621324  10.496181
0.11492168  0.4213795  3.5242648
0.61291564  0.6895301  4.596867
0.7661445  0.5746084  9.308656
0.61291564  1.4173675  12.641385
0.11492168  2.719813  13.024457
0.4213795  2.9113493  10.879252
1.1492168  2.6048915  8.350976
1.8770541  1.8770541  6.3206925
1.9153614  1.3024458  4.2521024
1.0726024  1.1109096  0.8810662
0.5363012  1.340753  0.30645782
-0.19153613  1.8004397  0.34476504
-0.5746084  2.1068976  0.8810662
-1.0342951  2.7581203  7.1634517
-1.5705963  3.4476504  11.147403
-2.528277  4.4436383  14.595054
-2.566584  5.171476  15.47612
-0.842759  6.3206925  15.016433
-0.7661445  6.6271505  15.399506
-0.7278373  6.7803793  16.548721
-0.842759  6.3589997  16.778566
-0.076614454  4.2904096  16.203957
2.873042  -1.6472107  15.667656
2.3750482  -1.7238252  12.756307
2.030283  -1.1875241  9.078813
1.685518  -0.30645782  6.933608
1.7238252  0.2681506  9.883265
0.9959879  0.91937345  13.139379
0.15322891  1.4556746  14.365211
-1.0342951  2.4899697  13.905523
-1.7621324  3.2561142  12.028469
-1.6472107  3.2561142  8.619126
-1.2641385  2.834735  7.3166804
-1.0342951  2.2218192  6.0525417
-0.6512229  1.4939818  5.133168
0.5363012  0.9576807  4.55856
1.0726024  0.9576807  4.1371803
1.4556746  1.3790601  3.1411927
1.532289  1.8770541  2.566584
1.9919758  2.719813  3.064578
2.183512  4.6351743  7.2783732
2.030283  4.865018  10.113108
1.340753  4.865018  12.603078
0.61291564  5.171476  13.9438305
-0.30645782  6.090849  14.633361
0.6895301  6.3206925  14.824897
0.4213795  4.8267107  12.181698
-0.842759  2.4899697  12.641385
-3.9839516  -2.4133554  17.353174
-3.371036  -3.064578  16.587029
-2.2601264  -2.030283  14.365211
-1.9919758  -0.6512229  10.955867
-0.9576807  0.30645782  8.236053
0.8810662  0.8810662  9.730036
1.685518  0.7661445  11.070788
1.532289  1.2641385  11.492168
1.685518  1.7621324  11.9135475
2.4133554  2.2984335  10.572795
2.681506  2.1452048  9.346964
2.1068976  2.183512  9.232041
1.7621324  2.3750482  9.730036
2.2984335  2.1068976  9.576807
2.1452048  1.685518  6.703765
0.842759  1.685518  6.933608
0.5363012  1.6472107  7.776367
1.0342951  1.1875241  8.963891
1.8387469  1.6472107  10.381259
1.532289  2.2218192  9.346964
1.0726024  2.681506  9.576807
0.7661445  3.1028855  9.80665
0.80445176  3.2561142  9.921572
0.30645782  2.834735  9.998186
0.11492168  2.2984335  9.461885
-0.15322891  1.532289  9.959879
-0.6895301  1.1492168  11.070788
-0.7278373  1.7621324  9.500193
-1.2258313  2.2984335  8.121132
-1.685518  2.2601264  8.389283
-1.9153614  2.2601264  9.270349
-1.6089035  2.566584  10.342952
-1.1875241  2.4516625  9.80665
-0.8810662  2.2218192  9.308656
-0.7278373  1.8004397  9.461885
-1.1109096  1.9919758  10.419566
-1.0342951  1.7621324  10.534488
-0.30645782  1.5705963  10.151415
0.7661445  1.7238252  9.423578
1.3790601  1.685518  8.121132
1.2258313  1.8387469  7.699753
1.2641385  1.4173675  9.385271
1.1492168  1.1492168  10.228029
1.0342951  0.9959879  10.6877165
0.6512229  0.9959879  11.032481
0.5363012  1.1875241  11.453861
0.61291564  1.8770541  11.9135475
0.49799395  2.3750482  11.645397
0.30645782  2.528277  11.070788
0.038307227  2.2984335  11.262324
-0.15322891  2.2601264  10.151415
-0.19153613  2.183512  8.389283
0.15322891  1.9153614  8.504205
0.038307227  1.8770541  9.768343
0.11492168  2.6048915  10.457873
0.34476504  2.681506  9.998186
-0.038307227  2.9496565  10.189722
-0.076614454  2.719813  10.6877165
