204.06342  224.78514
246.30727  223.38643
192.86147  222.5253
238.4019  212.24026
196.3564  215.15015
237.58571  212.95058
201.00607  212.14972
218.00809  210.06293
170.54169  213.17563
253.52309  210.69183
200.89336  213.76617
269.67917  208.75708
199.70964  213.23463
250.83319  210.9563
220.50662  214.81857
207.44893  211.64058
183.27824  212.94072
235.68846  210.05525
164.09401  214.9559
252.17245  212.98338
181.67873  220.07532
237.09666  217.20836
210.6293  219.50883
244.94012  217.32205
172.21095  221.31714
242.76752  218.58008
281.8212  221.71436
335.98538  220.64511
255.44618  225.77061
250.83165  221.94933
207.93141  221.17856
232.67058  207.46935
174.05035  208.95775
249.62006  204.8854
180.34479  219.93529
227.76997  223.84186
191.6754  237.71497
254.36418  230.77069
236.78874  227.09264
223.53764  220.75906
210.54457  231.5538
