316.16977  326.10013
286.59848  319.919
332.74588  323.41653
270.6055  320.60382
336.24554  322.24866
310.04694  322.21848
324.06937  325.79663
376.766397  326.9387
332.95313  331.33054
287.58395  332.85684
307.00027  339.1379
286.07654  337.05365
296.97156  336.92694
271.77155  331.51807
308.79218  333.32266
367.6058974  333.45697
314.43265  340.0564
292.58197  338.37823
302.58167  341.86594
280.60992  344.44955
328.5633  353.05988
3617.496252  344.2996
278.1874  335.45392
276.46283  326.1288
317.29715  327.6406
290.98517  326.21942
307.17633  332.14148
280.31268  329.54202
306.94086  328.17783
284.1446  325.14066
305.03168  332.11853
278.58975  332.33905
299.8224  336.18063
364.598929  333.34558
296.58658  331.7234
360.8295485  331.227
307.7979  334.03735
360.14033933  332.2161
305.4603  334.87943
295.75888  330.81418
361.7675208  334.127
282.6718  331.14166
