193.35324  243.40427
242.73807  239.18445
209.36778  244.67924
253.8003  242.77188
211.49518  241.1735
334.68634  232.20306
214.86562  226.7984
238.6507  222.62755
199.1779  236.1128
359.8187  237.64206
236.14896  235.3963
260.11792  222.39935
167.28593  218.06372
242.15913  215.7016
177.55101  220.82982
354.48627  219.97787
179.3504  219.32307
358.47287  217.96103
192.09004  221.59743
245.69307  218.91208
189.69048  218.23479
231.16948  218.77617
217.79033  225.97331
252.90193  228.77744
176.64688  231.20448
260.09024  224.56941
234.40002  228.05408
226.69902  224.918
191.53462  227.23622
233.4446  225.17766
193.00928  228.36359
356.10382  220.14423
192.84427  226.95352
219.0249  229.73895
202.46916  232.7692
247.07352  227.95006
193.84068  228.8285
227.73734  223.81516
210.06992  227.71243
223.38374  226.19173
211.71217  229.19376
253.40358  225.86217
202.64316  231.2427
224.95245  223.7099
