66.42464  52.11017
46.185963  65.60846
89.15166  60.707703
40.65196  57.298584
86.64987  49.305084
19.276392  49.210846
78.19461  47.917847
46.676594  49.67096
97.90532  48.78485
70.09273  53.787415
71.651886  51.86563
8.214829  57.450714
76.394775  53.943634
104.29646  57.06299
105.85833  53.295105
23.898718  53.978333
90.31341  48.090393
29.55266  51.843567
68.44417  53.087738
94.63874  55.31436
64.530396  51.147644
2.0467334  58.42209
58.351364  54.69687
31.16502  57.98633
76.069695  52.437286
21.946964  54.559906
79.85072  51.521484
10.167271  55.299133
65.24165  53.381317
32.49795  54.991425
88.769646  47.55246
51.31851  47.521667
92.027  47.0867
4.54547  52.99225
55.90467  51.038574
18.364168  54.31082
84.4643  53.078705
40.655426  60.09781
127.49722  58.90039
26.147816  61.617523
63.76939  57.577515
50.91194  61.9722
