143.94427  151.24028
141.09691  148.05475
132.1017  155.34366
144.24016  153.97049
169.5729  155.43245
156.44281  152.1328
152.86476  154.46509
146.36266  151.839
159.9574  156.6593
164.9381  151.64636
127.602425  152.7272
171.46709  147.86014
126.15256  149.16827
182.81631  150.31017
175.42819  153.89554
169.94974  150.27153
143.84296  151.17867
159.4448  146.31433
130.53053  150.07344
172.07336  147.54767
129.27148  150.95396
164.00237  149.4485
119.81246  150.69064
187.13582  148.227
185.05347  150.30812
189.67686  149.61708
155.93771  154.25021
187.39081  153.3051
137.04472  159.27065
165.14743  157.51549
162.16489  163.40855
178.80194  159.78181
149.18207  162.42802
173.11519  153.4555
155.43639  155.88016
153.821  146.17381
141.6724  148.99525
150.46884  144.47424
165.18097  153.58199
169.91605  151.88054
146.88515  152.53308
136.90141  147.79523
115.799934  149.09322
178.33153  146.3147
137.18422  148.67744
152.47801  145.08754
141.00644  147.18277
