305.29672  325.55463
308.38837  322.7787
313.59143  321.78162
331.16602  325.65314
299.10364  325.31326
347.08627  325.3744
365.31079  321.3222
331.73413  325.2869
276.55417  329.7488
317.73932  331.98694
311.75546  329.13306
329.0099  334.31958
299.62186  336.93356
315.1759  343.20602
316.95203  336.63428
326.11978  339.9229
280.06335  337.68542
313.21274  339.8773
286.40848  337.309
293.8544  340.71667
416.14751  342.29868
309.82065  347.97305
300.6421  345.45676
286.4183  347.5772
381.16888  345.19873
299.45773  342.51868
273.77457  331.27054
328.39954  333.81683
286.67966  329.60992
300.3307  332.8535
280.56717  327.12125
347.14786  327.097
288.1425  325.41556
283.83304  332.8473
374.067523  331.9577
303.06973  334.56488
303.35895  330.23987
313.21835  331.59384
299.31454  331.69644
392.449455  333.8151
272.17798  332.05136
305.64142  335.13098
370.714367  326.69525
