31.289967  50.107635
55.02469  50.454407
38.450478  53.190186
61.79437  48.016083
31.937477  50.179657
57.49781  47.07657
39.773766  51.037445
49.66344  48.352264
130.32991  51.80139
75.03414  49.458435
45.48037  53.37375
52.66087  47.67633
5.0800796  51.79312
55.894894  47.396698
35.50141  52.750305
64.58186  48.11847
71.09051  50.555603
54.919674  47.890045
35.88598  50.89267
79.32668  47.427338
6.922375  51.33905
52.649036  48.02356
45.527176  52.4545
64.037735  48.48874
76.46457  53.43683
79.036354  48.68347
48.59781  51.4711
36.934845  49.184204
53.829155  53.047607
42.697063  53.226288
58.50573  61.366913
71.04818  54.09485
43.19054  57.205994
