206.8796  228.5947
231.38234  221.71236
211.7391  221.69862
236.91695  220.27274
215.35742  220.4953
241.37196  213.18686
192.17912  216.6734
225.2636  212.77304
204.08301  216.87192
200.0807  214.66806
208.33  215.327
215.01636  211.01566
192.87892  215.72423
203.16519  212.88391
191.76688  215.43623
223.80078  210.37016
215.33124  214.99821
223.11859  209.72392
220.82288  214.63318
247.01833  210.35524
214.81819  218.52452
234.98022  218.30428
219.15047  224.36679
225.91743  220.69373
246.67792  225.2527
228.87451  222.66878
224.03877  229.52184
221.78659  225.89296
230.81908  227.51488
235.11185  221.96239
218.00742  220.48065
