69.33316  154.3947
159.06482  150.97607
129.21371  151.40982
152.44041  147.9301
194.59323  146.18971
164.7861  148.36841
179.52206  160.55
186.65088  164.79948
157.26692  169.43745
192.70148  166.59581
193.89523  167.20056
207.52507  165.39784
183.44882  160.47746
146.42987  154.58221
146.63934  158.3927
219.18912  157.38173
194.37271  161.01213
190.34225  160.30832
172.05577  161.95125
187.4481  154.28221
155.36443  154.37454
186.09148  150.54964
163.74196  151.2309
203.0026  146.55757
138.9713  151.01978
154.46904  151.6234
148.19958  153.43204
154.22989  144.43695
136.65262  145.49242
163.87793  144.12137
