297.39673  324.97342
275.87115  315.77182
317.1135  320.88824
274.6584  323.15515
313.11243  329.16083
295.119  320.942
303.6822  325.77496
312.8854  321.57425
301.48334  331.5093
273.60483  330.84683
350.5672  333.46826
288.89267  333.6823
304.88962  342.03357
272.42538  339.64542
290.60648  337.76154
367.2472463  333.7986
317.43433  334.4778
274.8908  331.20593
312.8689  337.25134
374.110978  338.11493
288.57077  343.4745
273.616  341.85403
275.98126  346.86844
379.974934  342.54767
274.0155  347.49814
361.6501004  332.15955
325.83292  328.22922
366.338671  325.2628
327.58823  331.92606
374.761145  330.27615
324.11227  331.2461
294.38477  327.29373
278.9209  330.3874
285.3518  331.55014
295.29538  336.45416
283.31577  333.3934
291.97308  337.44943
275.73605  332.9636
317.6548  337.86273
300.36252  335.38882
318.79935  337.8946
307.13242  334.61526
298.589  336.61218
305.49588  328.32642
