260.643  227.8497
213.31929  231.65793
233.86089  224.42307
245.30316  226.32062
246.32362  222.5038
229.81607  227.81946
240.2911  222.56946
213.09256  218.62988
229.7923  212.36722
214.30164  219.24905
241.31883  213.37404
231.25293  216.57951
223.53484  213.42163
187.84618  217.36719
243.17041  213.84637
204.95613  215.98528
262.60605  213.40758
208.8667  218.49506
233.79778  215.64651
206.1501  219.3921
257.02667  217.58777
224.54533  218.84999
243.25003  216.29521
225.63045  220.98798
253.4578  219.20132
232.45757  222.61874
337.8695  221.72899
214.56898  227.58981
354.01675  226.57227
245.30363  228.61096
239.8019  224.20847
263.12527  222.65123
262.82916  219.70767
227.44305  224.1918
213.15329  219.16937
191.83328  223.64369
264.09393  225.23164
202.67873  232.03549
357.8711  233.76253
236.29999  237.647
349.49362  237.78287
233.99556  233.95502
256.51166  237.22198
217.9968  247.37997
