136.00244  138.39664
165.13017  145.89542
126.4448  158.09596
168.31586  151.41615
139.21376  151.67842
168.75673  150.86069
147.24434  156.86606
154.52214  158.54286
136.13722  159.50645
182.55345  155.36392
146.33241  156.9001
178.67848  156.07156
129.90434  159.44255
189.78816  155.14717
166.48586  152.67224
155.6038  149.75398
145.52463  154.64937
158.44707  152.29695
131.81752  154.51398
168.718  152.56279
126.03225  153.85764
156.5574  150.96846
112.56661  153.80174
174.23187  152.12032
155.66168  154.46307
186.14081  150.8391
103.39706  153.0424
196.35773  148.74023
105.77315  157.5976
161.84474  155.83777
215.63676  157.91185
197.64204  155.90654
156.31367  160.26733
192.33588  157.9904
151.66434  159.17418
170.27126  153.68486
132.96524  155.23347
190.30121  152.22675
190.47046  152.03104
184.649  150.09538
129.4418  154.00833
147.16908  151.48615
150.27179  156.7812
180.28857  152.34474
138.304  149.57289
169.24216  147.64056
135.26982  153.28438
166.49092  156.61737
