0.22730485  -1.2965702  -9.880873
0.06601442  -1.2152603  -9.871624
0.071030155  -1.045015  -9.844668
0.112863794  -1.1019442  -9.840778
0.073124  -1.2003076  -9.857148
0.08384874  -1.2175703  -9.931517
0.16969343  -1.2403429  -9.993488
0.18612544  -1.2236474  -10.032922
0.15376997  -1.1563478  -10.037511
0.19347806  -0.99382305  -10.014583
0.16229296  -0.84861296  -9.989698
0.10138665  -0.6464329  -9.946769
0.057625927  -0.5493995  -9.897267
0.010435983  -0.4444912  -9.832906
-0.010870007  -0.46412864  -9.772217
-0.0091400705  -0.488793  -9.728253
0.030229706  -0.56821597  -9.70197
0.07611601  -0.63983285  -9.685894
0.1382419  -0.69927627  -9.676716
0.18298516  -0.71096146  -9.678313
0.1800037  -0.7394813  -9.685955
0.16531937  -0.7859276  -9.687602
0.15473135  -0.8477372  -9.6843405
0.16823988  -0.90678453  -9.679954
0.1676876  -0.9160913  -9.682991
0.19005059  -0.8656147  -9.6896515
0.19101894  -0.80635035  -9.696796
0.19781102  -0.759459  -9.699351
0.20187788  -0.6808869  -9.699822
0.20798166  -0.651927  -9.700485
0.19972523  -0.6577706  -9.699212
0.20623791  -0.6848424  -9.696331
0.22333264  -0.73611486  -9.693406
0.21770105  -0.75700605  -9.692174
0.19656827  -0.7154822  -9.690146
0.1994609  -0.67384064  -9.685805
0.19930044  -0.6712949  -9.683785
0.2071416  -0.69988644  -9.685956
0.21561226  -0.70445246  -9.691161
0.21191578  -0.71774274  -9.688934
0.1922085  -0.76067066  -9.679677
0.19195095  -0.76993835  -9.66224
0.19428024  -0.7792274  -9.64713
0.19607118  -0.8253662  -9.63716
0.20449886  -0.80372924  -9.631589
0.213577  -0.7860888  -9.629662
0.20422812  -0.7822295  -9.629221
0.17876405  -0.7169554  -9.635118
0.13939197  -0.6765145  -9.643494
0.09502754  -0.717645  -9.657088
0.048540384  -0.76058877  -9.670955
0.034488995  -0.69196  -9.680142
0.05198767  -0.60815525  -9.686681
0.1254075  -0.5825808  -9.6968355
0.23847537  -0.5711547  -9.712805
0.3624114  -0.47721967  -9.727604
0.42949098  -0.441325  -9.734214
0.429388  -0.4367661  -9.73566
0.35904205  -0.38519177  -9.731729
0.2771172  -0.32874382  -9.727616
0.21106394  -0.3605467  -9.721059
0.17723362  -0.43633318  -9.714818
0.13880324  -0.556774  -9.705275
0.13316374  -0.6554774  -9.696575
0.14838602  -0.7346171  -9.6887665
0.14648493  -0.8501085  -9.684971
0.13332094  -0.92720497  -9.686198
0.13753577  -0.8875127  -9.691077
0.18114829  -0.8101959  -9.696434
0.19908531  -0.71337533  -9.700273
0.218244  -0.5510321  -9.705092
0.23593545  -0.3873821  -9.712855
0.27016452  -0.22343493  -9.714794
0.24716179  -0.13644758  -9.709732
0.20772386  -0.12581146  -9.699816
0.1720326  -0.09869254  -9.695137
0.1390647  -0.1085302  -9.695069
0.087122664  -0.2064893  -9.696295
0.044585392  -0.2545914  -9.695006
0.041373055  -0.2176927  -9.690107
0.06973751  -0.20631464  -9.684058
0.12661158  -0.23904617  -9.682765
0.18309313  -0.2998069  -9.686234
0.22908401  -0.2999257  -9.689731
0.24241439  -0.26393902  -9.6912775
0.20938686  -0.2234226  -9.692089
0.10131904  -0.17926964  -9.695117
-0.0032290637  -0.07476534  -9.696309
-0.052032113  -0.036530904  -9.694252
-0.054414064  -0.053200334  -9.688182
-0.03571232  -0.096849725  -9.677341
1.1739731E-4  -0.07628036  -9.660416
0.071541145  -0.07704748  -9.641539
0.11746373  -0.13440377  -9.634334
0.10186112  -0.23312864  -9.64882
-0.010814321  -0.2618549  -9.666801
-0.2002898  -0.26817694  -9.66566
-0.40683502  -0.19951645  -9.637032
-0.5348507  -0.17038177  -9.608668
-0.5369554  -0.22821958  -9.60254
-0.4368019  -0.38798422  -9.625697
-0.3437678  -0.53689384  -9.653966
-0.4113602  -0.6723298  -9.665188
-0.60727465  -0.6461493  -9.649329
-0.8829988  -0.45529404  -9.619228
-1.0807962  -0.20552933  -9.602673
-1.107678  0.028914053  -9.610095
-1.0058231  0.1452752  -9.637594
-0.9585678  0.19647744  -9.66484
-1.0093168  0.2248637  -9.673412
-1.1509048  0.31645182  -9.659333
-1.3544357  0.35036033  -9.628889
-1.4968078  0.35511702  -9.599729
-1.4888035  0.34422916  -9.581332
-1.3827746  0.33775622  -9.57145
-1.2871697  0.2984876  -9.565818
-1.1973575  0.28417772  -9.559914
-1.1290674  0.32275388  -9.553732
-1.1232651  0.40420157  -9.549218
-1.1529148  0.39264542  -9.559504
-1.1352711  0.29907292  -9.593838
-1.0680599  0.23825471  -9.650382
-0.9715368  0.19162342  -9.715957
-0.858483  0.09335414  -9.786164
-0.66727823  0.016299095  -9.861632
-0.4256311  -0.04619498  -9.937507
-0.13287327  -0.23250572  -10.018462
0.18688674  -0.48353815  -10.109283
0.5247487  -0.7747692  -10.21699
0.7735764  -1.0595785  -10.315837
0.8431805  -1.1586056  -10.366694
0.81854546  -0.9912621  -10.360135
0.72509694  -0.7150218  -10.315595
0.6297382  -0.39234596  -10.268708
0.5918745  -0.036034264  -10.222061
0.60564035  0.12121731  -10.160996
0.6090932  0.10915396  -10.075774
0.5672329  0.03520207  -9.981738
0.43724498  -0.036430895  -9.903991
0.21305387  -0.08005924  -9.847215
-0.014556152  -0.087244555  -9.798587
-0.21114597  -0.05745039  -9.731849
-0.30736908  -0.034323324  -9.648484
-0.2947633  0.028522873  -9.558843
-0.14758767  0.12863125  -9.490147
0.020720297  0.31008285  -9.455697
0.095029935  0.41119465  -9.457775
0.008610584  0.46468145  -9.480584
-0.15728137  0.5344082  -9.508721
-0.4192961  0.5226287  -9.533257
-0.62140787  0.40198928  -9.569017
-0.6629529  0.41038555  -9.633202
-0.5812817  0.6705124  -9.72405
-0.47746405  0.97795075  -9.816749
-0.3643512  1.1288683  -9.893009
-0.32328737  1.0633096  -9.953021
-0.39135805  0.77629375  -9.9992895
-0.35963804  0.4106496  -10.026642
-0.07209642  -0.090708286  -10.049389
0.3098027  -0.6722841  -10.086253
0.6413483  -1.0138068  -10.125793
0.8562587  -0.8976712  -10.129581
0.8603223  -0.59989107  -10.055421
0.6083867  -0.34148934  -9.917668
0.3344498  -0.015489221  -9.751866
0.18528707  0.23151334  -9.600454
0.17277  0.09963101  -9.487969
0.21896434  -0.438382  -9.426694
0.21690297  -0.93432045  -9.411895
0.14995274  -1.2090199  -9.417666
0.039045908  -1.3711979  -9.415582
-0.0814763  -1.4345926  -9.403194
-0.17013946  -1.3300803  -9.388287
-0.22368678  -1.1919196  -9.373847
-0.22696325  -1.0315564  -9.363662
-0.15288453  -0.8170029  -9.383611
-0.06906699  -0.6447756  -9.448777
-0.08290386  -0.5043854  -9.547861
-0.1624492  -0.29264373  -9.643359
-0.292486  -0.09102322  -9.724578
-0.5058403  0.017724216  -9.795375
-0.69655323  0.12204967  -9.870197
-0.6677284  0.16486366  -9.953297
-0.40207595  0.08400461  -10.062561
-0.019089138  0.004963666  -10.191459
0.37210318  0.09229325  -10.306717
0.8682728  0.2392694  -10.372256
1.340911  0.13095656  -10.385276
1.5961051  -0.15201956  -10.370048
1.6040834  -0.4031251  -10.333197
1.5384008  -0.70302474  -10.260868
1.3784398  -0.9834469  -10.146268
1.1177195  -0.9994613  -10.007991
0.8683224  -0.85633785  -9.873538
0.6515516  -0.75055075  -9.733203
0.40184093  -0.7588762  -9.564429
0.11375694  -0.86016417  -9.372932
-0.21130192  -0.85522664  -9.208911
-0.47838002  -0.6894132  -9.111365
-0.6230367  -0.53737235  -9.068295
-0.6332048  -0.32739776  -9.041207
-0.5437492  -0.041411873  -9.021834
-0.3582267  0.13811806  -9.023304
-0.19490734  0.1770953  -9.052193
-0.06822917  0.23701124  -9.104741
0.04826116  0.23174751  -9.181107
0.037388094  0.111121394  -9.29321
0.020646669  0.084204264  -9.436241
0.04099669  0.13286242  -9.596819
0.062165517  0.07079032  -9.765785
0.07228466  -0.10060595  -9.9335
0.1586663  -0.16189314  -10.075694
0.3806027  -0.31052762  -10.177656
0.7510576  -0.6209808  -10.261313
1.0855749  -1.0015922  -10.349934
1.2401326  -1.1232425  -10.421597
1.1941193  -1.0975988  -10.427709
0.9793342  -1.0549343  -10.357681
0.6565799  -0.9642025  -10.237744
0.3951677  -0.7312503  -10.078839
0.34602472  -0.62435764  -9.889629
0.3921456  -0.73844105  -9.694886
0.31388173  -0.79484725  -9.515426
0.18266217  -0.7469274  -9.343758
0.006824732  -0.693493  -9.165867
-0.33555752  -0.44775233  -9.008199
-0.51470804  -0.15828046  -8.908611
-0.5719511  0.089530714  -8.870044
-0.6187719  0.37997115  -8.862481
-0.60837454  0.56647056  -8.86898
-0.36697775  0.26307273  -8.909096
-0.21437359  0.0024731874  -9.000348
-0.034022577  -0.10843335  -9.139924
0.16701713  -0.3308278  -9.312919
0.37718365  -0.5816772  -9.523031
0.43565455  -0.5315902  -9.766067
0.49644843  -0.41595164  -10.014462
0.56079364  -0.33385524  -10.223499
0.7093147  -0.4129911  -10.379508
0.9277688  -0.51010174  -10.497056
1.163636  -0.5444448  -10.572951
1.3905518  -0.5007593  -10.583747
1.6385314  -0.48269844  -10.519682
1.8031574  -0.3474037  -10.414626
1.7823603  -0.2502392  -10.300304
1.5921321  -0.20001793  -10.178471
1.2558424  -0.28430176  -10.027786
0.76034606  -0.38284653  -9.845074
0.21780865  -0.35599244  -9.650021
-0.1980439  -0.13288394  -9.453275
-0.3759951  0.14688379  -9.262159
-0.42336565  0.42435533  -9.095462
-0.36125857  0.6133771  -8.986651
-0.2461159  0.7557126  -8.9439125
-0.13567522  0.7647137  -8.954684
-0.070738636  0.72894025  -9.008363
-0.04791049  0.564024  -9.093703
-0.09174707  0.42846546  -9.204497
-0.21892472  0.39625138  -9.329964
-0.3809277  0.47787333  -9.473462
-0.43492538  0.4745152  -9.639471
-0.3139676  0.3844165  -9.827199
-0.10813308  0.20325117  -10.022754
0.28084716  -0.047653295  -10.216928
0.78597134  -0.46343547  -10.413629
1.1071522  -0.8943771  -10.589578
1.1541089  -1.0403671  -10.690686
1.0671711  -0.8624813  -10.676842
0.83879364  -0.72508204  -10.57142
0.56261504  -0.54222363  -10.420726
0.4222571  -0.4767019  -10.246022
0.40173683  -0.7238717  -10.049953
0.41553107  -1.1754335  -9.843709
0.36652926  -1.4141324  -9.637539
0.1741153  -1.4193707  -9.435482
-0.12887514  -1.0991521  -9.233514
-0.4020195  -0.44569808  -9.058078
-0.582265  0.21468766  -8.9389925
-0.63633287  0.59989583  -8.888138
-0.52978367  0.79569924  -8.879221
-0.33797348  0.6878777  -8.8963785
-0.20579343  0.31557423  -8.946168
-0.1576149  -0.11060363  -9.044027
-0.20527  -0.42252213  -9.188989
-0.28828645  -0.63900125  -9.363659
-0.2682155  -0.7012397  -9.558365
-0.10648171  -0.6735513  -9.769552
0.18935771  -0.60443175  -9.980939
0.6184617  -0.59618664  -10.179637
1.1037412  -0.71878403  -10.35593
1.4530634  -0.78075016  -10.494359
1.6659905  -0.7126914  -10.56143
1.7741649  -0.5015403  -10.543102
1.8052883  -0.33762038  -10.47059
1.6805031  -0.20646742  -10.391156
1.4483554  -0.18109876  -10.318902
1.0778874  -0.18077911  -10.224835
0.6148981  -0.3456306  -10.078174
0.079034135  -0.36725554  -9.882459
-0.4031442  -0.20675807  -9.665589
-0.75293857  0.10356943  -9.443053
-0.8950654  0.39913112  -9.22457
-0.8894041  0.65141505  -9.045663
-0.80062723  0.83956254  -8.944494
-0.668111  0.8270109  -8.915127
-0.44240132  0.79359686  -8.939467
-0.23794803  0.7878049  -9.005517
-0.117631994  0.8410794  -9.111211
-0.09297798  0.93254566  -9.245549
-0.098347746  1.1074023  -9.397907
-0.07693289  1.0408996  -9.577296
0.062313728  0.6691337  -9.785023
0.27351078  0.20847687  -10.003783
0.5888961  -0.18289307  -10.206916
1.0505865  -0.60798115  -10.38407
1.3541338  -0.99213874  -10.533629
1.3300337  -1.0205557  -10.626863
1.0841196  -0.7423438  -10.624696
0.82111436  -0.5125893  -10.534204
0.54056966  -0.3186024  -10.414993
0.35228437  -0.20683174  -10.298818
0.40767115  -0.32839972  -10.171109
0.61127096  -0.7000567  -10.002521
0.69626486  -1.0639851  -9.80646
0.59852606  -1.1958925  -9.605079
0.4094339  -1.0417624  -9.405496
0.1407196  -0.72117466  -9.21481
-0.11988039  -0.37857944  -9.054791
-0.29854566  -0.10361525  -8.951499
-0.42643362  0.094374016  -8.8962555
-0.48891553  0.12131591  -8.871364
-0.47673398  0.031320002  -8.872078
-0.38676473  -0.03176663  -8.923647
-0.31535703  -0.090196766  -9.034928
-0.2970844  -0.11494978  -9.188972
-0.36611098  -0.06278123  -9.357755
-0.4032089  -0.045205913  -9.536827
-0.35368472  -0.12943414  -9.75537
-0.20950153  -0.10474865  -10.013268
0.050429307  -0.08303174  -10.267447
0.41234165  -0.105727375  -10.467547
0.8087039  -0.16763571  -10.581886
1.1821604  -0.30776095  -10.614188
1.4692287  -0.57776797  -10.568959
1.6224817  -0.7940494  -10.462746
1.6969963  -0.9100071  -10.324741
1.6350739  -0.8905045  -10.17365
1.4035257  -0.60752547  -10.021264
1.0074224  -0.17135242  -9.86005
0.5240406  0.14355184  -9.686647
-4.1043757E-5  0.4314581  -9.488591
-0.4576049  0.6571101  -9.274562
-0.8148197  0.8258645  -9.088187
-1.0233746  0.97422427  -8.981254
-1.073743  1.0670245  -8.954712
-0.9713753  0.9180635  -8.954947
-0.7647025  0.6849352  -8.965257
-0.56018215  0.43839312  -8.99801
-0.3821028  0.1595704  -9.076531
-0.27203363  0.0043305634  -9.18772
-0.21342035  0.06473696  -9.323249
-0.15804146  0.15674363  -9.486705
-0.018719096  0.10163991  -9.68187
0.16425626  -0.11441319  -9.905957
0.32999912  -0.35744938  -10.126776
0.51467097  -0.55566585  -10.315604
0.7245079  -0.7965487  -10.460357
0.78777254  -1.0002248  -10.554899
0.6761851  -0.914629  -10.581725
0.48309618  -0.5738875  -10.523089
0.27024716  -0.2596941  -10.412896
0.06997926  0.042310227  -10.288132
-0.003646779  0.20500314  -10.160155
0.13169602  0.0736531  -10.001418
0.35675701  -0.29090676  -9.798377
0.4270557  -0.5952117  -9.579131
0.22082624  -0.7361015  -9.371304
-0.1395349  -0.6188903  -9.189248
-0.51755416  -0.38962936  -9.0205555
-0.80849725  -0.18193597  -8.877007
-0.8989061  -0.07803692  -8.790968
-0.7248783  -0.16644906  -8.790958
-0.46173105  -0.46115297  -8.870677
-0.26999778  -0.68820035  -8.987865
-0.15460002  -0.8099104  -9.12
-0.14300124  -0.8423853  -9.273725
-0.1979311  -0.79474455  -9.4769535
-0.12629777  -0.5956654  -9.732373
0.06582215  -0.4070223  -10.005
0.2682255  -0.23906596  -10.247609
0.56180537  0.020788109  -10.447295
0.95817614  0.1512491  -10.614484
1.1923329  0.17497893  -10.730634
1.2727171  0.2498968  -10.755208
1.4027467  0.24845114  -10.678412
1.5682061  0.028627649  -10.557086
1.5710537  -0.07452541  -10.43027
1.5132136  -0.18395343  -10.314889
1.3855412  -0.29301047  -10.178585
1.0444448  -0.31576565  -9.995313
0.50016505  -0.17330429  -9.77386
-0.07416326  -0.018695032  -9.551263
-0.5316802  0.20656821  -9.350925
-0.7927977  0.37136647  -9.168549
-0.8006541  0.5000247  -9.015389
-0.67604184  0.4339346  -8.920987
-0.45266932  0.40530643  -8.887603
-0.21165927  0.50874114  -8.904342
-0.06465949  0.684514  -8.954591
-0.09442494  0.8748956  -9.025971
-0.22131029  1.055074  -9.118393
-0.400654  1.2743906  -9.244381
-0.5382639  1.3440444  -9.432601
-0.546463  1.0658168  -9.670274
-0.43037137  0.6320792  -9.937725
-0.23113926  0.37572196  -10.194612
0.12438611  0.060074143  -10.416957
0.45860285  -0.37219024  -10.580955
0.61933756  -0.5233764  -10.652962
0.6496583  -0.46210903  -10.627812
0.63536495  -0.37588108  -10.529975
0.51300323  -0.3596755  -10.406871
0.36215082  -0.36245644  -10.269519
0.3203783  -0.55921686  -10.099163
0.3539211  -0.95845795  -9.894902
0.3551999  -1.3976742  -9.682878
0.27519372  -1.5878422  -9.471311
0.1973869  -1.5141926  -9.256975
0.11388787  -1.2901318  -9.0593405
0.07518594  -0.9439068  -8.921548
0.077758916  -0.48682436  -8.857788
0.07684246  -0.07808961  -8.839038
0.05955071  0.10058354  -8.852033
0.005086121  0.17867076  -8.884627
-0.0980186  0.30705717  -8.94657
-0.268333  0.2799791  -9.046058
-0.4428586  0.14518146  -9.198499
-0.5706743  -0.004822892  -9.400594
-0.5731918  -0.13343534  -9.641677
-0.5457519  -0.24266367  -9.904399
-0.48498663  -0.2194223  -10.157931
-0.29376733  0.032483466  -10.378464
0.045968834  0.294991  -10.563911
0.41560936  0.34489563  -10.705943
0.77408665  0.27634114  -10.769634
1.1576381  0.14162418  -10.74499
1.4706064  -0.08622768  -10.649501
1.6303742  -0.15363804  -10.520804
1.6532004  -0.044890564  -10.362975
1.5860142  -0.03337847  -10.186687
1.3524902  -0.039855026  -9.986954
0.9337433  -0.05128596  -9.778213
0.3950004  -0.040377147  -9.563406
-0.099277936  0.030581271  -9.351799
-0.44803905  0.3050153  -9.165414
-0.52974665  0.5010596  -9.037831
-0.4350729  0.51083577  -8.982381
-0.3214107  0.48121738  -8.967925
-0.32417536  0.47183257  -8.964421
-0.40117797  0.37754935  -8.96341
-0.54336107  0.3283065  -8.98563
-0.68232447  0.29978663  -9.052207
-0.7042272  0.3375339  -9.179695
-0.519683  0.3971347  -9.362386
-0.20248945  0.3483668  -9.585112
-0.0067656757  0.23857895  -9.837398
0.024338063  0.33310235  -10.09677
0.08275858  0.46682042  -10.33582
0.26310006  0.23897275  -10.531317
0.34181565  -0.11645061  -10.668434
0.33597502  -0.2774211  -10.726487
0.34092864  -0.33240962  -10.690049
0.30323035  -0.40112156  -10.580166
0.22665104  -0.3077857  -10.426623
0.30628496  -0.1797647  -10.245609
0.62139094  -0.28836697  -10.052363
0.9082247  -0.5348571  -9.863227
0.9305209  -0.8348743  -9.682724
0.60081923  -0.9206848  -9.486755
0.108330764  -0.82210743  -9.278644
-0.43813115  -0.5788514  -9.091938
-0.8231384  -0.13338208  -8.95758
-0.9434458  0.3622985  -8.884927
-0.7979026  0.51839  -8.863643
-0.6209693  0.4860815  -8.88238
-0.5079609  0.29140383  -8.925297
-0.43661866  -0.17388804  -8.991207
-0.41221648  -0.66831213  -9.0967
-0.330465  -0.8096026  -9.258937
-0.14893982  -0.74445236  -9.483979
0.029691195  -0.47361436  -9.755813
0.17697999  -0.13040331  -10.024525
0.34256452  0.2984857  -10.241183
0.5490343  0.6559315  -10.404599
0.76967955  0.7472547  -10.534768
1.0340496  0.6351524  -10.633275
1.3015088  0.48394084  -10.664975
1.5363528  0.26305538  -10.615983
1.6367102  0.024944747  -10.506555
1.6051468  -0.17233053  -10.375865
1.5266397  -0.27383146  -10.232966
1.2568014  -0.29960033  -10.044692
0.8498863  -0.39264408  -9.805951
0.3396985  -0.43823943  -9.542437
-0.15099016  -0.24001665  -9.286148
-0.5245143  0.10977501  -9.060126
-0.6129258  0.41736564  -8.891205
-0.529502  0.6150875  -8.818918
-0.3999803  0.73720366  -8.826539
-0.27195117  0.6648038  -8.880276
-0.2328271  0.40177542  -8.948754
-0.30350533  0.15586363  -9.023777
-0.49390998  0.033773635  -9.109243
-0.6916981  0.03773109  -9.222081
-0.8316531  0.23668846  -9.377946
-0.82612485  0.43168372  -9.56578
-0.6858634  0.32247743  -9.780878
-0.5630547  0.07745276  -10.0121355
-0.54320693  0.0074941874  -10.236136
-0.43479222  0.093489654  -10.411858
-0.1835958  -0.06827247  -10.536999
0.05670172  -0.21314402  -10.621929
0.27988535  -0.10705505  -10.664585
0.5305049  -0.069962166  -10.634329
0.67195874  -0.21750006  -10.52726
0.6487118  -0.15744929  -10.354165
0.6324835  0.04398452  -10.14846
0.71799505  0.08074279  -9.950524
0.8164835  0.013056666  -9.783202
0.7280984  -0.07210137  -9.628102
0.45215806  -0.2025388  -9.459403
0.060862422  -0.34114045  -9.290574
-0.30752453  -0.30341554  -9.158248
-0.5869105  -0.2705349  -9.081994
-0.70480263  -0.3047969  -9.041575
-0.7034963  -0.27501112  -9.008792
-0.62957746  -0.25279927  -8.981555
-0.5628199  -0.3199838  -8.998528
-0.5095063  -0.3343582  -9.08612
-0.43588486  -0.22265454  -9.235497
-0.26993877  -0.16912296  -9.423232
-0.054649066  -0.22180328  -9.638729
0.077467464  -0.23462817  -9.882252
0.1554378  -0.2295249  -10.11394
0.2475904  -0.17961654  -10.285144
0.4417936  -0.013520909  -10.383573
0.70570964  -0.011106515  -10.440263
0.9832012  -0.2183764  -10.472854
1.222307  -0.43448648  -10.468263
1.4042873  -0.64235365  -10.404523
1.4300494  -0.7630094  -10.288249
1.3422401  -0.6567781  -10.14336
1.236769  -0.53037757  -9.9927635
1.0622199  -0.46478814  -9.837972
0.7253692  -0.44198614  -9.675081
0.25430712  -0.45143405  -9.502213
-0.29632443  -0.32692152  -9.323437
-0.7394221  0.053567607  -9.148867
-1.0184786  0.47205576  -9.003539
-1.0539906  0.8008951  -8.918941
-0.91777486  0.9893042  -8.88867
-0.6712703  1.0304735  -8.888747
-0.40536636  0.8763105  -8.900502
-0.15557238  0.64031655  -8.93586
-0.0517277  0.49609622  -9.011125
-0.11505582  0.48976868  -9.131534
-0.27145296  0.67411196  -9.294528
-0.39654222  0.7199046  -9.503235
-0.5723401  0.6835369  -9.756713
-0.82683164  0.6638112  -10.013438
-0.87091005  0.8328374  -10.22757
-0.4565355  0.67486304  -10.395927
-0.012227965  0.31160635  -10.539044
0.3022439  -0.048304655  -10.64138
0.58955634  -0.22542274  -10.658512
0.7125724  -0.42903274  -10.582107
0.46539107  -0.40919694  -10.443141
0.22797796  -0.12715736  -10.269954
0.24479552  0.11872933  -10.068923
0.4535989  0.04248593  -9.86117
0.65387106  -0.2853794  -9.684289
0.6883815  -0.56912327  -9.543663
0.49074402  -0.6686395  -9.405927
0.17003123  -0.5091046  -9.257515
-0.1871554  -0.2551632  -9.126039
-0.43350393  -0.0023432255  -9.05211
-0.50564116  0.07349658  -9.040811
-0.45564324  0.046402227  -9.0769615
-0.43654037  -0.059872724  -9.127967
-0.40770283  -0.02725352  -9.177232
-0.3760314  0.091205634  -9.2402935
-0.2901859  0.097278476  -9.35282
-0.18090436  0.03320197  -9.525287
-0.0737766  -0.07847061  -9.740504
-0.06520025  -0.26039442  -9.957082
0.018771052  -0.2728817  -10.146979
0.27269557  -0.17920747  -10.3169565
0.5889457  -0.35839605  -10.485341
0.90843296  -0.5637948  -10.628121
1.2350745  -0.6605264  -10.684316
1.4426899  -0.71452177  -10.629594
1.4717084  -0.6414386  -10.514073
1.400986  -0.34852174  -10.385676
1.3341681  -0.1560295  -10.246037
1.222318  -0.1557694  -10.063418
0.9352288  -0.35437423  -9.851426
0.4551285  -0.4278747  -9.650998
-0.06483233  -0.21783404  -9.467437
-0.5046937  0.24610302  -9.285184
-0.7253078  0.73410517  -9.12408
-0.80138654  1.1786144  -9.031066
-0.79906124  1.4576069  -9.00837
-0.72536355  1.4526536  -9.021028
-0.665915  1.2768731  -9.045146
-0.6479602  1.0274547  -9.08511
-0.6713251  0.8236397  -9.139401
-0.6675652  0.76033866  -9.212354
-0.6132228  0.76170444  -9.312563
-0.4645751  0.6628246  -9.457454
-0.33383393  0.5181394  -9.645715
-0.32750216  0.215614  -9.85426
-0.26333177  -0.0049387813  -10.044301
0.09550988  -0.1536874  -10.208437
0.46360454  -0.5193453  -10.350338
0.61402726  -0.83165073  -10.456981
0.75851077  -0.7702056  -10.497234
0.79295754  -0.7357809  -10.460009
0.55758804  -0.6992067  -10.368378
0.31218678  -0.42353338  -10.241322
0.3232022  -0.20882404  -10.0883875
0.5003468  -0.27955857  -9.928389
0.6292518  -0.43784976  -9.77961
0.51975733  -0.48019752  -9.623851
0.22083536  -0.3216494  -9.433594
-0.14584032  -0.06947161  -9.233263
-0.49581343  0.22632548  -9.080261
-0.77180594  0.5107715  -9.003451
-0.8541139  0.61043024  -8.969058
-0.7555606  0.54733956  -8.953656
-0.61181104  0.2481359  -8.971384
-0.46855202  -0.17723784  -9.041561
-0.34334785  -0.4883736  -9.159976
-0.28791034  -0.6045611  -9.303102
-0.30610818  -0.643445  -9.461364
-0.32855552  -0.543118  -9.643779
-0.37952334  -0.32509673  -9.84401
-0.40920123  -0.077759415  -10.038194
-0.34790966  0.15783957  -10.199119
-0.12552173  0.44041395  -10.320832
0.25161752  0.5553025  -10.413596
0.6753076  0.3668235  -10.479858
1.074611  0.09330428  -10.513038
1.4175515  -0.051139224  -10.496829
1.6622565  -0.32991955  -10.43956
1.62708  -0.55793273  -10.354115
1.3759596  -0.55829823  -10.24609
0.9811082  -0.46304363  -10.103191
0.4568169  -0.5342158  -9.92332
-0.11699114  -0.52875495  -9.70922
-0.51966083  -0.4622821  -9.476052
-0.67685974  -0.29468957  -9.268731
-0.62478286  -0.09902594  -9.13971
-0.4790337  0.14536598  -9.09596
-0.34672976  0.28138974  -9.094215
-0.31043944  0.450392  -9.097655
-0.37552285  0.7051188  -9.108173
-0.5451111  0.88169765  -9.135517
-0.6549705  1.0439136  -9.187617
-0.7002907  1.4375038  -9.275487
-0.6247628  1.8041475  -9.4152565
-0.4269827  1.7502415  -9.604524
-0.24635474  1.4195131  -9.821957
-0.25288117  0.9843052  -10.028625
-0.22017618  0.5189904  -10.196084
0.022873718  -0.11046024  -10.326722
0.2619337  -0.65543556  -10.420414
0.4138445  -0.85366136  -10.463036
0.5685586  -0.787303  -10.436402
0.6050432  -0.7821526  -10.356353
0.41992617  -0.62125355  -10.252541
0.2717149  -0.41469336  -10.130729
0.27810603  -0.4963457  -9.986339
0.28816223  -0.7860225  -9.823499
0.20413716  -1.0443379  -9.657627
-0.038231123  -1.105103  -9.491109
-0.3844135  -0.96754724  -9.328277
-0.669837  -0.66541076  -9.176941
-0.7634372  -0.27884585  -9.058306
-0.6648485  0.06767408  -8.994032
-0.3935278  0.15616484  -8.983859
-0.08794872  0.12773883  -9.018646
0.10739696  0.08073926  -9.070888
0.22463758  0.08376937  -9.141233
0.3081342  0.09180124  -9.252741
0.29759377  0.12693389  -9.40623
0.14228112  0.33566508  -9.573011
0.031385213  0.38084787  -9.733344
-0.06586054  0.13116936  -9.885947
-0.09264228  0.023705637  -10.035375
0.05433627  0.16028222  -10.175586
0.35273808  -0.124594554  -10.30949
0.56286526  -0.29388294  -10.422633
0.7238022  -0.15129694  -10.489507
0.803048  -0.18927416  -10.493405
0.77243006  -0.38897187  -10.449201
0.7339717  -0.42318147  -10.372192
0.741706  -0.47392043  -10.254987
0.66884804  -0.59917676  -10.091974
0.4679405  -0.6721686  -9.896593
0.14183125  -0.5473329  -9.702168
-0.23888831  -0.22034784  -9.514157
-0.5273214  0.23926373  -9.327575
-0.6557765  0.6952922  -9.166284
-0.6465773  0.96579444  -9.065291
-0.5689627  1.0542473  -9.0335655
-0.43911877  1.0261487  -9.049275
-0.3467437  1.0036076  -9.085042
-0.35491785  0.87563735  -9.125632
-0.40852278  0.90880793  -9.178459
-0.40060472  0.9836947  -9.272464
-0.32156485  1.0922407  -9.428585
-0.24275228  0.9833177  -9.618195
-0.18176325  0.7599913  -9.802803
0.05752369  0.7060387  -9.969302
0.56221783  0.38462788  -10.136978
0.9889883  -0.33091697  -10.322196
1.1465757  -0.9576284  -10.460068
1.1501259  -1.0493256  -10.504547
0.8867265  -1.1834465  -10.456818
0.40974483  -1.151674  -10.377044
-0.0035564452  -0.7760168  -10.30207
-0.07287138  -0.500184  -10.236835
0.043047793  -0.6239923  -10.148528
0.20801966  -0.80404216  -10.027785
0.19123593  -0.70700204  -9.86963
0.05516199  -0.45453802  -9.696621
-0.12818414  -0.15654725  -9.508874
-0.27243942  0.056881912  -9.321425
-0.38237748  0.23828606  -9.161761
-0.37199467  0.19659476  -9.061841
-0.26978916  -0.053801727  -9.018632
-0.219093  -0.3067281  -9.009398
-0.18161196  -0.38442832  -9.019898
-0.1319894  -0.4280389  -9.061471
-0.13369963  -0.38975686  -9.158603
-0.17867592  -0.18886861  -9.31862
-0.13042583  -0.012602138  -9.534873
-0.07914133  -0.035202425  -9.789425
-0.08778956  -0.07380493  -10.037239
-0.0038945912  -0.04131925  -10.236727
0.186052  -0.09744561  -10.375904
0.42046452  -0.2951166  -10.477764
0.67961216  -0.44833755  -10.542727
0.91969985  -0.47218412  -10.561585
1.0370699  -0.37142706  -10.520787
1.0052251  -0.1178023  -10.428331
0.8419903  0.19787541  -10.290028
0.6955286  0.39747062  -10.133129
0.5460261  0.45189348  -9.978951
0.29306966  0.36853343  -9.826243
-0.052596968  0.18978386  -9.64624
-0.36049077  0.1139258  -9.408792
-0.6189457  0.28522903  -9.171711
-0.7683071  0.62029874  -9.008392
-0.7511522  1.0174495  -8.955078
-0.5758023  1.2564902  -8.954625
-0.32780355  1.2864568  -8.968696
-0.16842619  1.085824  -8.990219
-0.10500437  0.76083404  -9.04412
-0.075032875  0.5443255  -9.126754
-0.06197275  0.5044815  -9.245144
-0.07824929  0.5997593  -9.3877325
-0.032337986  0.7125153  -9.554276
0.071015835  0.6102124  -9.741692
0.15686813  0.24705839  -9.944626
0.38531923  0.045308985  -10.136415
0.72539085  -0.19732256  -10.306701
0.9195901  -0.4352725  -10.443877
0.88005847  -0.35544246  -10.523721
0.71510905  -0.13099867  -10.512938
0.43984622  -0.19346516  -10.431165
0.17351611  -0.2764337  -10.318523
0.08984676  -0.3787109  -10.189473
0.19763458  -0.73411316  -10.026591
0.36833352  -1.0973564  -9.842942
0.38238078  -1.2175918  -9.67409
0.18292637  -1.0589999  -9.534463
-0.11163626  -0.6978449  -9.399493
-0.3866263  -0.23934808  -9.25957
-0.617906  0.2218391  -9.1337
-0.7206308  0.5071213  -9.061538
-0.73094714  0.44409513  -9.0648775
-0.71098155  0.3279669  -9.124266
-0.700494  0.30940259  -9.188403
-0.62331045  0.20059495  -9.233947
-0.53544265  0.0054072263  -9.286935
-0.43387356  -0.011390582  -9.381702
-0.32023993  -0.09323317  -9.527335
-0.21408913  -0.33955723  -9.710044
-0.16228223  -0.4739836  -9.908062
-0.045031924  -0.24964254  -10.088748
0.189962  -0.054614305  -10.2437105
0.4979114  0.005626178  -10.366861
0.82006997  0.08074058  -10.448468
1.100854  0.1673105  -10.461492
1.2347009  0.13246009  -10.404445
1.2570726  0.086758435  -10.303402
1.2416564  0.11698117  -10.189218
1.2117468  0.1126525  -10.076107
1.1021163  -0.0067841113  -9.955022
0.83630973  -0.22451591  -9.822467
0.3696249  -0.2754291  -9.6685
-0.20615776  -0.11709186  -9.487401
-0.7261225  0.16560546  -9.287456
-1.0200074  0.45199743  -9.125278
-1.0524743  0.72518694  -9.0563
-0.9014125  0.86613226  -9.06919
-0.6564187  0.8064823  -9.110317
-0.42517987  0.6456766  -9.145533
-0.25300175  0.48053408  -9.186638
-0.16159481  0.30235058  -9.257426
-0.131487  0.42071342  -9.3599205
-0.1147868  0.7182916  -9.4812765
-0.07288821  0.80916244  -9.617406
-0.13274723  0.7076331  -9.775456
-0.24760477  0.7121765  -9.951873
-0.16125362  0.5864724  -10.126049
0.18406835  4.719138E-4  -10.275361
0.4544793  -0.6358485  -10.402731
0.49815616  -0.8983358  -10.490483
0.44533196  -0.88481724  -10.515591
0.23312727  -0.8871172  -10.470013
-0.10750432  -0.62523043  -10.38097
-0.25476727  -0.21197394  -10.265599
-0.07078668  -0.124309205  -10.122119
0.2248877  -0.37018892  -9.955146
0.39145023  -0.56240904  -9.780466
0.28405243  -0.5628306  -9.600479
-0.014392644  -0.37900048  -9.409802
-0.31588072  -0.09967574  -9.234181
-0.52339435  0.21672146  -9.119484
-0.64026767  0.3938691  -9.089258
-0.60651785  0.3677695  -9.117448
-0.52553844  0.19181225  -9.171776
-0.511469  -0.057615183  -9.231209
-0.5928153  -0.2960109  -9.290179
-0.6230215  -0.43594489  -9.354866
-0.61141086  -0.3593138  -9.446514
-0.4855638  -0.23419599  -9.582317
-0.26371902  -0.07794799  -9.769021
-0.05673673  0.10088511  -9.9707155
0.12805468  0.25267506  -10.143035
0.43994236  0.2742991  -10.274421
0.72502273  0.18841183  -10.377862
0.8970871  0.26129395  -10.45246
1.1135621  0.3368569  -10.466791
1.3504807  0.38471428  -10.410709
1.4341755  0.4226122  -10.317588
1.3776911  0.44197193  -10.21408
1.2682035  0.2799702  -10.106549
0.94767636  0.13955323  -9.975802
0.44483334  0.06722553  -9.816098
-0.15130575  0.05176556  -9.633254
-0.62704927  0.13947336  -9.4346075
-0.9236704  0.14459088  -9.236687
-0.9465437  0.13210656  -9.080647
-0.8063356  0.15328805  -9.008014
-0.5653812  0.17154701  -9.0143385
-0.42850575  0.16381414  -9.056779
-0.4103044  0.20933661  -9.11354
-0.42168418  0.24561675  -9.177407
-0.437905  0.29666212  -9.25702
-0.49529642  0.36834744  -9.359136
-0.4902822  0.5458913  -9.492637
-0.345845  0.7843321  -9.657269
-0.09935894  0.80478257  -9.828659
0.3329436  0.6575042  -9.997674
0.8508046  0.23456681  -10.177981
1.1125237  -0.40657273  -10.35249
0.99723166  -0.8131005  -10.455394
0.62734586  -0.94255257  -10.427722
0.24481134  -0.99781644  -10.329644
-0.031033967  -1.0374235  -10.236815
0.0094823595  -0.99196273  -10.185527
0.28555703  -0.9835774  -10.122447
0.57226163  -1.0562534  -10.008624
0.5308238  -1.0643137  -9.848876
0.2363787  -0.7912311  -9.680357
-0.18640774  -0.32082894  -9.509732
-0.60121644  0.1564895  -9.319608
-0.90239096  0.5869583  -9.125687
-0.98370665  0.748371  -8.987541
-0.8956065  0.70975363  -8.940278
-0.73853254  0.5904988  -8.948925
-0.6057308  0.24980168  -8.983948
-0.53260046  -0.24663934  -9.023421
-0.5457095  -0.5454925  -9.093182
-0.61912197  -0.44861215  -9.214352
-0.5852629  -0.26329988  -9.400864
-0.42611232  -0.043893576  -9.637954
-0.20207918  0.14230192  -9.896886
-0.055719197  0.4426988  -10.139448
0.021288639  0.5450101  -10.331162
0.11973934  0.5147515  -10.460499
0.31788594  0.2550591  -10.544791
0.55021036  0.05860467  -10.58459
0.80229455  -0.1270095  -10.575828
1.0973432  -0.3472187  -10.513623
1.3522934  -0.59213954  -10.429107
1.4410257  -0.6880519  -10.342885
1.3850195  -0.560871  -10.247514
1.2388592  -0.44300961  -10.124152
0.89543474  -0.22616926  -9.953237
0.35616714  0.07597079  -9.730443
-0.20058846  0.4140923  -9.485111
-0.6158973  0.65511584  -9.282729
-0.9249093  0.76522005  -9.173327
-1.0523846  0.717842  -9.12019
-0.9678299  0.5485629  -9.082499
-0.7572471  0.4930613  -9.047772
-0.541252  0.4284994  -9.039854
-0.35508728  0.3365344  -9.06445
-0.1926792  0.27110532  -9.128098
-0.12264018  0.48846993  -9.239265
-0.14579876  0.7867192  -9.398309
-0.17780608  0.9420433  -9.608672
-0.18505397  0.8514929  -9.850109
-0.2208384  0.84207517  -10.070604
-0.08786848  0.8457693  -10.244678
0.28306282  0.4546175  -10.387876
0.46871528  0.15416655  -10.50925
0.43784323  0.25693136  -10.575841
0.41085616  0.3803932  -10.552467
0.30861893  0.17766884  -10.464843
0.120562576  0.04416158  -10.336947
0.21035504  -0.18206635  -10.1846895
0.5620414  -0.60188663  -9.997879
0.8332783  -1.0226004  -9.799099
0.8499166  -1.1993754  -9.606625
0.5722554  -1.097993  -9.433869
0.13197573  -0.8567834  -9.26793
-0.30292457  -0.573113  -9.118668
-0.5648665  -0.3514214  -9.009979
-0.6792978  -0.17680809  -8.959348
-0.68947464  -0.015526918  -8.936885
-0.65476525  0.21246567  -8.92929
-0.61571324  0.28092247  -8.94538
-0.66852885  0.24335094  -9.007868
-0.68094015  0.15227287  -9.120105
-0.5218299  -0.04652355  -9.2765875
-0.26962095  -0.38669848  -9.480679
-0.05973382  -0.475185  -9.718941
0.14812067  -0.33711794  -9.972313
0.4418517  -0.15741979  -10.219403
0.73366183  -0.03267455  -10.437233
0.9279455  0.14741167  -10.594772
1.0925233  0.32799307  -10.676437
1.292247  0.45344037  -10.68927
1.4211508  0.5124879  -10.653638
1.4511437  0.51452315  -10.580162
1.4026229  0.33252642  -10.477538
1.1892024  0.070638254  -10.334678
0.76753116  -0.1597822  -10.145531
0.1834259  -0.30680078  -9.9320755
-0.45635414  -0.3533665  -9.715322
-0.99223536  -0.12417926  -9.500657
-1.2797402  0.22549987  -9.290746
-1.3245255  0.5116142  -9.125247
-1.1731048  0.76593286  -9.039134
-0.8328236  0.8984825  -9.0138235
-0.41717824  0.7155011  -9.027701
-0.06695614  0.3482961  -9.056151
0.13045707  0.11724845  -9.09919
0.1663319  0.08822552  -9.159515
-0.010082519  0.35411328  -9.264243
-0.2126697  0.7625677  -9.422515
-0.32154495  1.0175145  -9.621295
-0.39878997  0.94879055  -9.823014
-0.39381403  0.69682586  -10.002809
0.0071157217  0.30103028  -10.167441
0.5053071  -0.30395234  -10.342709
0.7550809  -0.65777194  -10.493741
0.86361754  -0.62585026  -10.56053
0.9053475  -0.49851543  -10.525682
0.7432195  -0.3791998  -10.452274
0.558488  -0.09048624  -10.376309
0.5853521  -0.0100261895  -10.286612
0.7066561  -0.2064039  -10.155215
0.6844975  -0.504636  -9.984023
0.37653157  -0.69299996  -9.775901
-0.1049206  -0.6879799  -9.544536
-0.6106718  -0.31781083  -9.317852
-0.9208492  0.33089298  -9.132584
-0.95021164  0.9037083  -9.0060425
-0.7546296  1.1951962  -8.936176
-0.48135623  1.0489471  -8.907723
-0.23984775  0.6237875  -8.910732
-0.11727206  -0.014169693  -8.940131
-0.20125647  -0.5636115  -9.010357
-0.32804888  -0.8482925  -9.130963
-0.43687898  -0.56495607  -9.291741
-0.42737946  -0.26606163  -9.482376
-0.3805173  -0.16342108  -9.697713
-0.2743326  -0.06426585  -9.929818
-0.20929173  0.075414285  -10.149739
-0.08467353  0.08347374  -10.331973
0.092480645  5.971074E-4  -10.468738
0.339663  0.013831556  -10.564498
0.63270885  0.049563564  -10.610226
0.90768874  0.22087601  -10.594068
1.0950835  0.3059173  -10.510899
1.2212372  0.39438957  -10.378324
1.2429473  0.4061461  -10.223292
1.1479123  0.15055506  -10.07069
0.86797315  -0.2574556  -9.917951
0.4795248  -0.5197923  -9.741996
0.034900725  -0.54916084  -9.53263
-0.39006275  -0.3879621  -9.329501
-0.6616598  -0.025479043  -9.198405
-0.6279671  0.21559985  -9.160632
-0.49817  0.30070764  -9.16904
-0.4246122  0.27837732  -9.175983
-0.37521586  0.2438511  -9.159801
-0.4042863  0.31720582  -9.152793
-0.57477295  0.5293199  -9.193283
-0.7305032  0.83642995  -9.304649
-0.76883274  1.0737622  -9.473291
-0.65261185  1.110965  -9.662812
-0.47958344  0.93308675  -9.856629
-0.35038003  0.7517196  -10.040067
-0.17111483  0.61235917  -10.199931
0.20983537  0.43185797  -10.341347
0.5318707  0.15310855  -10.465138
0.6279924  0.04307121  -10.560161
0.6418835  -0.007778585  -10.583358
0.60723096  -0.13572793  -10.535331
0.44720697  -0.26298547  -10.442529
0.32227033  -0.34367353  -10.32577
0.39649624  -0.6033845  -10.184245
0.5403921  -1.0315988  -10.011914
0.5457403  -1.4114636  -9.822651
0.2589147  -1.4955777  -9.619437
-0.14944674  -1.1942968  -9.409349
-0.48277515  -0.7823421  -9.2049055
-0.6332224  -0.45966405  -9.049485
-0.6694342  -0.16619232  -8.967215
-0.52945465  -0.057610035  -8.95737
-0.33935824  -0.2073944  -8.993599
-0.23211892  -0.4971603  -9.050751
-0.2461873  -0.6537269  -9.117753
-0.26952466  -0.73511136  -9.203593
-0.26760426  -0.6027801  -9.322957
-0.20373046  -0.32092777  -9.483281
-0.07872945  -0.06792517  -9.676929
0.026902717  0.23584163  -9.884526
0.13382694  0.50948113  -10.070359
0.29611656  0.54368603  -10.216362
0.477462  0.28482956  -10.321197
0.65534425  0.19983825  -10.40035
0.85613286  0.11488521  -10.439614
1.0842388  -0.044441603  -10.421388
1.2286179  -0.25631303  -10.347435
1.2890494  -0.31679016  -10.241376
1.2079185  -0.2961072  -10.1263275
1.0449136  -0.27221036  -10.00475
0.7292427  -0.24770184  -9.878552
0.26681754  -0.06285974  -9.7436695
-0.2687138  0.3105914  -9.583401
-0.7004248  0.6105437  -9.3964815
-0.94718724  0.7892095  -9.221904
-1.0297593  0.88349897  -9.11217
-0.95042264  0.89030945  -9.073715
-0.7933535  0.7561542  -9.068633
-0.62019336  0.53919244  -9.07372
-0.5479444  0.37373096  -9.085494
-0.5221036  0.32056457  -9.132543
-0.56199414  0.34463865  -9.225486
-0.6398228  0.5058712  -9.366097
-0.6604208  0.80522805  -9.528747
-0.5589396  0.9789737  -9.7054825
-0.43976387  0.89484483  -9.876376
-0.22642052  0.83501613  -10.031014
0.23814082  0.61600536  -10.170277
0.7557099  -0.08037405  -10.307652
0.97101945  -0.70551443  -10.427616
0.9182826  -0.7480147  -10.480599
0.73244095  -0.58058184  -10.45332
0.4425362  -0.4996609  -10.374615
0.0479009  -0.23272972  -10.266091
-0.15588196  0.010243321  -10.12066
-0.093054056  -0.07013325  -9.937194
0.048634313  -0.4624989  -9.752393
0.07383212  -0.76212513  -9.579638
0.054117657  -0.7585998  -9.4185915
0.0058585005  -0.5824022  -9.263264
-0.09125888  -0.26209965  -9.13523
-0.21127144  0.13868067  -9.049225
-0.2608462  0.4780179  -9.006394
-0.22474508  0.6526829  -8.997643
-0.12677857  0.58597946  -9.026964
-0.07418882  0.18000256  -9.086249
-0.16221733  -0.25899464  -9.167282
-0.31149954  -0.46989027  -9.258504
-0.42641863  -0.3654527  -9.3708315
-0.43780094  -0.27877396  -9.524688
-0.35000053  -0.20154624  -9.716515
-0.18171272  -0.04881504  -9.919906
0.041820556  0.089896515  -10.090812
0.2886806  0.07724346  -10.225282
0.48914918  -0.03962014  -10.337985
0.63694656  -0.06369748  -10.428127
0.7688382  -0.0015210032  -10.466923
0.8189834  0.1376491  -10.433699
0.8239584  0.10303571  -10.361459
0.73574865  0.1916486  -10.282136
0.6018249  0.31189293  -10.19247
0.42926797  0.3327584  -10.06943
0.19813424  0.27004433  -9.906274
-0.128678  0.30587727  -9.708905
-0.40054187  0.45016915  -9.495311
-0.52192146  0.6259747  -9.298397
-0.4694919  0.8055185  -9.1691065
-0.37303233  0.8257006  -9.117337
-0.33476815  0.7080055  -9.107053
-0.38132685  0.61412126  -9.11229
-0.48043686  0.5667516  -9.1435
-0.6267152  0.41572267  -9.215168
-0.7130513  0.3387479  -9.312115
-0.6093813  0.4730812  -9.428571
-0.31992328  0.458453  -9.570361
-0.026668608  0.1561361  -9.757724
0.04585149  -0.18904503  -9.965953
0.016823549  -0.30535823  -10.153689
0.10901536  -0.2632835  -10.300504
0.22817233  -0.33121336  -10.415343
0.26381794  -0.23003705  -10.485887
0.41073656  0.099269494  -10.49971
0.6157455  0.24555728  -10.459325
0.62348145  0.06135481  -10.405509
0.5102842  0.016407529  -10.343896
0.45505962  -0.10621412  -10.25686
0.4290844  -0.45403558  -10.1247015
0.2810148  -0.72087514  -9.950287
-0.024035435  -0.7064934  -9.749351
-0.49175197  -0.417288  -9.533928
-0.9030404  0.015378284  -9.313457
-1.094445  0.47369057  -9.12279
-1.0425822  0.7722452  -8.996808
-0.7597909  0.73386955  -8.956275
-0.3596429  0.2892738  -8.978141
-0.12589526  -0.26420212  -9.023194
-0.12504406  -0.6286459  -9.071076
-0.2195776  -0.8592391  -9.134941
-0.36081514  -0.88363326  -9.25232
-0.4711759  -0.7928084  -9.436076
-0.5460864  -0.5350353  -9.657409
-0.6320013  -0.35431224  -9.866448
-0.539888  -0.12884773  -10.0394335
-0.2010695  -0.06725514  -10.1939535
0.2840343  -0.29557124  -10.358334
0.83831227  -0.52693444  -10.510046
1.4006268  -0.44282168  -10.593368
1.7789857  -0.21954134  -10.581902
1.873442  0.095202826  -10.511507
1.6722654  0.5573366  -10.417378
1.2476463  0.75052536  -10.303585
0.6840747  0.61588067  -10.132728
0.084256575  0.19984119  -9.915143
-0.5013161  -0.28135052  -9.702899
-0.83343774  -0.52681303  -9.533508
-0.84689045  -0.4496507  -9.39048
-0.58333194  -0.3488168  -9.256774
-0.23254862  -0.2235655  -9.150325
0.049797222  0.004086101  -9.096549
0.1434733  0.2596075  -9.076652
0.13935158  0.47856674  -9.065661
0.092928395  0.7309338  -9.059147
-0.006127195  0.9473181  -9.079459
-0.085880294  1.1166241  -9.161686
-0.01055218  1.1704344  -9.333361
0.1451138  1.0085579  -9.582378
0.24873126  0.69874746  -9.861863
0.44136173  0.44628373  -10.118676
0.8454517  0.06916305  -10.340595
1.0801033  -0.38228244  -10.520946
0.97891045  -0.59250176  -10.611042
0.72210354  -0.51274526  -10.58292
0.39675242  -0.46110743  -10.474566
0.0028493286  -0.38970387  -10.360496
-0.19649437  -0.16650867  -10.258041
-0.071744576  -0.11275928  -10.139534
0.19309269  -0.29531828  -9.985031
0.35316676  -0.46786982  -9.821889
0.3041045  -0.4288302  -9.671952
0.045187585  -0.28625828  -9.525073
-0.3218031  0.021653038  -9.350689
-0.6570225  0.2742336  -9.1581335
-0.86765355  0.39680886  -9.002652
-0.9318961  0.351827  -8.920661
-0.8830639  0.26729304  -8.890779
-0.7597382  -0.022520673  -8.890617
-0.58429265  -0.44227976  -8.917733
-0.42012367  -0.68866396  -9.00428
-0.2702617  -0.531026  -9.157718
-0.08203915  -0.26652354  -9.363808
0.06501228  0.07606  -9.590358
0.05492391  0.6268648  -9.820567
-0.06723046  1.1984367  -10.030517
-0.12607175  1.4882672  -10.2031355
0.008524805  1.2628546  -10.336491
0.27231404  0.7232937  -10.448266
0.64274055  0.11445148  -10.533746
1.022856  -0.44349894  -10.564125
1.2973114  -0.91640294  -10.527303
1.4224828  -1.0549308  -10.439061
1.3858616  -0.93660104  -10.320963
1.2261286  -0.8535055  -10.183328
0.8847454  -0.7669988  -10.009771
0.3844428  -0.67157704  -9.791039
-0.23078609  -0.45974582  -9.526527
-0.6876446  -0.17073034  -9.263531
-0.90093696  0.20100299  -9.066158
-0.7849417  0.46903983  -8.974899
-0.4301166  0.48778057  -8.974589
-0.11169873  0.3319605  -9.011841
0.045397915  0.34583616  -9.051715
0.014921497  0.47349644  -9.090115
-0.17346224  0.5927557  -9.142236
-0.52198374  0.90879333  -9.222133
-0.8494152  1.2758948  -9.326325
-1.068398  1.4782813  -9.452287
-1.0603555  1.4538596  -9.598244
-0.8704303  1.1519643  -9.770886
-0.63227093  0.67031926  -9.953013
-0.3571445  0.4170696  -10.116422
0.075498454  0.11353099  -10.254501
0.5412914  -0.3481709  -10.373515
0.8281952  -0.70565397  -10.468577
0.90770435  -0.6904557  -10.498612
0.8559481  -0.6271427  -10.437366
0.6520885  -0.40629968  -10.295798
0.4051538  -0.059071112  -10.1127205
0.33161262  0.25174487  -9.91849
0.5122534  0.12020393  -9.74438
0.7411028  -0.2216511  -9.602683
0.7872736  -0.5586546  -9.479842
0.5364171  -0.6979765  -9.348877
0.08082136  -0.5019647  -9.216773
-0.41310716  -0.13694525  -9.121189
-0.80705166  0.15654096  -9.074388
-1.0078593  0.27880043  -9.056049
-0.97103804  0.24392104  -9.043159
-0.7526749  -0.11469003  -9.044399
-0.6064948  -0.5144402  -9.096391
-0.6378647  -0.73886776  -9.206022
-0.763154  -0.7873484  -9.347392
-0.8558177  -0.59266174  -9.485795
-0.86733896  -0.1513947  -9.635402
-0.7504412  0.11269422  -9.821564
-0.53435594  0.19025365  -10.021456
-0.23253696  0.306094  -10.189846
0.14099452  0.19546095  -10.309991
0.4632047  -0.11607394  -10.416038
0.7318377  -0.23884615  -10.511306
1.0468073  -0.09159279  -10.5608015
1.3192861  0.022296673  -10.535813
1.4512997  0.08852242  -10.45639
1.4563893  0.21708266  -10.346902
1.3413688  0.369955  -10.210621
1.0727894  0.27727816  -10.047807
0.7001711  0.2053912  -9.864952
0.26669675  0.3135924  -9.676469
-0.14032556  0.454537  -9.482913
-0.37969577  0.45208588  -9.31536
-0.46021622  0.5146555  -9.20328
-0.42154533  0.4278143  -9.166119
-0.33645687  0.37488467  -9.182008
-0.25543854  0.28083664  -9.214576
-0.21438947  0.32270634  -9.247441
-0.23549788  0.3340376  -9.288699
-0.3707853  0.3843923  -9.345879
-0.5093158  0.49647942  -9.417996
-0.5869833  0.67451423  -9.515426
-0.5823803  0.66076815  -9.658989
-0.52972174  0.50308675  -9.841255
-0.45206222  0.2798037  -10.018382
-0.1933653  -0.028449047  -10.159266
0.24488063  -0.3671752  -10.27321
0.57467335  -0.6981547  -10.369985
0.7465706  -0.80899656  -10.426013
0.9030756  -0.6171271  -10.433183
0.8198314  -0.48433787  -10.412743
0.5180894  -0.48798198  -10.385377
0.25995067  -0.45113182  -10.3309355
0.11922113  -0.54600275  -10.221021
-0.03053331  -0.86940527  -10.05737
-0.18532422  -1.040774  -9.862986
-0.38346353  -0.85357296  -9.653178
-0.59025985  -0.4378353  -9.433918
-0.6932154  0.067140564  -9.220499
-0.6846586  0.6108229  -9.037927
-0.546914  0.9527332  -8.920161
-0.3179351  0.8351738  -8.8706045
-0.09828981  0.43209815  -8.889664
-0.03747368  0.023395037  -8.943435
-0.056041144  -0.4083894  -9.01275
-0.1162468  -0.8063718  -9.112797
-0.15381622  -0.94439334  -9.2658
-0.20809169  -0.78111565  -9.474174
-0.26962784  -0.64481324  -9.687001
-0.3008121  -0.39688188  -9.872769
-0.207442  -0.03443882  -10.015766
0.14369333  0.26533055  -10.130954
0.61089027  0.009440768  -10.249745
1.0784092  -0.2676642  -10.352084
1.4851588  -0.44486126  -10.396282
1.7632601  -0.4401866  -10.355007
1.8121576  -0.41228694  -10.277228
1.8033588  -0.16948186  -10.210994
1.769947  0.0038491904  -10.152351
1.6330742  0.0065325857  -10.063996
1.2943375  -0.18493113  -9.93497
0.73609936  -0.27091736  -9.774412
0.13035546  -0.10413907  -9.595995
-0.24325955  0.16144434  -9.409321
-0.30765477  0.3541628  -9.259444
-0.15736488  0.4417371  -9.176602
0.07915404  0.46403417  -9.156395
0.28828415  0.48748475  -9.158509
0.3157962  0.49641737  -9.165158
0.15318966  0.60630375  -9.175984
-0.06640398  0.75656426  -9.210303
-0.29516977  0.88558596  -9.285657
-0.483782  0.9642336  -9.414714
-0.4914783  1.0111787  -9.574632
-0.28516728  0.7737008  -9.749911
-0.080790065  0.30020547  -9.929402
-0.00873707  -0.038563143  -10.092396
0.09318633  -0.06991781  -10.2012205
0.38956052  0.06277945  -10.252772
0.70774114  -0.104076385  -10.299962
0.9456816  -0.38957208  -10.371177
1.1272128  -0.6210402  -10.420077
1.126373  -0.7893919  -10.377446
0.87388027  -0.94493854  -10.241362
0.5544144  -0.7963883  -10.070564
0.3909901  -0.58264685  -9.918704
0.45562014  -0.5768841  -9.803945
0.62361014  -0.68522555  -9.704548
0.6596416  -0.79352903  -9.584899
0.51037693  -0.7343191  -9.449676
0.2920267  -0.37968153  -9.338505
0.07912684  -0.021735419  -9.290349
-0.06839919  0.081963375  -9.279098
-0.05470292  0.12606102  -9.257403
0.06858719  0.09332831  -9.218865
0.20098367  -0.114720464  -9.201733
0.22536881  -0.38961628  -9.255203
0.1378422  -0.6165675  -9.363761
-0.011790281  -0.75702167  -9.481572
-0.12112216  -0.78056663  -9.579013
-0.07095504  -0.6228849  -9.662374
0.15117851  -0.3259618  -9.75147
0.3931068  -0.07486705  -9.84093
0.4916215  0.096245386  -9.914432
0.536054  0.29415825  -9.954692
0.6384078  0.32935742  -9.984277
0.8904909  0.11493977  -10.03682
1.2014881  -0.2281812  -10.13054
1.426528  -0.5613686  -10.209903
1.4539359  -0.7066306  -10.216511
1.1948082  -0.62620187  -10.127841
0.82036066  -0.45623198  -9.995349
0.57680684  -0.17321321  -9.878694
0.5974321  0.13195565  -9.802411
0.8442572  0.21023488  -9.74292
1.1300646  0.019867038  -9.674153
1.2107011  -0.13127929  -9.593043
1.093971  -0.24895278  -9.527329
0.92179525  -0.3949151  -9.500108
0.75091565  -0.4140416  -9.503911
0.626658  -0.23902209  -9.514388
0.57944727  -0.002496767  -9.517327
0.60259926  0.20488605  -9.517687
0.68606037  0.28028274  -9.530003
0.73069155  0.2020655  -9.557664
0.7176254  0.009671208  -9.6082735
0.68925935  -0.090179786  -9.668105
0.7613657  -0.06355021  -9.729645
0.8294107  -0.085481435  -9.783453
0.8832324  -0.26975405  -9.833801
0.8693587  -0.23769823  -9.870844
0.80115205  -0.1442956  -9.886567
0.59581465  -0.086804494  -9.87033
0.36116722  -0.058279894  -9.846084
0.19797549  9.836346E-4  -9.835912
0.1503127  -0.16804357  -9.8437605
0.20022693  -0.39549997  -9.841324
0.30256304  -0.60618746  -9.803578
0.39653093  -0.6378993  -9.739113
0.44731593  -0.43127698  -9.682364
0.5389083  -0.17647786  -9.655702
0.6058793  -0.06662694  -9.643319
0.598506  0.048487976  -9.600598
0.54262245  0.111425534  -9.504909
0.45880026  0.043813903  -9.400771
0.29652154  0.029420514  -9.346269
0.14051594  0.05617263  -9.361094
0.04644068  -0.012616517  -9.407874
0.03521393  -0.107714474  -9.449509
0.068944745  -0.19978747  -9.482543
0.1441851  -0.3145154  -9.509494
0.19642359  -0.30734837  -9.530065
0.272942  -0.33118525  -9.543201
0.27891257  -0.30448547  -9.558284
0.23571551  -0.19914904  -9.584143
0.16210201  -0.09257087  -9.61517
0.092726074  -0.09922873  -9.64266
0.0050539253  0.00248608  -9.664454
-0.074080184  0.09812708  -9.683919
-0.11872935  0.11745672  -9.698775
-0.12729006  0.085735574  -9.71001
-0.101445995  0.037907064  -9.717123
-0.074284025  -0.064631626  -9.732696
-0.042921595  -0.133181  -9.74858
-0.03194292  -0.11706096  -9.758609
-0.036117364  -0.034909338  -9.754213
-0.093844  0.06477786  -9.745156
-0.14189574  0.13739762  -9.738345
-0.15173697  0.1464693  -9.741826
-0.15379906  0.09983775  -9.75505
-0.1546646  0.057621676  -9.769695
-0.15467796  0.07036957  -9.775989
-0.18893191  0.11409166  -9.772682
-0.23579863  0.19836132  -9.770317
-0.27622107  0.24446528  -9.77225
-0.3024243  0.25890517  -9.776164
-0.25963274  0.21838799  -9.777791
-0.21709636  0.19434348  -9.774834
-0.18328688  0.1543539  -9.774106
-0.16067472  0.1524128  -9.775197
-0.1519954  0.15411443  -9.779304
-0.18403834  0.17989068  -9.782304
-0.21464436  0.17024045  -9.78768
-0.24750741  0.15571517  -9.788116
-0.27580112  0.15424785  -9.783539
-0.30333918  0.15038374  -9.77248
-0.31859657  0.11395736  -9.764272
-0.32445508  0.14307615  -9.752286
-0.31168035  0.22376409  -9.740716
-0.29637665  0.21852139  -9.735501
-0.2947131  0.19513853  -9.740491
-0.28497562  0.17687324  -9.745366
-0.25785905  0.12505698  -9.744342
-0.23208527  0.03493552  -9.739966
-0.20715213  -0.01178331  -9.7378
-0.1898691  -0.008830936  -9.737786
-0.18315604  0.043735284  -9.7323675
-0.18634672  0.090624474  -9.724132
-0.20090559  0.1347594  -9.716683
-0.22514  0.18422619  -9.717786
-0.23479542  0.22305477  -9.719953
-0.25466335  0.2634601  -9.723044
-0.25345016  0.28299984  -9.725884
-0.24994326  0.27292037  -9.730264
-0.23326182  0.27247196  -9.730611
-0.20104599  0.22462161  -9.727105
-0.17851493  0.14122948  -9.719706
-0.19020122  0.095437214  -9.712499
-0.18043526  0.047977377  -9.709082
-0.18878224  0.03212499  -9.710824
-0.21237202  0.051397048  -9.714086
-0.23762031  0.10661336  -9.712863
-0.24611202  0.14962567  -9.708095
-0.27376246  0.19082427  -9.707446
-0.2773589  0.19226761  -9.709965
-0.26702788  0.2006677  -9.713836
-0.23835984  0.1564556  -9.711617
-0.2163192  0.121038005  -9.703845
-0.19647457  0.11739812  -9.695077
-0.17867386  0.12383388  -9.690796
-0.16918537  0.150674  -9.691391
-0.1618031  0.2115036  -9.6938505
-0.16158834  0.26602727  -9.696074
-0.18446493  0.29074392  -9.700664
-0.21590586  0.30269614  -9.703442
-0.22111753  0.24749288  -9.699211
-0.19735758  0.1303733  -9.6924925
-0.15685743  -0.0383447  -9.693456
-0.1309767  -0.10446696  -9.702615
-0.12259562  -0.08959383  -9.712038
-0.15340194  -0.039003532  -9.7157135
-0.19803289  0.0771247  -9.7141
-0.24712916  0.20522995  -9.711898
-0.24954978  0.21359038  -9.711179
-0.21203367  0.13017568  -9.714176
-0.18812694  0.05610465  -9.717961
-0.175599  -0.03133425  -9.722192
-0.1708595  -0.06167922  -9.723495
-0.16597451  -0.029221047  -9.724208
-0.1827931  0.03882795  -9.724835
-0.17808382  0.108237624  -9.728345
-0.1670459  0.14690478  -9.731598
-0.15056808  0.16235425  -9.734998
-0.14815018  0.15143359  -9.738304
-0.14207116  0.12159369  -9.739361
-0.123243116  0.082517385  -9.737332
-0.12771878  0.068500444  -9.733864
-0.13063383  0.085565045  -9.731603
-0.122942135  0.07764407  -9.731469
-0.12094525  0.0635103  -9.729563
-0.13441974  0.08650988  -9.727532
-0.13744318  0.1141235  -9.722657
-0.118346095  0.14785287  -9.72173
-0.13028125  0.18888402  -9.723175
-0.1388537  0.23963766  -9.726715
-0.12258124  0.2053175  -9.7275095
-0.10321899  0.18416502  -9.727405
-0.13043173  0.14566201  -9.729835
-0.14041525  0.123385414  -9.734664
-0.15987179  0.122538924  -9.739692
-0.19161108  0.18762895  -9.741544
-0.18300946  0.19438688  -9.742164
-0.15028249  0.16416457  -9.739586
-0.12062894  0.1314672  -9.732826
-0.09667099  0.13232718  -9.725396
-0.0847937  0.1437144  -9.720919
-0.12098066  0.20397034  -9.7212
-0.15193066  0.23906508  -9.723927
-0.17394543  0.23939773  -9.728909
-0.17352001  0.20076504  -9.732776
-0.1534172  0.1261001  -9.733459
-0.12226926  0.08403989  -9.730271
-0.09735622  0.06878342  -9.727591
-0.08981939  0.10626626  -9.726914
-0.09894329  0.12260403  -9.725654
-0.12495594  0.18086466  -9.724463
-0.1394252  0.17118976  -9.722085
-0.15391037  0.15593186  -9.721921
-0.1350886  0.10711559  -9.72281
-0.10796521  0.06928961  -9.724766
-0.082317516  0.03542571  -9.72556
-0.08381417  0.07274462  -9.724101
-0.09398092  0.1003708  -9.720951
-0.10595362  0.14179684  -9.717486
-0.1121303  0.19161181  -9.714468
-0.13068184  0.18842176  -9.711774
-0.1351151  0.1455463  -9.708447
-0.110519305  0.11975247  -9.709302
-0.09853326  0.07643203  -9.713634
-0.11049765  0.0011237382  -9.723883
-0.11255858  -0.0273665  -9.730937
-0.12927873  -0.021246135  -9.734389
-0.14868751  0.0138746975  -9.731644
-0.16806729  0.049203582  -9.724973
-0.14990762  0.06507708  -9.7173815
-0.13225944  0.10957773  -9.709184
-0.110992834  0.15853138  -9.704354
-0.12258258  0.18880525  -9.700841
-0.122989535  0.178352  -9.699981
-0.12941457  0.17602587  -9.703599
-0.15471804  0.115850165  -9.712477
-0.15514192  0.049868274  -9.7251215
-0.13971543  -0.030871669  -9.736529
-0.14329378  -0.047974475  -9.742467
-0.15560831  -0.040457595  -9.740525
-0.12541193  0.005031766  -9.730756
-0.099717274  -0.0042862818  -9.718867
-0.09489969  0.02013087  -9.711439
-0.10566068  0.0930536  -9.709301
-0.12595502  0.16086535  -9.708415
-0.15976232  0.1714483  -9.704978
-0.1868702  0.17958394  -9.699521
-0.19241302  0.12699202  -9.692905
-0.16513857  0.058893878  -9.685997
-0.13112429  -0.004477284  -9.681794
-0.09914001  -0.045142118  -9.679738
-0.1123907  -0.035793196  -9.68151
-0.13844731  0.017100433  -9.6814995
-0.1781205  0.032404684  -9.682471
-0.18120518  0.03214046  -9.684712
-0.19503193  0.06697838  -9.690224
-0.18810737  0.08190526  -9.693675
-0.16569774  0.096598655  -9.693798
-0.13086256  0.12356172  -9.691176
-0.13345386  0.16802447  -9.687706
-0.11795853  0.16328254  -9.682659
-0.0881085  0.17763829  -9.68065
-0.0683088  0.15869345  -9.6832075
-0.061092548  0.1463791  -9.689598
-0.0635159  0.116922475  -9.695583
-0.05421431  0.04866374  -9.699016
-0.04896317  -0.053829085  -9.703517
