0.016479  0.09932077  -9.864266
0.026301183  0.13652244  -9.870238
0.020990092  0.079915404  -9.872187
0.026984338  -0.012810667  -9.836145
0.031524673  -0.066769905  -9.806282
0.033413358  -0.007018481  -9.799708
0.015910381  0.07138991  -9.829269
-0.007868998  0.117322326  -9.850295
-0.034519196  0.1291387  -9.866528
-0.062806435  0.11285534  -9.859696
-0.100263305  0.11396358  -9.827049
-0.11861685  0.10414855  -9.7681265
-0.116882466  0.09627093  -9.705512
-0.09881537  0.09820041  -9.656406
-0.069571234  0.11216448  -9.631851
-0.037641525  0.1301627  -9.639767
-0.015564228  0.14036961  -9.666003
-0.0065257354  0.15299982  -9.686714
-0.0100938175  0.17558266  -9.692549
-0.00551142  0.19144398  -9.689162
0.00309519  0.19698253  -9.686496
0.011826586  0.19953912  -9.681277
0.023773361  0.20732547  -9.673286
0.047981318  0.21895531  -9.666787
0.07879245  0.22934034  -9.668571
0.10680394  0.22917652  -9.678641
0.12475926  0.21687569  -9.684553
0.12383317  0.20634986  -9.679351
0.122012526  0.20148613  -9.656816
0.13086133  0.20211041  -9.626209
0.16535442  0.19769552  -9.596497
0.22741958  0.18916003  -9.577589
0.30808502  0.17780156  -9.576346
0.3918481  0.16632462  -9.5875
0.47143826  0.15159133  -9.5997715
0.5388872  0.13744286  -9.610498
0.6093597  0.12186583  -9.61962
0.6677888  0.110081136  -9.6283245
0.7006413  0.12440918  -9.631536
0.72114176  0.15162975  -9.631729
0.73819524  0.1635789  -9.6234665
0.74200195  0.15598835  -9.606305
0.731979  0.14178707  -9.574159
0.7152611  0.11615599  -9.534512
0.701759  0.0739863  -9.490612
0.70473117  0.021644203  -9.456472
0.7320392  -0.04493519  -9.439186
0.78673184  -0.11826724  -9.4492035
0.89740753  -0.17970328  -9.487796
1.0461353  -0.22061843  -9.559144
1.1759897  -0.2627883  -9.639008
1.2331822  -0.31613353  -9.697391
1.2440437  -0.35589507  -9.71611
1.2443671  -0.368065  -9.709924
1.2404746  -0.360849  -9.695787
1.2310305  -0.33556038  -9.675331
1.2215918  -0.31262258  -9.646822
1.2310838  -0.29774255  -9.6187
1.2705995  -0.28754523  -9.604814
1.323131  -0.27092418  -9.609446
1.3617507  -0.25490522  -9.620965
1.383137  -0.2211908  -9.629414
1.3942646  -0.15817058  -9.637861
1.3899829  -0.105589636  -9.657292
1.3624808  -0.10578391  -9.689676
1.3159038  -0.15302034  -9.726669
1.2779921  -0.24421066  -9.766936
1.2663152  -0.33778003  -9.815372
1.250106  -0.4051602  -9.870468
1.1985295  -0.4235078  -9.924866
1.1328924  -0.37935075  -9.985045
1.0945128  -0.31320435  -10.066078
1.0531002  -0.25616515  -10.152608
0.9126782  -0.21806562  -10.229987
0.7425053  -0.18415476  -10.271439
0.59001064  -0.1495133  -10.294606
0.4981272  -0.09910456  -10.304909
0.44059348  -0.05100387  -10.317983
0.43125466  0.019087825  -10.337221
0.42945543  0.10776652  -10.359091
0.38415533  0.1347152  -10.3588085
0.29717687  0.07821619  -10.319653
0.2020232  -0.0150089115  -10.234514
0.123033375  -0.07777485  -10.110761
0.09971711  -0.09705451  -9.965925
0.13213503  -0.0879469  -9.81456
0.15590957  -0.090968326  -9.671563
0.12048118  -0.09158307  -9.550987
0.08142469  -0.13537946  -9.466085
0.094353765  -0.21106519  -9.432307
0.15885025  -0.23957281  -9.460267
0.25109974  -0.25007024  -9.537154
0.30500507  -0.2556841  -9.643074
0.33308026  -0.25487673  -9.7674055
0.37580177  -0.25450262  -9.900272
0.37797588  -0.22481221  -10.018854
0.3069816  -0.19247171  -10.119986
0.2549521  -0.13429898  -10.200362
0.15104271  -0.036625315  -10.255342
-0.059404436  0.014497723  -10.247595
-0.25910866  0.030640025  -10.1847925
-0.35793406  0.05925675  -10.122942
-0.35020354  0.080670886  -10.097891
-0.27404493  0.081155464  -10.094551
-0.21163107  0.086645365  -10.077246
-0.19097126  0.0903675  -10.023409
-0.16412513  0.079605274  -9.924469
-0.10375482  0.07115935  -9.767382
-0.05056965  0.079517625  -9.581062
-0.020911662  0.120947175  -9.394307
-0.020843914  0.18315154  -9.244512
-0.02625858  0.2575635  -9.12507
-0.027030103  0.32227793  -9.0374
-0.015447785  0.34981832  -8.973775
0.015143479  0.34181035  -8.937377
0.08090831  0.32472035  -8.941636
0.16440529  0.32811037  -9.016119
0.23000753  0.3609351  -9.16695
0.26135558  0.40040863  -9.387516
0.24609435  0.4244937  -9.637589
0.16576146  0.4173654  -9.863511
0.042959996  0.36203223  -10.026718
-0.064625666  0.27684277  -10.156838
-0.1453547  0.20792775  -10.272936
-0.30774364  0.19144115  -10.362774
-0.5145552  0.19811216  -10.377822
-0.63750744  0.1990814  -10.331202
-0.61993635  0.20206492  -10.272533
-0.5197641  0.19403218  -10.227235
-0.41387105  0.17259675  -10.164599
-0.34770912  0.13859089  -10.058509
-0.30960596  0.09827641  -9.9135275
-0.28484634  0.055140514  -9.7480755
-0.26218808  0.04735204  -9.57824
-0.23909971  0.051547647  -9.428087
-0.2556193  0.031405784  -9.336762
-0.28972933  -0.02525773  -9.298368
-0.30307433  -0.071975626  -9.27404
-0.2595313  -0.06618394  -9.231865
-0.1712515  -0.025232289  -9.193781
-0.077488035  0.0029598891  -9.184406
-0.051149603  -0.00176007  -9.224173
-0.08449227  -0.0066410517  -9.29272
-0.12541026  0.0033800232  -9.390073
-0.12116154  0.015246825  -9.524862
-0.092312545  0.03035855  -9.68974
-0.06834891  0.034481578  -9.888503
0.007819985  0.059273478  -10.119936
0.08388172  0.16312154  -10.3402
-0.042370297  0.28130326  -10.483066
-0.2503438  0.35732847  -10.506063
-0.36078635  0.37098375  -10.457121
-0.3706451  0.33617148  -10.376647
-0.33804485  0.26541835  -10.278719
-0.3004716  0.20547344  -10.158553
-0.28732  0.16642326  -10.025544
-0.3105004  0.12216104  -9.890174
-0.337135  0.086210415  -9.75387
-0.31993952  0.06962912  -9.602653
-0.24994372  0.065040514  -9.454092
-0.1730701  0.06529524  -9.337368
-0.14026916  0.06542591  -9.273301
-0.13033839  0.073095106  -9.230252
-0.103083596  0.100347765  -9.177162
-0.040603414  0.12820363  -9.106129
0.028912013  0.16824521  -9.050835
0.110768616  0.22847448  -9.04361
0.20553516  0.3044277  -9.1169815
0.2808153  0.35996827  -9.273109
0.30103344  0.34309965  -9.480993
0.22255674  0.30288675  -9.680129
0.07750105  0.3013971  -9.844382
0.0127512785  0.30517665  -10.012938
0.032027043  0.29456326  -10.184168
-0.053000625  0.28544122  -10.326632
-0.17117408  0.2994668  -10.38505
-0.21175806  0.29077744  -10.3932085
-0.20265605  0.25910494  -10.379078
-0.21435086  0.23422329  -10.349074
-0.26403147  0.21281633  -10.281655
-0.32319  0.17774217  -10.164234
-0.3592494  0.13107531  -10.030272
-0.35584038  0.06566835  -9.866914
-0.32684115  0.02141435  -9.655476
-0.2845291  0.02161347  -9.418499
-0.25566494  0.03463401  -9.23055
-0.23806807  0.032379027  -9.140374
-0.20043088  0.033500437  -9.110781
-0.122200936  0.060727056  -9.110096
-0.007754827  0.07683313  -9.131948
0.09867267  0.05877456  -9.185561
0.17230667  0.0185146  -9.271891
0.1847482  -0.007007042  -9.394568
0.16002794  -0.014949123  -9.546517
0.104486726  -0.018896196  -9.718624
0.039133422  -0.0023585104  -9.891196
-0.04578209  0.029965078  -10.026298
-0.17665155  0.07348284  -10.142012
-0.21431585  0.105086826  -10.287825
-0.18318886  0.13337757  -10.443515
-0.37516227  0.12601216  -10.530645
-0.65237004  0.08582867  -10.476885
-0.7886599  0.028227506  -10.346967
-0.7006919  0.053875946  -10.224525
-0.47796538  0.10651058  -10.130845
-0.30616188  0.14014058  -10.050675
-0.27584997  0.17831327  -9.976563
-0.29659903  0.17508253  -9.89209
-0.29233688  0.16515715  -9.758439
-0.26335254  0.16415073  -9.58247
-0.22978573  0.16656704  -9.395405
-0.21864392  0.18870814  -9.240792
-0.18991166  0.21006736  -9.114399
-0.12194653  0.2100446  -9.021844
-0.05302094  0.18896507  -8.986192
-0.009822308  0.18691804  -9.012622
0.02061945  0.22004998  -9.099664
0.05699409  0.24875675  -9.222432
0.08738088  0.28034943  -9.377766
0.10498574  0.34563813  -9.552077
0.09203611  0.40517777  -9.744183
0.04324031  0.4393326  -9.930242
0.0019617388  0.43006954  -10.122893
0.0073663485  0.40819886  -10.319519
-0.038907032  0.42498314  -10.473136
-0.22342837  0.51127225  -10.51549
-0.40595976  0.5901595  -10.439603
-0.46937162  0.5742209  -10.325078
-0.43371928  0.49249068  -10.227755
-0.39441442  0.41842747  -10.1497965
-0.38472763  0.36473736  -10.06029
-0.39364058  0.31248638  -9.942508
-0.4144051  0.26101217  -9.833284
-0.40869924  0.2064995  -9.721426
-0.36619323  0.16180696  -9.567918
-0.29776677  0.11869531  -9.394748
-0.2369741  0.06961243  -9.28832
-0.24164958  0.044478808  -9.3137665
-0.2904925  0.046232704  -9.388779
-0.34645757  0.085866354  -9.415166
-0.34196526  0.11989461  -9.367363
-0.29565686  0.12053424  -9.296855
-0.24706805  0.1184302  -9.268487
-0.20634943  0.14033675  -9.309756
-0.17211378  0.15690476  -9.4208555
-0.1315556  0.14611676  -9.589128
-0.092516065  0.12206683  -9.791505
-0.104951695  0.10628762  -9.972565
-0.14762598  0.06497892  -10.152216
-0.066668294  0.026302138  -10.3336525
-0.06618569  -0.021423658  -10.478787
-0.28814995  -0.012817329  -10.507818
-0.48978955  0.038399067  -10.413775
-0.52702355  0.08462124  -10.28727
-0.4449784  0.07992377  -10.174745
-0.35509422  0.04400099  -10.078813
-0.3188833  0.01141591  -9.980175
-0.3307455  -0.02053949  -9.869181
-0.31968677  -0.057006948  -9.714057
-0.24542847  -0.09752251  -9.513137
-0.13517366  -0.106533326  -9.309221
-0.051721655  -0.07223188  -9.173163
0.006977375  -0.017730119  -9.122214
0.07544222  0.011372179  -9.113421
0.16366565  0.017311964  -9.103199
0.25385886  0.01930507  -9.0929365
0.32911307  0.042933233  -9.112255
0.37685463  0.06477194  -9.178224
0.3791995  0.06890741  -9.277311
0.34981453  0.080354765  -9.391307
0.30559713  0.09204479  -9.510181
0.2639683  0.107181765  -9.635272
0.23103379  0.13384229  -9.740039
0.18727215  0.14476094  -9.8221445
0.18767594  0.13335806  -9.934784
0.27216345  0.13444625  -10.097842
0.23774706  0.14612603  -10.26698
0.037473634  0.15785538  -10.354542
-0.14581902  0.13550958  -10.343423
-0.22370602  0.08890582  -10.2948885
-0.2234247  0.041582476  -10.2391405
-0.21116142  -0.0031269677  -10.17158
-0.2302372  -0.03764794  -10.083731
-0.27764863  -0.06964163  -9.999013
-0.29562575  -0.11203939  -9.877846
-0.25209352  -0.15651056  -9.712221
-0.18858586  -0.18422776  -9.543709
-0.17805657  -0.18575665  -9.455667
-0.23057401  -0.18127316  -9.447184
-0.291582  -0.1559218  -9.436817
-0.3235742  -0.113325655  -9.38892
-0.3251124  -0.08352854  -9.320059
-0.32022783  -0.07441012  -9.270143
-0.3201039  -0.07732324  -9.265886
-0.31907046  -0.073888585  -9.321658
-0.29544523  -0.06777664  -9.428422
-0.2609024  -0.06390681  -9.568889
-0.23746823  -0.06338029  -9.717006
-0.2153494  -0.052465115  -9.866846
-0.17125914  -0.038205165  -10.010233
-0.1466445  -0.03875454  -10.113012
-0.18734904  -0.05458405  -10.193554
-0.13530235  -0.08253917  -10.298592
-0.06727451  -0.036689896  -10.40438
-0.28738868  0.02390061  -10.4170475
-0.6335611  0.0128398305  -10.274025
-0.8171022  -0.02402244  -10.086499
-0.79553664  -0.0061257994  -9.952425
-0.7299351  -0.0029530525  -9.89746
-0.65897095  -0.029549038  -9.884439
-0.53950405  -0.058869716  -9.845249
-0.37219638  -0.059397135  -9.746044
-0.21501483  -0.049448438  -9.610009
-0.12834288  -0.014100572  -9.498441
-0.09530305  0.04609816  -9.420718
-0.057331406  0.11369115  -9.348778
0.0049380534  0.16790454  -9.265174
0.05488413  0.18659507  -9.177055
0.09320958  0.17952773  -9.1021185
0.1328661  0.1665377  -9.071999
0.19039142  0.14477992  -9.097177
0.25754336  0.104474604  -9.169253
0.31104678  0.056851976  -9.264764
0.34454122  0.026197342  -9.37606
0.3620682  0.024445476  -9.509812
0.37317485  0.035354607  -9.670464
0.358518  0.026964247  -9.8293495
0.27907777  0.0037497072  -9.965485
0.22334716  -0.018694552  -10.105462
0.22875312  -5.4435025E-4  -10.243858
0.08990329  0.039165035  -10.335489
-0.19711562  0.054604083  -10.3033495
-0.4185362  0.011591773  -10.189216
-0.46378967  -0.046897978  -10.090656
-0.39738902  -0.08051418  -10.050724
-0.3362199  -0.088596575  -10.03552
-0.34848273  -0.09174724  -10.021303
-0.37807667  -0.12772201  -9.942052
-0.3222116  -0.15854087  -9.772928
-0.16263495  -0.1621513  -9.573459
-0.041642997  -0.16199075  -9.457012
-0.062676154  -0.18812345  -9.465872
-0.1592069  -0.2183134  -9.493805
-0.22855747  -0.22816001  -9.460633
-0.23057915  -0.21092063  -9.363266
-0.18532011  -0.20671017  -9.249116
-0.11263368  -0.22078678  -9.155833
-0.02430561  -0.24165869  -9.107393
0.069320865  -0.23818243  -9.127685
0.17256351  -0.2151509  -9.230251
0.28494263  -0.18785855  -9.411288
0.39603385  -0.15859218  -9.631959
0.46931556  -0.14241649  -9.827729
0.4730811  -0.13709942  -9.987247
0.54687077  -0.113402724  -10.163792
0.70877916  -0.019348383  -10.362155
0.6622972  0.063820176  -10.508549
0.3510504  0.10013398  -10.5007925
0.065058105  0.1096851  -10.366905
-0.028483985  0.14379422  -10.234736
-0.017456446  0.15983692  -10.1560335
-0.04843213  0.13303055  -10.0949955
-0.1388847  0.10225051  -10.027471
-0.20679191  0.06856397  -9.945513
-0.21999747  0.019997032  -9.812244
-0.1791217  -0.018058995  -9.636027
-0.12601271  -0.013226715  -9.473867
-0.12411896  0.034581564  -9.399835
-0.16143592  0.10083339  -9.392211
-0.16437417  0.13394341  -9.380526
-0.13582525  0.08831748  -9.314783
-0.12959543  0.034678143  -9.1924
-0.14173709  0.005984117  -9.076837
-0.12538898  1.5165757E-4  -9.0552635
-0.07476195  0.004144181  -9.133948
-0.043188244  0.011494871  -9.279129
-0.0528813  0.008742501  -9.434944
-0.1157192  -0.018465348  -9.587237
-0.2304022  -0.05493496  -9.743663
-0.2706401  -0.110265434  -9.956614
-0.22693183  -0.11103902  -10.205429
-0.33694682  -0.044859417  -10.413214
-0.57225823  0.012232808  -10.486491
-0.72521615  0.0010642859  -10.468964
-0.7159755  -0.066295825  -10.434664
-0.6374883  -0.121088564  -10.405999
-0.5694388  -0.15329874  -10.349796
-0.55488604  -0.15210262  -10.240468
-0.6019734  -0.13851586  -10.1127405
-0.66649383  -0.14869158  -9.978348
-0.6679983  -0.16171932  -9.795581
-0.61044663  -0.13640329  -9.545499
-0.5533304  -0.08670896  -9.317654
-0.55428654  -0.08469336  -9.213675
-0.60818094  -0.09945077  -9.209234
-0.63469154  -0.07214429  -9.201194
-0.58863354  -0.005112753  -9.158404
-0.4976173  0.025144702  -9.118937
-0.4065736  -0.017053612  -9.1227045
-0.32933816  -0.041240558  -9.183802
-0.24825984  -0.028970364  -9.299415
-0.16137205  9.391572E-5  -9.461803
-0.07828628  0.020512808  -9.640831
-0.03345349  0.034755904  -9.819484
0.015765984  0.02022281  -10.018312
0.12030387  0.040863346  -10.220909
0.042131823  0.07451225  -10.371421
-0.27617633  0.08332651  -10.413986
-0.55422425  0.043237284  -10.357513
-0.63645864  0.014469754  -10.268071
-0.55308336  0.029851057  -10.17439
-0.40157685  0.025717843  -10.081974
-0.26610473  -0.0066322773  -10.001882
-0.19930488  -0.039725415  -9.943083
-0.18320182  -0.07491411  -9.877624
-0.15639086  -0.1006232  -9.730074
-0.08968243  -0.109676406  -9.510778
-0.025295522  -0.0997514  -9.299752
-0.0097129205  -0.060942944  -9.200409
-0.023749184  -1.806756E-4  -9.175587
-0.050927307  0.041149598  -9.150599
-0.045319468  0.050179735  -9.084576
0.01237244  0.06248194  -9.010221
0.11008251  0.09590821  -8.978777
0.22382468  0.13446335  -9.012536
0.3121194  0.14479329  -9.108571
0.3528815  0.15673934  -9.253672
0.37037864  0.2054754  -9.430058
0.3483546  0.2480378  -9.621376
0.33787873  0.24212025  -9.841142
0.38127366  0.19703113  -10.068917
0.31248298  0.17143472  -10.264213
0.097719215  0.18750362  -10.358621
-0.089888334  0.19206943  -10.355561
-0.150735  0.1536786  -10.322811
-0.102837056  0.064297274  -10.2953005
-0.036066838  -0.013259676  -10.263857
-0.0030868086  -0.03839804  -10.198559
-0.020799775  -0.017685505  -10.09508
-0.05444295  -7.75569E-4  -9.958639
-0.04345307  -0.009433474  -9.757433
0.024981102  -0.035720102  -9.517402
0.09065146  -0.04612328  -9.316988
0.093593135  -0.067781374  -9.242613
0.043649375  -0.113024645  -9.272163
-0.0082684215  -0.14447887  -9.314445
-0.014807739  -0.12739675  -9.3257
0.026651345  -0.08335178  -9.315552
0.088337906  -0.048687816  -9.315175
0.12750867  -0.046488244  -9.34552
0.12191207  -0.060028367  -9.422671
0.10801028  -0.057405066  -9.558476
0.11221748  -0.03843545  -9.7437525
0.10751913  -0.01864952  -9.933079
0.08761027  -0.010380215  -10.110838
0.14655294  -0.0047659706  -10.305969
0.19493146  0.031944197  -10.499355
-0.019572258  0.047477245  -10.630819
-0.36298475  0.058926795  -10.620781
-0.6172864  0.09599745  -10.520121
-0.6750456  0.13530006  -10.40446
-0.64181936  0.13557594  -10.3068495
-0.60498303  0.11434429  -10.201459
-0.59021723  0.07880645  -10.080451
-0.57101095  0.04521943  -9.9434395
-0.50212884  -0.007184005  -9.7679205
-0.39075565  -0.052555252  -9.56303
-0.2778068  -0.062704846  -9.372292
-0.21240894  -0.034954216  -9.257648
-0.17986405  0.013684436  -9.2071705
-0.13243683  0.06069616  -9.169729
-0.0368915  0.09059251  -9.123385
0.08165854  0.1140975  -9.087578
0.18609971  0.13024862  -9.089082
0.24156898  0.1230087  -9.140797
0.24582434  0.10796507  -9.237165
0.23988163  0.13348381  -9.383909
0.25124696  0.20202728  -9.564373
0.21474348  0.25735912  -9.73794
0.12075349  0.26057062  -9.878571
0.098562405  0.22175883  -10.032462
0.16176824  0.22861919  -10.2113085
0.069731526  0.24774852  -10.357949
-0.18371685  0.2295541  -10.373891
-0.36545673  0.18356687  -10.28177
-0.34780812  0.12706581  -10.180229
-0.22274934  0.06972249  -10.130228
-0.10748004  0.022717511  -10.099869
-0.09916372  0.025236547  -10.043156
-0.17311107  0.07037886  -9.949665
-0.24850497  0.10226048  -9.804356
-0.27407524  0.08964717  -9.583811
-0.2708475  0.03572012  -9.330785
-0.27652463  -0.03532773  -9.137412
-0.31560448  -0.10380608  -9.076391
-0.34409708  -0.1426686  -9.0803795
-0.31626052  -0.14883299  -9.087654
-0.20347434  -0.13354559  -9.084111
-0.03344918  -0.11350201  -9.116815
0.124068685  -0.095036365  -9.20671
0.21439034  -0.06834723  -9.342386
0.23440851  -0.041077416  -9.500713
0.21083653  -0.038613457  -9.670479
0.18348594  -0.050245333  -9.837537
0.14698091  -0.020433143  -10.003196
0.15713106  0.045797735  -10.19439
0.24023607  0.1316391  -10.397267
0.18046755  0.18501633  -10.546649
-0.05059128  0.21746702  -10.568332
-0.22874801  0.26247856  -10.481064
-0.2883818  0.31903893  -10.362625
-0.28751734  0.32645392  -10.254934
-0.24811707  0.2704339  -10.141467
-0.19822954  0.16930315  -10.02048
-0.16072789  0.052308507  -9.914303
-0.13332845  -0.036680292  -9.827767
-0.07498473  -0.083469525  -9.693517
0.021352055  -0.07336106  -9.498161
0.11477922  -0.031575106  -9.316477
0.14904131  0.028743474  -9.241601
0.13230176  0.07149628  -9.241471
0.11838189  0.09556632  -9.2379055
0.16110533  0.10241259  -9.191171
0.22333659  0.10479612  -9.139543
0.25957152  0.118924454  -9.123995
0.25279114  0.1547361  -9.164908
0.22772403  0.20763536  -9.258261
0.20418543  0.27597412  -9.404758
0.19602217  0.34059933  -9.590694
0.15111208  0.39991036  -9.77835
0.049403373  0.42432454  -9.934445
0.0053463946  0.39261657  -10.110018
0.0694012  0.36322096  -10.314821
-0.002949151  0.37085506  -10.485679
-0.26172853  0.3429194  -10.519911
-0.4683166  0.28277764  -10.427101
-0.52547514  0.20138052  -10.304528
-0.5103298  0.14784604  -10.208673
-0.49587837  0.10800709  -10.130491
-0.5110409  0.07847255  -10.059692
-0.529142  0.060779627  -9.970266
-0.5133717  0.043985862  -9.8277235
-0.45832413  0.03659248  -9.640531
-0.41151553  0.034984585  -9.47962
-0.4219974  0.012774929  -9.407971
-0.47224885  -0.029524328  -9.403781
-0.51845974  -0.045955297  -9.415831
-0.5381767  -0.006551104  -9.421714
-0.5503834  0.046506297  -9.4281435
-0.5676587  0.06644872  -9.426316
-0.59890074  0.06592298  -9.428662
-0.6302765  0.090960585  -9.454968
-0.67015135  0.1470359  -9.521664
-0.7377336  0.20711449  -9.62376
-0.8209376  0.24615432  -9.740956
-0.9087431  0.2525202  -9.857293
-1.0286019  0.26062495  -9.930685
-1.1904434  0.27055418  -9.971694
-1.192596  0.25094056  -10.072596
-0.98823893  0.31484517  -10.243291
-0.987364  0.38632333  -10.351308
-1.2333057  0.40351  -10.312993
-1.3736349  0.40588522  -10.201488
-1.3636028  0.40302536  -10.110016
-1.321014  0.3687411  -10.042961
-1.3352292  0.30288243  -9.985933
-1.3675799  0.2570272  -9.937814
-1.3328018  0.2549696  -9.854297
-1.2171228  0.3104406  -9.721948
-1.1006253  0.36991975  -9.585325
-1.0442603  0.40722266  -9.514173
-1.0261798  0.43524408  -9.507853
-0.9890252  0.45522904  -9.513113
-0.9160581  0.4340249  -9.505868
-0.8577909  0.39185542  -9.482964
-0.8315149  0.36323383  -9.457791
-0.8152101  0.3625988  -9.456844
-0.8074256  0.3701088  -9.48539
-0.811215  0.3472798  -9.541858
-0.8290013  0.34039813  -9.60146
-0.8627041  0.3343653  -9.660237
-0.89075124  0.35354117  -9.716638
-0.89270896  0.3651001  -9.775086
-0.8758644  0.39060664  -9.836004
-0.8593082  0.42533103  -9.889112
-0.8790688  0.44870123  -9.930463
-0.9228463  0.4581453  -9.944924
-0.96538734  0.47694722  -9.92903
-0.98449147  0.5210529  -9.889567
-0.9848702  0.5864328  -9.836114
-0.9794532  0.64769924  -9.772419
-0.97940934  0.6980688  -9.703879
-0.986169  0.7203088  -9.669906
-0.97657216  0.689573  -9.661039
-0.8896603  0.64105827  -9.596473
-0.7226845  0.6210925  -9.460855
-0.5495112  0.6493385  -9.347037
-0.45139083  0.6811529  -9.346343
-0.41422784  0.68225896  -9.420803
-0.3761766  0.65019715  -9.469871
-0.3318724  0.57174116  -9.480188
-0.2831019  0.46979496  -9.4825
-0.22862358  0.3960861  -9.502135
-0.18918456  0.35780394  -9.534109
-0.17274004  0.3557305  -9.568251
-0.16990401  0.36418456  -9.604889
-0.17580411  0.34399128  -9.648281
-0.20238833  0.3016729  -9.684938
-0.229848  0.26470128  -9.70174
-0.23139963  0.2561501  -9.702666
-0.20366374  0.25699627  -9.715365
-0.18226331  0.2412493  -9.738139
-0.21282397  0.16217355  -9.754067
-0.22392556  0.090924166  -9.7616825
-0.15761518  0.102047384  -9.770493
-0.09161678  0.12083447  -9.78861
-0.08675572  0.119275086  -9.798359
-0.10443735  0.09455155  -9.801558
-0.122926794  0.067734584  -9.796308
-0.13665538  0.049889125  -9.783332
-0.14415383  0.03707327  -9.767865
-0.15124436  0.01912205  -9.755245
-0.17386098  -0.013199338  -9.748669
-0.19433074  -0.054986186  -9.750155
-0.1895632  -0.07683214  -9.761031
-0.17090504  -0.078286424  -9.779501
-0.16301502  -0.08187272  -9.79894
-0.17264774  -0.102731995  -9.813476
-0.17793511  -0.12072421  -9.826879
-0.1645505  -0.11409677  -9.838465
-0.14568473  -0.09901702  -9.85049
-0.13216954  -0.09086474  -9.855625
-0.12036224  -0.09221871  -9.85083
-0.10966264  -0.09200326  -9.83488
-0.099331275  -0.066774465  -9.812963
-0.07741403  -0.035602644  -9.796896
-0.057326768  -0.032818746  -9.793272
-0.045698818  -0.04389206  -9.79343
-0.0389953  -0.045931347  -9.785367
-0.025873695  -0.038549125  -9.766793
-0.0013067385  -0.03290185  -9.750197
0.024935497  -0.024039501  -9.740901
0.045877285  -0.014105344  -9.738498
0.056813672  -0.008325617  -9.74212
0.06478959  -0.011235299  -9.753495
0.0699222  -0.016398208  -9.766209
0.07886357  -0.017477604  -9.766257
0.096894436  -0.012386673  -9.76032
0.1287529  -0.003368749  -9.757612
0.16267596  0.00929596  -9.76395
