-0.020132853  0.103450574  -10.08324
-0.049503688  0.1311401  -10.061423
-0.05816821  0.10306909  -10.050063
-0.053076934  0.063744195  -10.020756
-0.04300394  0.043331325  -9.984407
-0.037227  0.029504292  -9.9564
-0.032079127  0.019219352  -9.928727
-0.02848177  0.0043991134  -9.904883
-0.026291957  -0.007737539  -9.877424
-0.026270611  -0.010492074  -9.857666
-0.028725415  -0.013277219  -9.84691
-0.04010914  -0.016505165  -9.84066
-0.054779343  -0.016752306  -9.828953
-0.06398048  -0.018769575  -9.808754
-0.06576737  -0.022225471  -9.790041
-0.056124613  -0.026507106  -9.780241
-0.044634346  -0.03421384  -9.784008
-0.03807266  -0.043167803  -9.788213
-0.03433581  -0.050791927  -9.785214
-0.028219424  -0.05152444  -9.775436
-0.015997209  -0.051150903  -9.767107
-0.0052750055  -0.06047468  -9.759263
-0.0013074345  -0.07190285  -9.7457
0.0032065734  -0.07784014  -9.724421
0.017413953  -0.08145638  -9.694867
0.039811872  -0.088999905  -9.662444
0.076269075  -0.102704614  -9.62857
0.12795019  -0.120480575  -9.6038065
0.19481546  -0.14132214  -9.593232
0.26847363  -0.15954952  -9.596931
0.33532873  -0.1820115  -9.606903
0.39266294  -0.20831096  -9.616174
0.4420044  -0.23273997  -9.625173
0.48996878  -0.25087705  -9.636675
0.53124636  -0.2638491  -9.6474085
0.5606816  -0.27742073  -9.65317
0.57308066  -0.30026108  -9.648889
0.5736601  -0.32412836  -9.639146
0.56576985  -0.35080427  -9.625361
0.5617562  -0.3864755  -9.613429
0.5777135  -0.4355782  -9.611975
0.6178166  -0.4676679  -9.625753
0.6594796  -0.45119682  -9.644765
0.6721948  -0.4091603  -9.651626
0.6766535  -0.38000357  -9.639004
0.7069201  -0.37373704  -9.616554
0.7669371  -0.37886107  -9.60142
0.84073615  -0.3572581  -9.600167
0.9016661  -0.32740623  -9.612857
0.93923205  -0.31562027  -9.627196
0.95576966  -0.32102764  -9.632121
0.96104836  -0.3166664  -9.625579
0.97606534  -0.3031533  -9.607532
0.99468535  -0.28738138  -9.587317
1.014975  -0.2785738  -9.569953
1.0435917  -0.2710456  -9.565454
1.0843165  -0.2716785  -9.573937
1.1128044  -0.27784008  -9.597346
1.1319568  -0.28312302  -9.638479
1.144583  -0.26805094  -9.704423
1.1424702  -0.2454655  -9.799955
1.1184804  -0.22912404  -9.904652
1.0642453  -0.24249044  -9.998748
1.0255383  -0.29298118  -10.078015
1.0396482  -0.3408644  -10.152141
1.0280603  -0.35410568  -10.208046
0.9067426  -0.35590228  -10.231482
0.77785534  -0.3559718  -10.201556
0.6942837  -0.34620732  -10.155301
0.6751638  -0.35071325  -10.110136
0.6938233  -0.35318834  -10.078698
0.71333647  -0.34155056  -10.056778
0.7221435  -0.3123101  -10.030783
0.7093542  -0.2821828  -9.993514
0.6861152  -0.26939097  -9.941826
0.65819776  -0.27779892  -9.877612
0.6331087  -0.30214506  -9.800844
0.623507  -0.32977733  -9.713755
0.6208335  -0.3463268  -9.637109
0.60928017  -0.32952812  -9.590822
0.5906403  -0.29379165  -9.582593
0.5835117  -0.26457646  -9.598078
0.59103084  -0.23492992  -9.621302
0.61816645  -0.18669423  -9.64968
0.6532041  -0.11744318  -9.685103
0.67672926  -0.05973757  -9.74075
0.68883646  -0.041727714  -9.827591
0.7013824  -0.04364047  -9.936623
0.66365737  -0.024055028  -10.050676
0.61248064  -0.053728566  -10.176031
0.6263539  -0.093909994  -10.327902
0.57485163  -0.10278682  -10.463396
0.29068124  -0.06200881  -10.519139
-0.07254577  -0.008044  -10.43922
-0.35749352  0.027222143  -10.280096
-0.5005231  0.034034457  -10.0993805
-0.53841645  0.031440325  -9.936366
-0.52761465  0.032261312  -9.811698
-0.5083214  0.016730186  -9.716909
-0.49139202  -0.015271723  -9.619863
-0.43346426  -0.066745326  -9.500807
-0.3484559  -0.12928765  -9.394965
-0.28592825  -0.17625971  -9.33266
-0.26980487  -0.1848098  -9.318683
-0.26969036  -0.17920716  -9.314396
-0.23348466  -0.16963738  -9.307471
-0.16894202  -0.1606406  -9.300888
-0.10404078  -0.14157046  -9.309349
-0.06039327  -0.10367032  -9.347119
-0.050659478  -0.069343485  -9.412789
-0.078644805  -0.021687794  -9.498218
-0.121638335  0.04264185  -9.60393
-0.16111735  0.12941372  -9.723824
-0.2246107  0.19716229  -9.837888
-0.2941798  0.19399616  -9.947416
-0.28622192  0.17090152  -10.06149
-0.27243876  0.20225954  -10.1710415
-0.33026212  0.2465014  -10.236639
-0.38562363  0.2702571  -10.244981
-0.388523  0.23254895  -10.220632
-0.3435042  0.17498763  -10.181987
-0.30427098  0.13222916  -10.118512
-0.29062474  0.12547232  -10.010552
-0.29753035  0.15648533  -9.8609085
-0.30989727  0.17780639  -9.696862
-0.29912072  0.16164057  -9.515872
-0.24503261  0.10524171  -9.299289
-0.17694986  0.039914023  -9.094757
-0.13105452  0.0067529287  -8.969086
-0.12254984  0.0046104398  -8.969487
-0.124681726  -0.0020504363  -9.038375
-0.11625492  -0.04495563  -9.123804
-0.06426625  -0.071966164  -9.206954
0.02898856  -0.039984133  -9.291264
0.0985081  0.01093497  -9.389674
0.11969478  0.03539224  -9.498072
0.13674375  0.039676607  -9.622528
0.17047796  0.02217006  -9.742972
0.17679328  -0.031561077  -9.863527
0.20717824  -0.08600259  -10.019554
0.27809784  -0.036924634  -10.177651
0.15359583  0.066861145  -10.2837
-0.0560578  0.11715455  -10.276009
-0.1283521  0.1311931  -10.229046
-0.053352263  0.14631696  -10.206022
0.016340585  0.1504153  -10.211308
0.024758892  0.14585085  -10.2039795
-0.028318722  0.12769115  -10.147586
-0.113050446  0.07910775  -10.034895
-0.18502203  0.006430063  -9.896
-0.1994434  -0.055901244  -9.742201
-0.1594132  -0.093323536  -9.574129
-0.100247785  -0.11943063  -9.397157
-0.039074708  -0.11555188  -9.268271
0.025688145  -0.06011758  -9.224001
0.08301819  0.0036519936  -9.230839
0.08312339  0.041864417  -9.242284
0.06488723  0.04742446  -9.2447605
0.056127314  0.050853472  -9.274003
0.06277911  0.06427371  -9.349439
0.06545131  0.07878343  -9.463473
0.066164166  0.09388383  -9.592069
0.057983425  0.10467317  -9.72145
0.052378986  0.044045273  -9.862179
0.10563129  -0.059247907  -10.045426
0.17920896  -0.13658644  -10.232499
0.08040433  -0.138879  -10.370368
-0.09407644  -0.10667227  -10.406308
-0.17491928  -0.10589696  -10.376873
-0.14583632  -0.15059812  -10.330245
-0.11293605  -0.2037129  -10.276732
-0.14316829  -0.24725254  -10.207054
-0.22729126  -0.2561871  -10.095389
-0.3029231  -0.25639015  -9.954265
-0.3330852  -0.27438232  -9.795452
-0.28105885  -0.30714646  -9.605616
-0.19243897  -0.33084556  -9.418892
-0.13400123  -0.33798566  -9.284775
-0.12635279  -0.35415056  -9.24774
-0.11304968  -0.37518173  -9.241486
-0.0651456  -0.38439667  -9.213989
0.00760862  -0.36795038  -9.170805
0.06899101  -0.34998268  -9.162129
0.09891951  -0.32146668  -9.212768
0.08986418  -0.29771858  -9.325594
0.07591633  -0.26751992  -9.481199
0.07214181  -0.23857743  -9.650189
0.041215185  -0.19384591  -9.787422
0.020846475  -0.21532361  -9.942298
0.1787888  -0.22716908  -10.135264
0.31741932  -0.109034166  -10.313359
0.151657  0.0120090945  -10.383144
-0.0823453  0.045225073  -10.331543
-0.18614946  0.031764876  -10.270263
-0.18934347  0.030636717  -10.238487
-0.2007363  0.03199321  -10.218552
-0.24378678  0.029566556  -10.171465
-0.31827763  0.019701965  -10.092934
-0.39814487  -0.003411115  -9.9905
-0.43605578  -0.023083445  -9.8611145
-0.39808658  -0.038987305  -9.678613
-0.32902443  -0.04267568  -9.4787655
-0.29314527  -0.030206863  -9.319226
-0.29411083  0.0120668365  -9.253657
-0.28905568  0.06394909  -9.2392435
-0.25859696  0.10166531  -9.22547
-0.2149167  0.12438158  -9.20708
-0.18992284  0.1524291  -9.20567
-0.19816744  0.18307689  -9.241368
-0.2185489  0.2087748  -9.319139
-0.21869414  0.23299499  -9.4332695
-0.20685747  0.25443992  -9.562703
-0.2282758  0.24856223  -9.689996
-0.23695783  0.13859038  -9.8444395
-0.16298662  -0.0010609729  -10.04003
-0.1486483  -0.03529929  -10.2126465
-0.31871027  -0.0025988594  -10.292823
-0.47496083  0.0033688413  -10.266277
-0.517306  -0.03384756  -10.2163725
-0.46713743  -0.06651143  -10.185563
-0.42005345  -0.07808653  -10.167221
-0.40878984  -0.07458879  -10.128868
-0.43436927  -0.072697304  -10.05916
-0.48835087  -0.08209473  -9.985878
-0.5133016  -0.10503618  -9.859145
-0.46795395  -0.13796155  -9.651275
-0.39711943  -0.16880365  -9.412761
-0.37420362  -0.20419237  -9.257112
-0.41390654  -0.25396326  -9.219068
-0.4432088  -0.29539546  -9.21213
-0.4193034  -0.3208787  -9.186872
-0.3542086  -0.31512648  -9.151966
-0.2788872  -0.30429098  -9.146027
-0.22042322  -0.26609606  -9.188966
-0.17758714  -0.20650715  -9.281914
-0.14584173  -0.16026671  -9.415329
-0.11548992  -0.16202459  -9.570865
-0.115664124  -0.18270755  -9.719871
-0.15703605  -0.19216976  -9.863677
-0.1354604  -0.17465036  -10.044266
-0.06900331  -0.06464867  -10.219675
-0.21374479  0.022282736  -10.315599
-0.45753616  0.056162324  -10.270743
-0.5799773  0.08536872  -10.186439
-0.5433092  0.14871505  -10.146043
-0.46886778  0.17219952  -10.1485615
-0.4311984  0.13560298  -10.138133
-0.42509264  0.07982441  -10.09452
-0.4145443  0.048449952  -10.027318
-0.36041763  0.03427129  -9.9121275
-0.25945434  0.023962066  -9.728056
-0.18163727  0.019005153  -9.528285
-0.16446948  0.021691423  -9.38245
-0.17916103  0.051672157  -9.328999
-0.1600151  0.09023337  -9.307597
-0.10477023  0.11080107  -9.282016
-0.039232142  0.11758968  -9.241518
0.025200386  0.13127817  -9.212732
0.07615651  0.15875165  -9.22402
0.10731912  0.17363909  -9.28374
0.11129143  0.16941838  -9.383525
0.10016539  0.15827657  -9.506862
0.08970492  0.16663258  -9.635011
0.07442597  0.1817115  -9.760646
0.07936791  0.13841555  -9.896552
0.14155525  0.06442576  -10.066674
0.20102096  0.009362342  -10.239708
0.11574694  -0.0043851202  -10.363425
-0.043527648  -0.012068998  -10.395824
-0.15402712  -0.06857447  -10.359388
-0.212035  -0.13573079  -10.298426
-0.23042049  -0.16616535  -10.2184
-0.25397292  -0.15337145  -10.121873
-0.29410392  -0.1284658  -10.016638
-0.3107823  -0.12806341  -9.896452
-0.26656285  -0.14376198  -9.719421
-0.18358561  -0.16333877  -9.518181
-0.12918875  -0.177848  -9.368877
-0.11994356  -0.1983005  -9.337035
-0.11914432  -0.21466555  -9.345126
-0.09094851  -0.20699227  -9.317957
-0.015809402  -0.17755659  -9.248158
0.08882218  -0.13570678  -9.188113
0.19116104  -0.109922156  -9.170844
0.266395  -0.105182886  -9.199885
0.32018566  -0.09202288  -9.274248
0.3726453  -0.074943155  -9.395336
0.4124014  -0.06638238  -9.562475
0.43255123  -0.06890114  -9.757801
0.42624453  -0.08212447  -9.935831
0.3770868  -0.084411375  -10.073166
0.35655198  -0.095690034  -10.213728
0.41684046  -0.026655015  -10.361989
0.30138072  0.06132777  -10.464037
-0.01027562  0.08883767  -10.4361515
-0.22330767  0.05672563  -10.30941
-0.25129783  0.045166075  -10.191997
-0.20868072  0.06612092  -10.118919
-0.19644232  0.06615175  -10.069373
-0.22180633  0.042737048  -10.007065
-0.2444101  0.0013575538  -9.897929
-0.22325218  -0.035296764  -9.720819
-0.16024292  -0.047581088  -9.518657
-0.10361471  -0.039896917  -9.357302
-0.08128921  -0.023179581  -9.269175
-0.08589823  -0.0234731  -9.226499
-0.06721077  -0.030039646  -9.193759
-0.007205165  -0.032078613  -9.172572
0.055109162  -0.03672182  -9.172393
0.095930256  -0.036490172  -9.205022
0.11073821  -0.027419338  -9.275096
0.111750506  -0.010960131  -9.377937
0.09573556  0.007681078  -9.514366
0.074796505  0.025884409  -9.66445
0.035424486  0.046700228  -9.805158
-0.023850402  0.016853757  -9.945303
0.0036821  -0.0642507  -10.120354
0.052906148  -0.1201468  -10.302105
-0.051193424  -0.11164388  -10.418432
-0.24258268  -0.11561827  -10.417068
-0.34261924  -0.15334684  -10.356627
-0.34220576  -0.21235341  -10.290323
-0.32074663  -0.26697677  -10.226207
-0.3140078  -0.30609515  -10.139575
-0.3224625  -0.32911927  -10.029459
-0.3437641  -0.33429474  -9.919775
-0.35168415  -0.3544754  -9.813922
-0.32579744  -0.39468154  -9.6594515
-0.24616137  -0.42924824  -9.467694
-0.16553771  -0.41622365  -9.319351
-0.15048888  -0.38384238  -9.287808
-0.18515468  -0.3635328  -9.330925
-0.20780553  -0.3409019  -9.354544
-0.19611555  -0.30854627  -9.334865
-0.16459824  -0.27704597  -9.297329
-0.1324939  -0.24398613  -9.289339
-0.100713685  -0.19895156  -9.337352
-0.071452565  -0.14255083  -9.442885
-0.051490456  -0.087925  -9.587599
-0.027679874  -0.052556776  -9.741043
-0.037991334  -0.047767047  -9.871587
-0.08420485  -0.09929122  -9.997735
-0.046886604  -0.10580819  -10.158126
0.012741764  -0.048847362  -10.302599
-0.16010283  -0.018321432  -10.3591
-0.36701372  -0.03124339  -10.291357
-0.42524529  -0.033376936  -10.19927
-0.3589543  0.0011325106  -10.140697
-0.27885038  0.013064804  -10.107752
-0.24419373  -0.0061340933  -10.067518
-0.27093887  -0.049179543  -10.002998
-0.2997517  -0.08688055  -9.889336
-0.2563785  -0.101006515  -9.705909
-0.14675005  -0.06741771  -9.496607
-0.05123475  -0.012901681  -9.334701
-0.00915665  0.03281425  -9.2707205
0.017271059  0.060077973  -9.253978
0.058945905  0.0811598  -9.2366
0.12422966  0.10351448  -9.210733
0.19455545  0.12877618  -9.204229
0.24040274  0.13997287  -9.224227
0.2436561  0.15116605  -9.260508
0.23007758  0.17204612  -9.317908
0.23486634  0.20800808  -9.403204
0.24828267  0.251822  -9.516955
0.26393852  0.28615406  -9.635192
0.2679106  0.2699183  -9.761291
0.29942852  0.20308448  -9.921406
0.35429642  0.15778731  -10.101691
0.27221274  0.17206357  -10.245381
0.046259884  0.18472305  -10.297674
-0.1257423  0.14284214  -10.268606
-0.17881352  0.06755808  -10.216464
-0.1625897  -0.010292581  -10.161933
-0.13545714  -0.06558945  -10.100236
-0.12698822  -0.06851501  -10.025261
-0.14598761  -0.04236493  -9.953346
-0.16481721  -0.044268902  -9.852526
-0.14489093  -0.07990398  -9.6800375
-0.1036554  -0.12526794  -9.489491
-0.087670594  -0.1664202  -9.368805
-0.103109695  -0.20698394  -9.365445
-0.12810984  -0.22634901  -9.3817425
-0.14343067  -0.21542199  -9.351441
-0.13196385  -0.19472222  -9.274044
-0.09818573  -0.19436918  -9.201137
-0.048518516  -0.17665856  -9.1877
0.020350913  -0.12855835  -9.255532
0.08360988  -0.08427405  -9.392006
0.13328254  -0.075370476  -9.566784
0.1880224  -0.09636783  -9.756055
0.22784917  -0.102385566  -9.934719
0.23990758  -0.12795846  -10.113461
0.2696883  -0.12804297  -10.278999
0.19483282  -0.099917  -10.382425
-0.05898798  -0.066258796  -10.367204
-0.25250366  -0.050460126  -10.256338
-0.2729526  -0.049608886  -10.160051
-0.18261974  -0.04001921  -10.11536
-0.10218984  -0.06394507  -10.107515
-0.057942696  -0.10171358  -10.092846
-0.067822784  -0.14556858  -10.054777
-0.094664454  -0.19278453  -9.963226
-0.07194008  -0.23036346  -9.788846
0.0032282618  -0.22493103  -9.563616
0.0846517  -0.17459358  -9.373497
0.13308917  -0.107903324  -9.282271
0.14246944  -0.053466253  -9.270349
0.15240452  -0.0022001485  -9.270664
0.18647699  0.042077538  -9.2604
0.21898782  0.08265531  -9.243921
0.2318608  0.13461863  -9.239436
0.23172253  0.20218676  -9.263502
0.22046459  0.26045263  -9.332482
0.19921508  0.29202476  -9.44668
0.18747838  0.3231681  -9.584534
0.18330817  0.34398282  -9.720047
0.21552584  0.32483187  -9.859954
0.30129194  0.27841794  -10.036126
0.3401411  0.27901658  -10.210635
0.1706925  0.28265008  -10.340581
-0.026175793  0.25692016  -10.377967
-0.11459582  0.21576725  -10.371528
-0.10408576  0.16780151  -10.348095
-0.07590624  0.13921122  -10.302452
-0.080011465  0.12106717  -10.211551
-0.11624036  0.114311144  -10.075032
-0.14010717  0.104403794  -9.918336
-0.107298605  0.06334742  -9.738492
-0.044993762  0.0061790105  -9.543715
-0.0040252153  -0.03691812  -9.382684
-0.008191816  -0.065344244  -9.318212
-0.034283176  -0.1040749  -9.342558
-0.048052255  -0.14001156  -9.35713
-0.041565105  -0.17232947  -9.316031
0.0040728087  -0.20481299  -9.228332
0.08040101  -0.23570052  -9.16426
0.16576561  -0.23962344  -9.169849
0.2143785  -0.22294368  -9.259926
0.2224944  -0.20446977  -9.411479
0.22499713  -0.1913844  -9.587762
0.21972111  -0.16641228  -9.7482815
0.2361698  -0.19046421  -9.93636
0.39480895  -0.16307014  -10.159791
0.46675456  -0.058229286  -10.367799
0.17984444  0.0030595243  -10.446712
-0.16636902  -0.028240679  -10.363301
-0.32121915  -0.06809868  -10.241547
-0.2808977  -0.038484532  -10.172414
-0.22018905  -0.009431098  -10.148859
-0.21922068  -0.026170423  -10.118395
-0.2687477  -0.09375889  -10.056424
-0.32494527  -0.1695811  -9.961395
-0.33003384  -0.21011245  -9.821793
-0.2673156  -0.19967021  -9.62095
-0.18485977  -0.15702318  -9.414752
-0.14002116  -0.1033021  -9.257785
-0.13299812  -0.037526157  -9.188188
-0.10322593  0.024392372  -9.154042
-0.04310564  0.07260312  -9.131066
0.014478014  0.10946991  -9.110137
0.026013924  0.14694165  -9.109256
0.018490806  0.19364774  -9.142374
0.032296922  0.25000042  -9.223798
0.06918924  0.29635265  -9.353585
0.09740785  0.30543527  -9.509725
0.04885831  0.2559012  -9.662227
-0.039230503  0.13991788  -9.805082
-0.066071905  -0.041633107  -9.963502
-0.09238386  -0.14160956  -10.114845
-0.2927731  -0.18617094  -10.214602
-0.52530146  -0.20832318  -10.226213
-0.6132307  -0.18487604  -10.201669
-0.53949076  -0.12780282  -10.183246
-0.4002805  -0.11229306  -10.169103
-0.31612986  -0.11280983  -10.130442
-0.32276243  -0.09900272  -10.05587
-0.33852446  -0.09460172  -9.95742
-0.30676255  -0.1358851  -9.789592
-0.21268702  -0.19945985  -9.550679
-0.11115604  -0.23788327  -9.304966
-0.0931252  -0.25609216  -9.180705
-0.1442498  -0.27642745  -9.189271
-0.18947662  -0.30737588  -9.231615
-0.1732649  -0.3230814  -9.228504
-0.11135135  -0.295481  -9.186688
-0.03646531  -0.23453678  -9.155884
0.030503966  -0.16470022  -9.178931
0.08888479  -0.10927581  -9.270243
0.13805956  -0.083477296  -9.428172
0.16982165  -0.08796437  -9.614122
0.14094995  -0.10170367  -9.792354
0.104146734  -0.1397039  -9.984136
0.18021196  -0.15136671  -10.210038
0.20760004  -0.098849766  -10.402517
0.0018734261  -0.055255797  -10.472859
-0.22334827  -0.028719816  -10.410153
-0.3183715  -0.012425569  -10.333378
-0.2998221  0.019798303  -10.29388
-0.26896638  0.033723988  -10.262736
-0.26185936  0.03335624  -10.188875
-0.28937045  0.028126143  -10.078647
-0.32234553  0.029525543  -9.959487
-0.32702017  0.03142272  -9.825205
-0.25436252  0.044806592  -9.635666
-0.12837465  0.06534267  -9.438353
-0.005876074  0.10204123  -9.309315
0.07940564  0.11219236  -9.2915535
0.12303408  0.08307568  -9.31051
0.16798414  0.047574714  -9.299483
0.22840522  0.045876782  -9.256489
0.27050042  0.07261088  -9.231448
0.26919684  0.09924767  -9.251236
0.22853325  0.10612681  -9.319811
0.17305315  0.11758039  -9.419464
0.12136838  0.14447434  -9.543021
0.08702243  0.17524764  -9.692498
0.06344211  0.21023338  -9.842289
-0.0026961174  0.23671202  -9.98611
-0.043586176  0.18791032  -10.13185
-0.021393958  0.12207616  -10.288371
-0.084193036  0.10451398  -10.402242
-0.3040747  0.11573635  -10.423358
-0.48415166  0.12660637  -10.359329
-0.53571784  0.11858675  -10.282941
-0.4992041  0.103226475  -10.215825
-0.48848528  0.08318446  -10.149863
-0.5303725  0.07737196  -10.0761795
-0.54878277  0.08488751  -9.950264
-0.49579617  0.08342509  -9.754055
-0.4196034  0.06543279  -9.551244
-0.3903152  0.04371241  -9.432643
-0.4130969  0.014015962  -9.421482
-0.43483192  -0.018635726  -9.424098
-0.42128047  -0.033881105  -9.395698
-0.36725876  -0.016858673  -9.339484
-0.31832725  0.026450057  -9.292235
-0.29512867  0.07529252  -9.268694
-0.28321865  0.11221565  -9.291483
-0.27295262  0.1400707  -9.3708935
-0.28550434  0.16076085  -9.502382
-0.3355406  0.1745522  -9.657568
-0.3968102  0.19749528  -9.806269
-0.4621376  0.25130427  -9.943441
-0.5439151  0.31680915  -10.040918
-0.7021279  0.35638112  -10.092949
-0.7918476  0.286269  -10.1786375
-0.664797  0.29060975  -10.325288
-0.67972744  0.4130205  -10.461199
-0.9428626  0.45159274  -10.460254
-1.2447664  0.34034532  -10.335579
-1.3886305  0.21431483  -10.193657
-1.3816752  0.1545434  -10.09953
-1.3923575  0.1269708  -10.042827
-1.4480288  0.13806108  -9.984987
-1.4704237  0.18019338  -9.896911
-1.4167597  0.2332798  -9.78337
-1.355082  0.29878283  -9.685652
-1.3567462  0.37194115  -9.634945
-1.4246062  0.44090477  -9.619331
-1.4819521  0.4816758  -9.58792
-1.4961065  0.46940175  -9.528438
-1.5166999  0.41458693  -9.452619
-1.5636585  0.3498058  -9.386488
-1.6103412  0.31920326  -9.354411
-1.619145  0.30704942  -9.375583
-1.5815232  0.2944519  -9.450744
-1.53088  0.27690312  -9.562911
-1.4770163  0.25554785  -9.686297
-1.4345044  0.24631867  -9.796913
-1.4185861  0.26587301  -9.873171
-1.4195436  0.2944724  -9.913549
-1.4250629  0.30647922  -9.929345
-1.4498785  0.2984189  -9.928696
-1.4797039  0.28573602  -9.910226
-1.4695797  0.29280305  -9.882499
-1.4194722  0.30955058  -9.857446
-1.3701088  0.31341454  -9.831094
-1.3350229  0.31394392  -9.792006
-1.3044951  0.3328369  -9.724834
-1.2930958  0.35182983  -9.66016
-1.2783074  0.31291747  -9.611789
-1.1910439  0.2303228  -9.522212
-1.0034574  0.15514746  -9.379191
-0.79382825  0.11539967  -9.232169
-0.6736865  0.08427501  -9.191827
-0.62822014  0.05120295  -9.257905
-0.5791784  0.024465362  -9.346327
-0.5082732  0.003149585  -9.39868
-0.42857906  -0.0012743606  -9.413692
-0.37041765  0.009045153  -9.424484
-0.33044556  0.03992108  -9.445843
-0.30209753  0.069104135  -9.4681225
-0.28960395  0.094341114  -9.49136
-0.28253925  0.117250055  -9.52519
-0.26173314  0.1334924  -9.566619
-0.22647478  0.13601397  -9.605172
-0.18021196  0.12562929  -9.633451
-0.136493  0.11116459  -9.664105
-0.115689464  0.10453095  -9.703605
-0.11744659  0.1101453  -9.749304
-0.12609941  0.11605815  -9.777573
-0.1456452  0.10012245  -9.779197
-0.15454443  0.079929575  -9.753916
-0.13568708  0.073773935  -9.723705
-0.11366166  0.072783716  -9.726893
-0.118901186  0.050958738  -9.727971
-0.24986427  -0.15245679  -9.723152
-0.2747367  -0.20557763  -9.723823
-0.15134878  -0.04760149  -9.780454
-0.07523685  0.03604744  -9.850886
-0.114915356  -0.020042343  -9.879528
-0.1580879  -0.10943533  -9.857144
-0.13489996  -0.14444543  -9.827987
-0.08568111  -0.13452178  -9.818374
-0.068520956  -0.12986653  -9.821497
-0.0932853  -0.13897894  -9.819868
-0.12409607  -0.14953177  -9.816575
-0.14078206  -0.15885563  -9.8219185
-0.14386219  -0.17035028  -9.834003
-0.15056978  -0.17798297  -9.842893
-0.1685745  -0.17308506  -9.842942
-0.18575883  -0.17734177  -9.831741
-0.19603536  -0.18486798  -9.811969
-0.1901901  -0.19772145  -9.787671
-0.17922126  -0.20295757  -9.766395
-0.16979499  -0.19860709  -9.750177
-0.15746386  -0.19351682  -9.735082
-0.13506679  -0.19124909  -9.729034
-0.1034278  -0.18852267  -9.735068
-0.08586006  -0.18049984  -9.751525
-0.08673414  -0.17998052  -9.769673
-0.09356711  -0.17945597  -9.781578
-0.09314337  -0.1682095  -9.78908
-0.08567563  -0.14952213  -9.79132
-0.08585708  -0.14262703  -9.788437
-0.09750203  -0.14839903  -9.780839
-0.097507745  -0.15461846  -9.773763
-0.089392476  -0.15706688  -9.775139
-0.090589195  -0.16984534  -9.778758
-0.10056097  -0.18543495  -9.77348
-0.100277595  -0.18633701  -9.738644
-0.09131889  -0.18469402  -9.729187
-0.09081533  -0.19678162  -9.750365
-0.10099112  -0.21614987  -9.785552
-0.10572733  -0.23206985  -9.776771
