0.010469352  -6.3186616E-4  -10.066327
0.002944035  0.010685377  -9.973907
-0.022541914  0.010444728  -9.910495
-0.036228117  0.0019978923  -9.877481
-0.039741855  -0.012004471  -9.840413
-0.041106317  -0.028156746  -9.791881
-0.05167343  -0.03936555  -9.761905
-0.058507353  -0.048387907  -9.755858
-0.057333335  -0.054137185  -9.760044
-0.052960284  -0.06478534  -9.7583065
-0.047792833  -0.08493156  -9.748507
-0.048400514  -0.11181544  -9.738261
-0.05363146  -0.13625048  -9.736584
-0.06260872  -0.1493129  -9.738952
-0.069798544  -0.15041032  -9.741144
-0.07945918  -0.14331351  -9.742467
-0.08863184  -0.13598987  -9.74525
-0.08777867  -0.132465  -9.748589
-0.08448216  -0.13048887  -9.745451
-0.08484242  -0.12477951  -9.739083
-0.08936533  -0.11503848  -9.732321
-0.09988023  -0.10503162  -9.731275
-0.110811  -0.09484194  -9.735172
-0.112556934  -0.08633324  -9.739406
-0.11038437  -0.081204504  -9.740167
-0.110301055  -0.07547454  -9.7398815
-0.109912604  -0.06622733  -9.738521
-0.10934338  -0.055898342  -9.7350025
-0.11039784  -0.04782427  -9.728405
-0.11776589  -0.037114788  -9.7205515
-0.13099739  -0.027089959  -9.714689
-0.14747891  -0.016742278  -9.71207
-0.16095956  -0.010632867  -9.710878
-0.17021653  -0.0051202383  -9.709789
-0.18264939  0.0011577647  -9.702399
-0.20049122  0.008157701  -9.691023
-0.22189435  0.016301256  -9.678454
-0.24839014  0.02329677  -9.670738
-0.2795325  0.030948645  -9.666876
-0.31374863  0.0402103  -9.669723
-0.34765515  0.04359544  -9.680386
-0.37176126  0.043522824  -9.696289
-0.38488364  0.042235695  -9.704869
-0.39426294  0.04235431  -9.703239
-0.41156527  0.04190174  -9.6943
-0.4362726  0.044504825  -9.6855955
-0.46744794  0.051674794  -9.679825
-0.5109488  0.06096815  -9.677179
-0.56128985  0.05991482  -9.674691
-0.6064431  0.056341097  -9.671176
-0.6462247  0.056067478  -9.669188
-0.6901743  0.049573515  -9.667339
-0.7300611  0.03896731  -9.6675
-0.75963247  0.021473374  -9.660978
-0.77608657  0.015972901  -9.653119
-0.79217637  0.009890536  -9.648717
-0.81516635  -0.007356887  -9.6470785
-0.8206455  -0.030403571  -9.64045
-0.81897736  -0.05105497  -9.622938
-0.8330092  -0.071674995  -9.605947
-0.86733574  -0.08909552  -9.599359
-0.8945578  -0.11426031  -9.598477
-0.90295887  -0.13179208  -9.598515
-0.9050384  -0.13324302  -9.598378
-0.9036694  -0.13117088  -9.598917
-0.89269996  -0.13210553  -9.600925
-0.89649886  -0.13407439  -9.604593
-0.9298799  -0.120755106  -9.615504
-0.9750167  -0.09609226  -9.632865
-1.0051357  -0.085772246  -9.65439
-1.0290507  -0.087299235  -9.676316
-1.0475056  -0.07404156  -9.696799
-1.0476642  -0.048795905  -9.714177
-1.0162529  -0.037027277  -9.721096
-0.95649725  -0.04136448  -9.71188
-0.8843099  -0.03884056  -9.680215
-0.8269906  -0.010565738  -9.62925
-0.79425913  0.017781911  -9.57012
-0.786858  0.0065065483  -9.521908
-0.8087415  -0.03015273  -9.493817
-0.8590853  -0.0469248  -9.495751
-0.9364042  -0.0014920101  -9.529347
-1.031663  0.09115305  -9.595452
-1.0894109  0.09198175  -9.671702
-1.057209  -0.040656816  -9.735728
-0.9912784  -0.19968848  -9.774321
-0.9546642  -0.30111042  -9.803629
-0.93575704  -0.31325746  -9.846703
-0.8866925  -0.28055108  -9.8908825
-0.7946518  -0.22870985  -9.929665
-0.72299683  -0.18665299  -9.984575
-0.7314773  -0.18848951  -10.077254
-0.72208583  -0.18492065  -10.194909
-0.5806342  -0.14811037  -10.290886
-0.38022128  -0.08999501  -10.332167
-0.23023474  -0.023383394  -10.327967
-0.1288135  0.01731577  -10.291403
-0.048115812  -0.013602156  -10.234745
-0.016826646  -0.1209908  -10.17064
-0.06905373  -0.21483622  -10.127425
-0.18332048  -0.20719834  -10.109708
-0.28206024  -0.102706276  -10.095331
-0.32143846  0.0077207107  -10.059259
-0.3459861  0.074565485  -9.992021
-0.3544193  0.106509656  -9.90935
-0.32959145  0.12713714  -9.80626
-0.27421445  0.1112763  -9.689921
-0.23008518  0.032392096  -9.576073
-0.21296051  -0.07246143  -9.494488
-0.2224281  -0.1264455  -9.456044
-0.24274981  -0.11861072  -9.457783
-0.25833288  -0.15550818  -9.493259
-0.28496554  -0.23927034  -9.57254
-0.3365101  -0.29551607  -9.705359
-0.40247378  -0.29339904  -9.872494
-0.40128833  -0.27863157  -10.0327835
-0.33882448  -0.32967573  -10.150261
-0.24938862  -0.42847311  -10.195524
-0.1911171  -0.46740386  -10.213279
-0.21920365  -0.56920654  -10.253229
-0.23285106  -0.66581714  -10.341236
-0.023893354  -0.67911035  -10.421546
0.29219687  -0.63652664  -10.399723
0.5652301  -0.5403222  -10.277168
0.7370277  -0.44673595  -10.124411
0.7821469  -0.3642477  -10.001554
0.7398716  -0.2906416  -9.886451
0.63770616  -0.21201275  -9.736009
0.49176806  -0.14227805  -9.56883
0.37252253  -0.10568218  -9.435437
0.33289492  -0.07718687  -9.346048
0.35912886  -0.078954965  -9.262926
0.3836242  -0.10093573  -9.188756
0.37110594  -0.11323542  -9.147262
0.31575233  -0.0759973  -9.143638
0.2445388  -0.025983693  -9.138805
0.17480406  -0.024368929  -9.134142
0.10840215  -0.095111415  -9.155443
0.0523544  -0.14685242  -9.21439
0.031220771  -0.16082999  -9.295588
0.01595696  -0.1959186  -9.399982
-0.0205752  -0.25313613  -9.560289
-0.049853213  -0.26726463  -9.7579565
-0.032936174  -0.20281947  -9.935545
-0.046309575  -0.11143653  -10.085988
-0.15745713  -0.10762636  -10.254955
-0.22214632  -0.15005347  -10.414143
-0.04242962  -0.107513644  -10.490459
0.18127683  0.016973779  -10.4182005
0.266747  0.13011004  -10.265505
0.21462981  0.20046806  -10.112375
0.14934713  0.23123384  -9.990364
0.16335244  0.23560308  -9.888281
0.20579818  0.22562265  -9.803534
0.20347072  0.2337219  -9.684428
0.12545447  0.23898675  -9.501751
0.015955688  0.21325687  -9.275064
-0.07189479  0.18202686  -9.084282
-0.094379395  0.1942424  -8.992284
-0.077846155  0.22266532  -8.981876
-0.0632853  0.22034702  -9.0192795
-0.059158113  0.1505211  -9.0772085
-0.05195554  0.022227516  -9.134347
-0.04586211  -0.1210421  -9.193372
-0.07537436  -0.2400526  -9.271872
-0.14034013  -0.29018122  -9.394254
-0.1703723  -0.26417238  -9.562436
-0.10909104  -0.23302735  -9.764367
-0.023678022  -0.2494045  -9.959628
0.08630074  -0.26484406  -10.103311
0.19421846  -0.19651122  -10.221763
0.1562526  -0.131726  -10.372843
0.11578263  -0.13034348  -10.517641
0.31159002  -0.070624836  -10.565145
0.5464924  0.02791242  -10.473176
0.6539598  0.067663364  -10.349278
0.63314956  0.044112876  -10.250112
0.5649434  0.018626258  -10.156929
0.53180736  0.034523815  -10.054499
0.53061175  0.11779599  -9.956389
0.4994253  0.20497617  -9.8308325
0.39378664  0.22609256  -9.637232
0.2565313  0.20440674  -9.425145
0.16159351  0.18460356  -9.281123
0.13576241  0.16765518  -9.241555
0.118183106  0.13169497  -9.236992
0.04939957  0.063486576  -9.215196
-0.04379036  0.0065565836  -9.178057
-0.11714143  -0.024040693  -9.143821
-0.16333586  -0.015633237  -9.132951
-0.21269855  0.001020319  -9.163536
-0.2686408  2.4097878E-4  -9.251591
-0.30478135  -0.025468422  -9.390826
-0.2975747  -0.038284317  -9.556356
-0.24031155  -0.061766636  -9.722669
-0.14810838  -0.09692771  -9.868504
-0.060648274  -0.080036044  -10.008315
-0.0674003  -0.02672913  -10.158469
-0.039354384  0.045198068  -10.3039465
0.13838398  0.15530013  -10.38385
0.3300907  0.24322559  -10.345116
0.41010547  0.23395522  -10.241973
0.36241788  0.14127043  -10.1472225
0.2837286  0.049126938  -10.083002
0.24860273  0.014261904  -10.02201
0.25871742  0.038435847  -9.951616
0.2423227  0.10763974  -9.835053
0.1528297  0.17873216  -9.642416
0.0321325  0.22600608  -9.421049
-0.034089446  0.23430248  -9.265296
-0.043922298  0.21841638  -9.234313
-0.045822702  0.18151595  -9.249708
-0.05604555  0.1441172  -9.246226
-0.07934956  0.12979853  -9.211818
-0.12492065  0.13312604  -9.181595
-0.17096438  0.14408882  -9.195149
-0.20955545  0.11114922  -9.27108
-0.23282908  0.04148413  -9.396379
-0.21974176  -0.047279995  -9.548439
-0.1813053  -0.14016125  -9.709273
-0.11155191  -0.22284685  -9.87011
-0.031944484  -0.21606432  -10.038528
0.009976571  -0.17566194  -10.219149
0.073373064  -0.16198578  -10.378497
0.28302652  -0.06866077  -10.476559
0.517697  0.018816369  -10.480934
0.66878104  0.075270385  -10.4277935
0.70244  0.11632541  -10.350083
0.6577068  0.13093531  -10.262589
0.60316646  0.1270894  -10.174589
0.5651375  0.15625416  -10.083718
0.53665674  0.22606064  -9.99339
0.4842477  0.25934815  -9.865775
0.39923978  0.2242615  -9.6791525
0.31583568  0.13780715  -9.470384
0.27234352  0.060397927  -9.312048
0.2663457  0.010585684  -9.2399
0.27220574  -0.03589488  -9.195736
0.25525102  -0.107139625  -9.136995
0.2079085  -0.18501922  -9.07127
0.15840523  -0.24384786  -9.042196
0.12433068  -0.25083306  -9.077384
0.11355583  -0.26024753  -9.176616
0.0995544  -0.31769574  -9.325103
0.08448764  -0.37035018  -9.513875
0.06510682  -0.35963076  -9.718627
0.07783303  -0.28361994  -9.895172
0.124133885  -0.21267118  -10.041892
0.12656304  -0.2216857  -10.208042
0.12216296  -0.3079065  -10.384738
0.28474307  -0.29193863  -10.50642
0.49031246  -0.18283485  -10.501101
0.55802804  -0.0564524  -10.4164715
0.47164094  0.026538858  -10.332479
0.34567815  0.046513095  -10.272093
0.29306743  0.046275865  -10.204399
0.31443295  0.03326094  -10.107053
0.29842827  0.02116831  -9.954177
0.21084575  0.035571862  -9.754843
0.10811416  0.078436226  -9.547005
0.058374416  0.13583419  -9.384577
0.08191099  0.17636287  -9.302734
0.11754462  0.19188361  -9.271229
0.12836894  0.2124345  -9.248752
0.124656364  0.26093602  -9.211474
0.12782711  0.25803307  -9.161519
0.13579354  0.16369843  -9.145608
0.121637285  0.042006  -9.191307
0.0836031  -0.016845865  -9.302475
0.054071184  -0.03495335  -9.454305
0.04094737  -0.08326388  -9.627363
0.045453083  -0.17475821  -9.793405
0.073053256  -0.21888958  -9.942235
0.047501337  -0.16766675  -10.098593
-0.023286501  -0.16581911  -10.26765
0.0067797517  -0.21206333  -10.401551
0.18214524  -0.21126181  -10.453529
0.33979803  -0.1941813  -10.431818
0.41222227  -0.16135679  -10.379695
0.45301527  -0.12776886  -10.3040285
0.48619506  -0.092688814  -10.197642
0.5060915  -0.03392685  -10.08017
0.51887256  0.07228679  -9.975653
0.50650215  0.1748751  -9.861194
0.44751343  0.20837426  -9.676835
0.3638413  0.19000053  -9.450639
0.30353183  0.12038625  -9.265758
0.2806075  0.054504115  -9.200053
0.2593739  0.013594311  -9.195128
0.2318666  -0.020515691  -9.170547
0.19148542  -0.07190664  -9.107177
0.1424227  -0.11111172  -9.063155
0.09346474  -0.1298  -9.079032
0.05913232  -0.13143945  -9.156427
0.04633991  -0.13498777  -9.253737
0.04159441  -0.17467333  -9.36634
0.015146326  -0.23053344  -9.51642
-0.036136076  -0.2673509  -9.711524
-0.047131825  -0.25262532  -9.909567
0.007389383  -0.18772253  -10.08407
0.029581957  -0.118536316  -10.251564
0.05545062  -0.105917  -10.411478
0.20914905  -0.10360655  -10.509782
0.4133497  -0.051189385  -10.48703
0.5644241  0.010797466  -10.374214
0.6078924  0.050552607  -10.242559
0.5860161  0.050650693  -10.129311
0.5663014  0.03316184  -10.0329685
0.54283625  0.023567697  -9.938006
0.4574536  0.011331913  -9.80783
0.31176856  -0.0070036603  -9.640469
0.1692817  3.1163392E-4  -9.473499
0.09393134  0.035131373  -9.358192
0.06328732  0.08161907  -9.295705
0.03679717  0.12910298  -9.249912
0.020827321  0.15241364  -9.2153425
0.0122526195  0.11668549  -9.196402
0.008698862  0.02701263  -9.193512
0.015440039  -0.071480855  -9.211643
0.016116805  -0.15682979  -9.275459
-0.0039498084  -0.21060814  -9.401335
-0.03378472  -0.19879724  -9.572892
-0.06623434  -0.13191664  -9.751944
-0.0947017  -0.086990625  -9.918584
-0.12948091  -0.08450208  -10.063362
-0.1372956  -0.084479995  -10.205474
-0.17096554  -0.09768303  -10.340422
-0.15131496  -0.06982982  -10.432029
0.016431324  0.027  -10.440796
0.20932701  0.073634945  -10.359343
0.3145221  0.067471296  -10.258244
0.279282  0.055163585  -10.18196
0.16355915  0.055244762  -10.123259
0.06154999  0.08066665  -10.043078
0.036217123  0.12345762  -9.928342
0.04524247  0.18619819  -9.771678
0.03061627  0.214913  -9.572066
-0.031823978  0.18502828  -9.367567
-0.09001156  0.09591487  -9.207716
-0.103755996  -0.024537252  -9.136444
-0.115412466  -0.1433732  -9.124861
-0.16667204  -0.23226087  -9.136976
-0.24406904  -0.2783724  -9.154713
-0.31665957  -0.27463484  -9.191094
-0.3571996  -0.23428851  -9.259817
-0.3527774  -0.21833682  -9.361847
-0.32642257  -0.22966355  -9.48656
-0.29480156  -0.22655909  -9.638952
-0.23784378  -0.1934459  -9.801683
-0.11109879  -0.1425965  -9.933621
0.027298836  -0.08209361  -10.038609
0.047871143  -0.04212499  -10.1427765
0.018225908  -0.02834481  -10.258011
0.061545577  -0.032391183  -10.345565
0.10847163  -0.02182865  -10.39549
0.083401985  -0.038007665  -10.415523
0.04683081  -0.06791033  -10.402932
0.04878433  -0.07775671  -10.33777
0.08336667  -0.06879733  -10.229999
0.12249243  -0.04368144  -10.0812845
0.17508896  -0.022451758  -9.91441
0.20703398  -0.029151836  -9.724951
0.19452643  -0.066532284  -9.535303
0.16174982  -0.104518905  -9.3790655
0.1548228  -0.1323651  -9.286831
0.18903506  -0.1357838  -9.259281
0.2206342  -0.15941277  -9.236746
0.2064612  -0.20348443  -9.196514
0.11232343  -0.23581381  -9.150042
-0.03270622  -0.22609799  -9.145175
-0.14820011  -0.19806536  -9.213252
-0.19646648  -0.20751196  -9.362079
-0.19788696  -0.25045848  -9.572546
-0.19424318  -0.27742252  -9.799247
-0.14262952  -0.27669767  -9.99375
-0.057164207  -0.25665954  -10.167917
-0.07358194  -0.27657208  -10.357757
-0.10146546  -0.39074117  -10.522928
0.11753058  -0.41245037  -10.58785
0.39543492  -0.36015555  -10.52494
0.507714  -0.34308147  -10.423842
0.53766716  -0.34517747  -10.339196
0.57563055  -0.33397087  -10.250825
0.6216931  -0.28678995  -10.126081
0.6729171  -0.20497066  -9.970237
0.6985438  -0.11997302  -9.825585
0.6602147  -0.074173704  -9.693153
0.56603193  -0.07493443  -9.556561
0.45898464  -0.11262868  -9.410375
0.35696685  -0.124378525  -9.298076
0.26639777  -0.09912151  -9.226751
0.19167827  -0.06864501  -9.1721945
0.13142963  -0.07469392  -9.120281
0.10140557  -0.10866621  -9.096509
0.08343488  -0.12445056  -9.1100645
0.06292185  -0.09820539  -9.166991
0.05260618  -0.08161493  -9.258874
0.06442454  -0.098199226  -9.38198
0.08322702  -0.120638914  -9.519436
0.10756186  -0.09074225  -9.660383
0.13080637  -0.009973909  -9.826366
0.12593822  0.032026704  -10.009506
0.20007043  0.054120604  -10.190625
0.3271134  0.09086657  -10.312444
0.38665333  0.14714925  -10.370846
0.33049095  0.1927552  -10.380846
0.23234598  0.20023504  -10.351558
0.15864997  0.20543095  -10.272518
0.1269232  0.2262598  -10.131298
0.12215251  0.24520254  -9.953906
0.12621824  0.2513522  -9.786528
0.106834546  0.26145366  -9.629461
0.026997678  0.24187434  -9.447164
-0.063547574  0.2244614  -9.264827
-0.07744564  0.22318187  -9.143615
-0.027602362  0.23925172  -9.102965
0.017732173  0.23088424  -9.0894575
0.01827271  0.21152155  -9.078129
-0.013518686  0.23196505  -9.082746
-0.035462163  0.26857674  -9.124873
-0.040938687  0.23627865  -9.214146
-0.05782978  0.17327413  -9.341931
-0.10480375  0.18560722  -9.491539
-0.18229808  0.27305236  -9.628201
-0.25986058  0.35513827  -9.735053
-0.3303823  0.3393702  -9.839675
-0.47916853  0.1594444  -9.996435
-0.63364804  -0.059336517  -10.185458
-0.5287201  -0.076369554  -10.3371315
-0.23377235  -0.038092032  -10.379269
-0.021696731  -0.059332985  -10.349326
0.045435343  -0.0838104  -10.311709
0.053914428  -0.028309138  -10.275747
0.07219479  0.07845089  -10.205146
0.09472466  0.16844398  -10.09799
0.090971075  0.21561828  -9.969737
0.046302345  0.23354022  -9.809601
-0.015103054  0.23914221  -9.636712
-0.051436894  0.21306618  -9.473237
-0.03678367  0.16155182  -9.359196
-6.734813E-4  0.09565479  -9.269478
0.023770755  0.048603762  -9.17575
0.012727106  0.037922494  -9.080247
-0.013116277  0.02651191  -9.019521
-0.04056072  -0.028566878  -9.03139
-0.07401513  -0.1050353  -9.118732
-0.12013092  -0.105863675  -9.254692
-0.14225015  -0.050414655  -9.3964405
-0.14823009  -0.04229179  -9.520632
-0.13914374  -0.09474271  -9.6279745
-0.11086344  -0.119615026  -9.743027
-0.14342366  -0.0899662  -9.928651
-0.2621829  -0.08764967  -10.168684
-0.21004619  -0.08443937  -10.377932
0.11624602  -0.08942545  -10.450214
0.43738827  -0.081936166  -10.387069
0.5793386  -0.051781546  -10.290973
0.5813749  -0.041080106  -10.217103
0.5773392  -0.092817456  -10.152083
0.6057811  -0.1660987  -10.080488
0.63438374  -0.21470354  -9.991149
0.60617113  -0.1893013  -9.849275
0.49920663  -0.11831016  -9.612411
0.32928386  -0.055381335  -9.32272
0.17985772  -0.009715901  -9.096098
0.07907718  0.058819287  -9.000094
0.008732659  0.12695901  -8.986052
-0.072619736  0.14411712  -8.9947605
-0.16584966  0.08741176  -9.0298395
-0.25119603  0.016181713  -9.113582
-0.294372  0.014927926  -9.232878
-0.305997  0.041620076  -9.365751
-0.31325015  0.024604853  -9.5082655
-0.31929678  -0.031998813  -9.663929
-0.32645416  -0.07277117  -9.824137
-0.30166575  -0.08045219  -9.959261
-0.23770425  -0.07592385  -10.097932
-0.25317034  -0.10255754  -10.270558
-0.2554255  -0.15473267  -10.451505
-0.055874303  -0.12974414  -10.564924
0.21635161  -0.09847005  -10.53479
0.38997504  -0.119609684  -10.412505
0.4328193  -0.1803843  -10.277775
0.41355133  -0.21199803  -10.170873
0.3998158  -0.18855894  -10.083716
0.4086492  -0.12267721  -9.995231
0.40059826  -0.052994847  -9.889014
0.33395523  -0.013832546  -9.7122
0.21118934  -0.012353734  -9.468847
0.09484156  -0.023072308  -9.240043
0.04495817  -0.024438351  -9.130355
0.04547373  -0.0225811  -9.132147
0.03622933  -0.03226259  -9.158764
-0.01380546  -0.060843393  -9.164617
-0.08881332  -0.0914875  -9.164884
-0.15379956  -0.11448478  -9.193642
-0.18188348  -0.1316348  -9.270556
-0.16118085  -0.15020461  -9.3952875
-0.108068235  -0.1871037  -9.557599
-0.04769113  -0.24240439  -9.739617
0.012257156  -0.29241362  -9.908532
0.09429476  -0.29677334  -10.039903
0.14594047  -0.22714823  -10.157591
0.10174525  -0.15851048  -10.2891035
0.08944846  -0.17591344  -10.3938055
0.24001764  -0.20317896  -10.415514
0.3926993  -0.15258512  -10.344572
0.43703324  -0.059409436  -10.26199
0.39389813  -0.0065335617  -10.196541
0.3670981  0.04758175  -10.124021
0.39748383  0.10190175  -10.013072
0.44870806  0.14782165  -9.880214
0.45164323  0.175792  -9.716081
0.3738792  0.15431145  -9.507444
0.2400271  0.11660977  -9.29923
0.12202433  0.10966131  -9.168082
0.066918835  0.12925795  -9.154303
0.049277328  0.1347091  -9.187619
0.027592419  0.12127117  -9.207074
-0.013618292  0.10582072  -9.19663
-0.054037027  0.08751015  -9.183886
-0.09264786  0.063689195  -9.196743
-0.12349575  0.035054434  -9.250165
-0.17129174  0.0075215753  -9.350694
-0.24883394  -0.028498445  -9.495793
-0.32908165  -0.061448794  -9.675863
-0.37960795  -0.096552104  -9.858707
-0.35869244  -0.13014014  -10.03063
-0.31076875  -0.11857102  -10.210371
-0.28152758  -0.11764469  -10.378805
-0.09076806  -0.08077176  -10.477037
0.25330257  0.018411677  -10.434222
0.49682736  0.08394273  -10.3019285
0.52943057  0.062120926  -10.191271
0.4587264  0.024642613  -10.1308975
0.40566683  0.043072894  -10.08013
0.3940385  0.08946107  -10.012974
0.38896996  0.1191862  -9.941486
0.33722958  0.12336182  -9.843729
0.23572652  0.091156565  -9.687626
0.13329759  0.049082622  -9.500068
0.08107091  8.011701E-4  -9.34601
0.07639635  -0.047166787  -9.260254
0.08203827  -0.07324472  -9.1867895
0.061514966  -0.046505295  -9.103639
0.003930451  0.009305816  -9.038572
-0.0674639  0.034666065  -9.054878
-0.12858273  0.024553237  -9.165816
-0.1579617  0.024856152  -9.337013
-0.14576982  0.032127872  -9.516082
-0.1137399  0.015852405  -9.68306
-0.07816226  -0.042462353  -9.829234
0.0024293447  -0.08634329  -9.9546
0.09286723  -0.056615144  -10.081103
0.11284211  0.0019244705  -10.226527
0.18204018  0.011228402  -10.363725
0.4230431  -0.0042695245  -10.427503
0.6751539  0.013345172  -10.407644
0.77513796  0.054043837  -10.371196
0.7471226  0.082795545  -10.351162
0.7051466  0.08556832  -10.324702
0.69642586  0.061922688  -10.24914
0.7344364  0.060373303  -10.130749
0.7691102  0.07592735  -9.98551
0.7504456  0.09047186  -9.807917
0.6799566  0.09901957  -9.621335
0.62342167  0.11846883  -9.488739
0.63106614  0.16052264  -9.467113
0.6871479  0.22400281  -9.50511
0.74661833  0.27381027  -9.512179
0.7749377  0.30885404  -9.461073
0.79606384  0.34864926  -9.387478
0.8353243  0.3808209  -9.33023
0.8953545  0.3622498  -9.309612
0.9494383  0.27103266  -9.335142
0.9917622  0.16444579  -9.403291
1.0423442  0.08741269  -9.504422
1.1155927  0.03304473  -9.636273
1.2065661  -0.01948687  -9.7876215
1.3585054  -0.096827716  -9.904049
1.5719414  -0.1329104  -10.000647
1.57462  -0.14172679  -10.158856
1.4403124  -0.22058186  -10.336981
1.5294849  -0.19841836  -10.392255
1.7116443  -0.09436787  -10.299985
1.7499546  -8.1803714E-4  -10.178424
1.7006148  0.08761552  -10.084512
1.641437  0.17307526  -10.019036
1.6259801  0.22291526  -9.955873
1.658197  0.22348781  -9.856177
1.6537793  0.18303576  -9.7098055
1.6083331  0.1107181  -9.561103
1.5712061  0.043069605  -9.477778
1.5630566  -0.012744694  -9.459975
1.566336  -0.0673617  -9.448792
1.5298462  -0.12597387  -9.411259
1.4398804  -0.18406747  -9.362545
1.3452541  -0.23581661  -9.341237
1.2626766  -0.26086798  -9.364146
1.2028397  -0.24269241  -9.422501
1.1670043  -0.20105496  -9.485577
1.1345588  -0.1600996  -9.5394745
1.095594  -0.12843512  -9.586875
1.0373582  -0.081768446  -9.644141
0.96884716  -0.057164118  -9.71994
0.9296967  -0.0777832  -9.80456
0.9351568  -0.095939055  -9.875863
0.9697396  -0.09201884  -9.918747
1.0097119  -0.10175528  -9.944445
1.030438  -0.12400764  -9.962939
1.0390455  -0.14317593  -9.966508
1.0509971  -0.14006509  -9.941522
1.0644544  -0.13298316  -9.8909855
1.0585337  -0.143583  -9.829568
1.0455233  -0.168646  -9.771008
1.0385232  -0.14957799  -9.747669
1.0147376  -0.066594236  -9.721735
0.91897494  -0.0051455465  -9.637591
0.7868981  -0.015293918  -9.505653
0.6888726  -0.054546  -9.409775
0.6583463  -0.049249563  -9.395349
0.6585728  -0.014950776  -9.41877
0.62711966  -6.0095017E-6  -9.427688
0.5606626  0.021724166  -9.422005
0.4977189  0.04489659  -9.4189415
0.45066378  0.05009705  -9.441125
0.42238697  0.06081058  -9.489422
0.4123899  0.07406974  -9.550592
0.405684  0.0507692  -9.613504
0.39074692  0.04083136  -9.676619
0.37617183  0.06464999  -9.726056
0.37084052  0.06716039  -9.750333
0.3457607  0.02361883  -9.752996
0.26640853  -0.058509436  -9.7376995
0.1364574  -0.13284235  -9.706778
-0.019845588  -0.13804206  -9.676808
-0.15334779  -0.11318735  -9.664693
-0.24694009  -0.07141155  -9.677065
-0.29746842  -0.019067189  -9.697435
-0.32006237  0.014490549  -9.707821
-0.33915803  0.024539975  -9.702415
-0.3607313  0.04454512  -9.685061
-0.37512872  0.08102775  -9.6732
-0.36539978  0.09041188  -9.682263
-0.3440845  0.08647542  -9.708622
-0.317273  0.0908064  -9.734223
-0.29437515  0.11702266  -9.747845
-0.2829737  0.15545845  -9.755581
-0.28727096  0.19159266  -9.766814
-0.29790437  0.21275155  -9.774129
-0.30386233  0.20892137  -9.767803
-0.30851892  0.20413853  -9.748033
-0.3143609  0.2042896  -9.724639
-0.3217516  0.21166903  -9.709344
-0.32951257  0.2119354  -9.703091
-0.32803053  0.19820976  -9.704755
-0.31363407  0.18564981  -9.717478
-0.29494807  0.17697561  -9.728568
-0.28348586  0.1710791  -9.73835
-0.27166688  0.16687402  -9.7361
-0.25277156  0.16426526  -9.726025
-0.24559884  0.15540798  -9.712226
-0.26779258  0.13097374  -9.705234
-0.30255434  0.10734587  -9.706356
-0.32615805  0.0972232  -9.706079
-0.33984658  0.087895334  -9.705697
-0.35139975  0.0778793  -9.715228
-0.3443483  0.08033021  -9.740612
-0.31010276  0.06963322  -9.770691
-0.2744077  0.05015751  -9.796624
-0.24523175  0.040746834  -9.820675
-0.2250838  0.037145063  -9.8342
-0.2209769  0.030559951  -9.830941
-0.21908666  0.016667884  -9.811519
-0.2176516  -0.009565883  -9.790468
-0.21791527  -0.04000581  -9.782381
-0.2228428  -0.06739694  -9.7831955
-0.20179197  -0.016602067  -9.772252
-0.12343549  0.06606842  -9.749492
-0.14290158  0.018089276  -9.730541
-0.23255548  -0.06425381  -9.728483
-0.26768628  -0.08941488  -9.735578
-0.24342634  -0.06676358  -9.742222
-0.22092685  -0.040133458  -9.751641
-0.21385063  -0.029633304  -9.762513
-0.20857655  -0.027566087  -9.766706
-0.2041634  -0.022468986  -9.763728
-0.20679183  -0.01381064  -9.759722
-0.20858735  -0.011454128  -9.761628
-0.20777106  -0.015210755  -9.765225
-0.20389637  -0.011919067  -9.761955
-0.19981797  -0.004977423  -9.754806
-0.19705433  0.008024752  -9.748174
-0.19060034  0.02260226  -9.74916
-0.17817128  0.03437536  -9.752536
-0.16476525  0.049291965  -9.757405
-0.14630444  0.071183  -9.7648
-0.12607385  0.087345384  -9.770062
-0.11799236  0.091710515  -9.771067
-0.12643453  0.0820912  -9.767737
-0.1421014  0.06405121  -9.763595
-0.1543469  0.048644226  -9.754814
-0.15675172  0.035008572  -9.739577
-0.163579  0.024166722  -9.723449
-0.18276007  0.014715978  -9.714179
-0.20330809  0.009882236  -9.710894
-0.21703471  0.0073976982  -9.70827
-0.22796014  0.012542575  -9.704968
-0.2384855  0.025383905  -9.704451
-0.24742839  0.03296954  -9.705551
-0.2598707  0.03857056  -9.707115
-0.28992006  0.03502796  -9.701381
-0.3312037  0.024588462  -9.686116
-0.35068238  0.015203146  -9.682507
