2.4182932  -0.514903  9.81488
2.3895628  -0.56877255  9.782558
2.3688133  -0.5824727  9.784287
2.3396835  -0.6012273  9.7681265
2.3344164  -0.56866616  9.759349
2.3457224  -0.5258365  9.72849
2.3579786  -0.49841717  9.689357
2.3701289  -0.4789045  9.658431
2.3811686  -0.46081495  9.628016
2.3941317  -0.43564162  9.601349
2.406112  -0.41741303  9.570823
2.4146912  -0.4089668  9.548633
2.418479  -0.39670113  9.537098
2.41723  -0.37727806  9.5317955
2.4143968  -0.35795155  9.521248
2.4141204  -0.34459925  9.5010195
2.418758  -0.33512974  9.480877
2.4270222  -0.3242849  9.468968
2.4362843  -0.31136882  9.470879
2.4454362  -0.303144  9.47314
2.458104  -0.3015162  9.466837
2.4739087  -0.30260637  9.452556
2.4916031  -0.30006647  9.43934
2.5072892  -0.2929599  9.427331
2.520418  -0.28542468  9.410093
2.533968  -0.27705565  9.384704
2.55004  -0.26549843  9.350091
2.5693338  -0.24940257  9.3117485
2.5875103  -0.23029868  9.272404
2.6021771  -0.21251361  9.243782
2.6136434  -0.19549124  9.231397
2.6253192  -0.17834826  9.23442
2.6384802  -0.1589117  9.243989
2.652735  -0.14160712  9.252639
2.6644385  -0.13080044  9.261595
2.673544  -0.12650782  9.27387
2.6823552  -0.11883489  9.2852125
2.6930056  -0.104430415  9.290416
2.706174  -0.086784266  9.283788
2.722601  -0.07450291  9.269799
2.7421534  -0.07414821  9.25018
2.761263  -0.094122045  9.233067
2.7751846  -0.13121001  9.230096
2.7852936  -0.17031531  9.244926
2.7990382  -0.19472285  9.262152
2.8248866  -0.20656085  9.260156
2.862728  -0.21316707  9.234284
2.90507  -0.22655688  9.199281
2.9424238  -0.24504542  9.176116
2.9735706  -0.26528528  9.169797
3.0038748  -0.2756602  9.177579
3.0338242  -0.2798722  9.185982
3.063774  -0.28625676  9.1829
3.0939014  -0.29758486  9.165963
3.1284618  -0.3046788  9.136147
3.168432  -0.2997352  9.102738
3.211239  -0.29108945  9.071658
3.257394  -0.29315114  9.053391
3.3083594  -0.30886862  9.04816
3.3599014  -0.32975137  9.056871
3.406167  -0.351144  9.08496
3.4431221  -0.383111  9.140891
3.4767962  -0.42656136  9.226838
3.5109355  -0.4673293  9.319901
3.5374491  -0.4890101  9.402856
3.543479  -0.49018502  9.481953
3.5238378  -0.48136196  9.571513
3.4884346  -0.47530997  9.643206
3.4507923  -0.47650707  9.669387
3.4137928  -0.47998753  9.639458
3.374976  -0.48457637  9.597226
3.3289096  -0.49151513  9.564019
3.2817795  -0.50709957  9.547726
3.2422752  -0.52099925  9.53837
3.2162495  -0.52523345  9.5192175
3.197672  -0.5185607  9.484678
3.180336  -0.5040403  9.434756
3.163998  -0.47646263  9.372285
3.1542442  -0.4357612  9.295672
3.1481256  -0.402974  9.2076845
3.1390364  -0.39563623  9.1306715
3.119706  -0.40545693  9.086623
3.0935028  -0.4077846  9.084339
3.0726197  -0.3893404  9.107195
3.0691833  -0.36315933  9.1335745
3.088359  -0.33901784  9.158626
3.1207254  -0.31902182  9.187001
3.1584785  -0.29723015  9.234686
3.196143  -0.27129295  9.31498
3.2395928  -0.24677455  9.416711
3.2699862  -0.2468854  9.52383
3.2603874  -0.27131513  9.655355
3.1968079  -0.30725035  9.836295
3.0995548  -0.33471712  10.0052185
2.9978678  -0.35515654  10.081036
2.904095  -0.37586197  10.02036
2.8155982  -0.39698854  9.885531
2.7285426  -0.40621066  9.728269
2.6389594  -0.39481604  9.586567
2.5533888  -0.36863503  9.4812
2.4907405  -0.34755275  9.399597
2.4679291  -0.34697637  9.304428
2.4866393  -0.36295986  9.172925
2.5243704  -0.38809896  9.048781
2.5596185  -0.41212967  8.971614
2.5885928  -0.42888913  8.947627
2.6237965  -0.4271821  8.932862
2.6731215  -0.41308293  8.910449
2.730671  -0.39639005  8.885222
2.7871342  -0.3873674  8.875623
2.8396957  -0.3888527  8.897637
2.893942  -0.39696637  8.948491
2.9543514  -0.4128612  9.01799
3.0255566  -0.43935263  9.105222
3.1033678  -0.47619674  9.205314
3.166171  -0.5101368  9.305293
3.1855686  -0.517674  9.415914
3.154466  -0.48428822  9.5477495
3.1026802  -0.42656136  9.682801
3.0586755  -0.3582158  9.771121
3.0242698  -0.29592222  9.795284
2.978337  -0.24772781  9.7844
2.914669  -0.23427148  9.760701
2.8398724  -0.25375763  9.7141695
2.765031  -0.2839955  9.622127
2.6858454  -0.30778232  9.489048
2.6153271  -0.30917898  9.339232
2.5767095  -0.29510197  9.161927
2.5815866  -0.27098262  8.933637
2.6134205  -0.24495678  8.709623
2.6471388  -0.21768947  8.567788
2.6835396  -0.18472487  8.557525
2.734217  -0.13992225  8.614654
2.8001242  -0.08272741  8.683997
2.8749876  -0.031141235  8.747045
2.9484098  -0.0074652345  8.811177
3.0189276  -0.008418484  8.891671
3.0861206  -0.0065119877  8.9835825
3.156949  0.0106242895  9.091033
3.2214594  0.038091104  9.196511
3.2566187  0.048399467  9.312009
3.2384408  0.04782309  9.4843025
3.1807582  0.0478896  9.671803
3.1236966  0.048510324  9.799118
3.0842142  0.027960079  9.803063
3.04369  -0.011344735  9.76744
2.9828818  -0.03739277  9.761565
2.9031413  -0.028791368  9.791049
2.8229578  0.005525518  9.806832
2.7444592  0.05720036  9.770122
2.6678226  0.11543709  9.674066
2.6077678  0.17225504  9.546463
2.58489  0.2044216  9.393079
2.6041324  0.19582021  9.212937
2.6365428  0.14634004  9.019872
2.6569598  0.063828744  8.879878
2.6628568  -0.023249255  8.831485
2.6739628  -0.09281412  8.834965
2.698282  -0.12779607  8.839198
2.7382298  -0.13779408  8.829223
2.7858477  -0.14730437  8.844785
2.839407  -0.16047247  8.906857
2.9012568  -0.16800976  9.006792
2.978714  -0.16701217  9.117036
3.05739  -0.1676994  9.227413
3.1008844  -0.16863048  9.360734
3.0877829  -0.16231246  9.558478
3.0357535  -0.13843696  9.773425
2.9848766  -0.104652114  9.932262
2.9513578  -0.065413795  9.979814
2.9148238  -0.03309207  9.961125
2.8567867  -0.009881605  9.929581
2.770396  -4.378118E-4  9.89901
2.6730764  -0.00316454  9.85496
2.5673988  -0.01917022  9.769456
2.47203  -0.03672771  9.650523
2.4095366  -0.035175912  9.50421
2.4031744  -0.02633067  9.309417
2.4326363  -0.029611612  9.107327
2.4598591  -0.045196105  8.960261
2.4687707  -0.04459755  8.919936
2.4830472  -0.023448767  8.910248
2.5205564  -7.703481E-4  8.8710985
2.5782168  -3.2697897E-4  8.808627
2.6344364  -0.01520206  8.782447
2.6829412  -0.044065487  8.8197565
2.7274554  -0.067453295  8.922996
2.7763147  -0.07616553  9.0695505
2.8431532  -0.06164513  9.2250185
2.902055  -0.05395265  9.349229
2.9218738  -0.06233235  9.505517
2.8824136  -0.0703352  9.720798
2.8238  -0.06667739  9.924703
2.7804604  -0.07051255  10.004844
2.7484715  -0.105915695  9.959131
2.6964862  -0.14063163  9.910759
2.6143963  -0.1426933  9.899898
2.516877  -0.108088225  9.905239
2.4208205  -0.067719325  9.882007
2.3264492  -0.037104588  9.826253
2.2462654  -0.012031976  9.742832
2.206118  0.008141383  9.621082
2.2174463  0.02142033  9.429635
2.2564187  0.009671017  9.212251
2.282511  -0.030609204  9.040134
2.2873883  -0.09582903  8.970814
2.2950366  -0.16262282  8.953079
2.3221486  -0.21635933  8.930135
2.3708751  -0.25200635  8.896483
2.4277594  -0.2776775  8.87877
2.492137  -0.2904909  8.898345
2.5616796  -0.29465863  8.960395
2.6402893  -0.30239543  9.056828
2.7284982  -0.3209283  9.165431
2.7995923  -0.34473732  9.276494
2.8172386  -0.3507893  9.430189
2.7789981  -0.33132535  9.643451
2.723421  -0.29456994  9.839599
2.6900356  -0.25954366  9.936807
2.668953  -0.23334044  9.921909
2.6360548  -0.21828802  9.881629
2.5765102  -0.20669387  9.863428
2.4993856  -0.19780429  9.862498
2.419446  -0.1894689  9.842612
2.3377993  -0.19190747  9.791759
2.27688  -0.19106506  9.733565
2.2571723  -0.18259668  9.609843
2.2884743  -0.17450516  9.3870945
2.331836  -0.16914038  9.12799
2.3518984  -0.14949906  8.962257
2.3544922  -0.10063962  8.925988
2.3693228  -0.056967605  8.917964
2.4164975  -0.032138836  8.879014
2.4838235  -0.027239583  8.821176
2.5533664  -0.028614044  8.792024
2.6148176  -0.04752381  8.815722
2.6708155  -0.07634292  8.893201
2.7302713  -0.09385606  9.01289
2.806243  -0.08361419  9.151997
2.8912814  -0.06022638  9.282215
2.9471238  -0.057588335  9.416202
2.949651  -0.06769719  9.603703
2.9129622  -0.072108716  9.795925
2.8819263  -0.061822508  9.90699
2.8649228  -0.062842265  9.873649
2.8400276  -0.075611345  9.799782
2.785382  -0.08552068  9.772094
2.7081912  -0.08350333  9.792932
2.6245492  -0.07186485  9.802686
2.5446317  -0.05082692  9.777968
2.4944422  -0.021076744  9.72104
2.4996297  0.0037520118  9.598603
2.5539868  0.010890275  9.39042
2.6090977  -0.010169832  9.165919
2.625569  -0.05306594  9.0089655
2.6168568  -0.10301164  8.955805
2.6147063  -0.13907982  8.933593
2.6407766  -0.158832  8.898322
2.6897469  -0.17368491  8.840595
2.7475405  -0.19545442  8.792334
2.8030062  -0.22309859  8.786747
2.8570087  -0.24763916  8.832082
2.9148242  -0.2602309  8.91783
2.9837463  -0.25898945  9.024726
3.0671663  -0.25431186  9.132199
3.150963  -0.26082942  9.236459
3.2086236  -0.27255657  9.359362
3.2224348  -0.27667996  9.534226
3.2027047  -0.26497495  9.724432
3.1747723  -0.24194185  9.862874
3.1450224  -0.21482973  9.906457
3.1037  -0.18148823  9.883292
3.041584  -0.15384407  9.841039
2.9605577  -0.14604075  9.783157
2.8660755  -0.17007144  9.710666
2.7738543  -0.2062505  9.628044
2.7209158  -0.2146302  9.518577
2.7224674  -0.20212714  9.33307
2.758292  -0.1894689  9.111096
2.7820568  -0.18820529  8.947006
2.7832096  -0.17184491  8.91393
2.7807045  -0.14581907  8.924017
2.7935178  -0.13466829  8.891207
2.8235786  -0.13537768  8.807343
2.8583832  -0.12706448  8.732768
2.8901727  -0.10886413  8.705634
2.9200337  -0.10520631  8.728245
2.9564788  -0.12475895  8.795814
3.008198  -0.14717132  8.907632
3.0786495  -0.14852361  9.061748
3.1652176  -0.12799557  9.239673
3.2575276  -0.09492013  9.396205
3.3193114  -0.08370284  9.5180435
3.319622  -0.09026474  9.665841
3.2572396  -0.096538424  9.8451185
3.1745064  -0.08458959  9.97527
3.1062717  -0.073837854  9.963277
3.045907  -0.07769517  9.85157
2.9767635  -0.082505755  9.750592
2.8888874  -0.07179835  9.699981
2.7884197  -0.049696323  9.67768
2.6946688  -0.019591441  9.640059
2.6361883  0.01155535  9.543538
2.6272097  0.039  9.361712
2.644346  0.040285774  9.145413
2.6545215  0.009981382  8.973563
2.6531026  -0.040562883  8.881675
2.6596203  -0.08257226  8.83492
2.6867764  -0.10112733  8.792134
2.7290077  -0.10609309  8.756621
2.774298  -0.11068198  8.742322
2.8202314  -0.11733254  8.762162
2.8684037  -0.118440956  8.820354
2.9213197  -0.11451712  8.91129
2.980421  -0.11323135  9.0353
3.054907  -0.12085733  9.1684675
3.141431  -0.14621814  9.287334
3.2029932  -0.16876352  9.413939
3.209821  -0.1744165  9.596475
3.162225  -0.1475039  9.804549
3.1083114  -0.10988388  9.9441
3.068319  -0.07350533  9.958289
3.0302334  -0.04710261  9.910404
2.9694917  -0.027106598  9.860747
2.8822143  -0.017463282  9.820489
2.7839413  -0.016665203  9.7597475
2.6863554  -0.021076733  9.673955
2.5955753  -0.03306992  9.586123
2.537316  -0.034732558  9.493325
2.530466  -0.027815977  9.336106
2.57068  -0.021497935  9.125417
2.617234  -0.03052053  8.955451
2.6415303  -0.03845687  8.913709
2.655142  -0.031163424  8.954432
2.6796381  -0.013517268  8.971413
2.7234433  -0.0014132438  8.936231
2.7730787  1.8289126E-4  8.87999
2.818413  -0.013938472  8.8558035
2.856809  -0.04497442  8.892271
2.895449  -0.08427924  8.989037
2.943821  -0.10819908  9.124398
3.0164893  -0.1083321  9.261777
3.0927045  -0.103876226  9.374238
3.1350462  -0.11826361  9.493637
3.1215904  -0.14282633  9.66624
3.0768986  -0.15269132  9.831351
3.0369065  -0.15659297  9.904019
2.9985993  -0.17878367  9.850083
2.9433997  -0.21385431  9.772294
2.8639698  -0.2355573  9.731637
2.7729902  -0.2283747  9.721263
2.67638  -0.2058293  9.706143
2.5824738  -0.16557123  9.666396
2.5254784  -0.12489197  9.565705
2.5277836  -0.10010755  9.37448
2.5782835  -0.12130067  9.140534
2.6232193  -0.17514805  8.956979
2.640156  -0.23799585  8.883713
2.644723  -0.28279844  8.863717
2.665118  -0.30800408  8.838955
2.7077477  -0.3204628  8.799384
2.7541687  -0.32981792  8.77941
2.791434  -0.34287515  8.78943
2.8209848  -0.3652432  8.817474
2.8553905  -0.39368543  8.865535
2.9075086  -0.42042068  8.938026
2.9823275  -0.43837723  9.033883
3.0696936  -0.45121276  9.130272
3.1348913  -0.4559125  9.240781
3.1473722  -0.4501044  9.405139
3.1083114  -0.42633975  9.609955
3.0516927  -0.38900793  9.777904
3.004629  -0.340481  9.845539
2.9628632  -0.28896132  9.829468
2.9108117  -0.24316113  9.79187
2.8415573  -0.21161531  9.755624
2.7648983  -0.20148428  9.713504
2.6822984  -0.20868905  9.658592
2.6137977  -0.2128789  9.602861
2.583981  -0.20219369  9.507027
2.6024475  -0.18873739  9.323205
2.637252  -0.18913643  9.115153
2.647893  -0.18873739  8.986819
2.6383162  -0.16690136  8.987573
2.6368752  -0.13743937  9.006261
2.6650734  -0.11777588  8.966601
2.7163935  -0.11318699  8.869702
2.7759826  -0.113719046  8.774356
2.832978  -0.13070014  8.74097
2.8864927  -0.16282237  8.793376
2.9416258  -0.19150846  8.918185
3.0073998  -0.19481154  9.080991
3.0919065  -0.17016013  9.253994
3.1706936  -0.14980942  9.417287
3.2056534  -0.1494769  9.594658
3.1746838  -0.16468452  9.779633
3.107092  -0.18093406  9.907368
3.0482342  -0.20104091  9.907302
3.0033875  -0.23611152  9.807278
2.9492295  -0.26524097  9.722926
2.8668735  -0.27350986  9.698541
2.7659178  -0.25734898  9.719047
2.6628563  -0.23218769  9.733167
2.5723422  -0.20059752  9.719421
2.5194259  -0.170537  9.640302
2.5217316  -0.14901134  9.460361
2.565869  -0.15905368  9.214356
2.6138196  -0.2038563  9.0014715
2.6417742  -0.2760149  8.895772
2.661105  -0.34602317  8.874757
2.6886606  -0.39645657  8.86467
2.729495  -0.42815757  8.840706
2.7716596  -0.45584604  8.809937
2.807085  -0.48162803  8.793598
2.8351946  -0.50022745  8.810136
2.8624618  -0.51049143  8.874536
2.9034293  -0.5252335  8.981033
2.9722626  -0.55740005  9.102628
3.0518255  -0.58876854  9.217969
3.0993547  -0.5971039  9.349231
3.0862086  -0.57280713  9.541453
3.0308094  -0.5350764  9.745691
2.9704225  -0.5044395  9.897412
2.9120529  -0.48133984  9.952745
2.8430417  -0.46118864  9.9665785
2.7569618  -0.43724665  9.966446
2.667179  -0.41576532  9.9437895
2.581653  -0.41028973  9.872363
2.496238  -0.43041873  9.752763
2.4220178  -0.45070294  9.60909
2.3845532  -0.44939494  9.432163
2.396879  -0.42955413  9.227947
2.4305086  -0.40995717  9.053215
2.4478443  -0.39472738  8.982519
2.4488199  -0.36717188  9.009099
2.4635177  -0.3280001  9.022266
2.5163677  -0.28259894  8.967045
2.5932922  -0.24644206  8.855403
2.6646528  -0.23234285  8.768769
2.7149086  -0.24684107  8.760101
2.7518635  -0.27663556  8.842658
2.7967327  -0.30230674  8.986331
2.8684032  -0.3102209  9.148139
2.9319828  -0.31975338  9.295493
2.9457715  -0.33615807  9.488559
2.891525  -0.34970307  9.742721
2.8169944  -0.34154508  9.983006
2.7661173  -0.32199243  10.070306
2.7392266  -0.32006377  9.991031
2.7005424  -0.3409687  9.878659
2.6308002  -0.37120655  9.823415
2.5374043  -0.3782783  9.821731
2.4430773  -0.34788522  9.815346
2.3520758  -0.28510398  9.777481
2.2807596  -0.22626866  9.701066
2.2534258  -0.19791512  9.56575
2.2791414  -0.20591795  9.350781
2.327757  -0.23852788  9.122557
2.3644903  -0.2809141  8.948024
2.3863926  -0.3245196  8.868016
2.4132833  -0.352851  8.8237915
2.4511251  -0.37222633  8.788455
2.4902084  -0.39346376  8.755047
2.5210888  -0.4245884  8.744407
2.546738  -0.4520774  8.7710085
2.5783725  -0.46928015  8.847246
2.6264782  -0.47850227  8.969661
2.705642  -0.48098516  9.109654
2.794471  -0.46557805  9.241248
2.8497155  -0.43511847  9.372863
2.8401384  -0.39455006  9.542296
2.7806823  -0.36329243  9.7198
2.7107408  -0.35670838  9.848001
2.649223  -0.38506195  9.885754
2.5940015  -0.42398986  9.878039
2.5317743  -0.44305483  9.869128
2.4616995  -0.42968717  9.866047
2.388521  -0.41173068  9.8419485
2.313569  -0.409669  9.783357
2.265042  -0.4110434  9.694039
2.269897  -0.39898372  9.5203495
2.3331437  -0.37971926  9.258118
2.4028637  -0.37652698  8.985311
2.434698  -0.38355443  8.847866
2.431395  -0.36967692  8.859548
2.433878  -0.33272198  8.906101
2.4636505  -0.28765336  8.896481
2.516611  -0.26564  8.836914
2.5732293  -0.27217972  8.785838
2.6304908  -0.2936832  8.790626
2.6908557  -0.3054547  8.866974
2.7574942  -0.29754055  9.0124445
2.8367245  -0.27670214  9.183918
2.9081516  -0.2682781  9.34832
2.9379237  -0.27421924  9.539745
2.9092817  -0.27858645  9.78564
2.8522863  -0.27938452  10.002582
2.8092794  -0.2913777  10.084983
2.7797954  -0.33327624  10.02914
2.735946  -0.37692606  9.962567
2.659088  -0.39510426  9.941197
2.561413  -0.38331056  9.9342575
2.4622977  -0.35868132  9.883891
2.3614752  -0.33292148  9.796746
2.275284  -0.32048494  9.696212
2.239194  -0.31953168  9.566948
2.274353  -0.3360916  9.360936
2.351455  -0.3603218  9.134773
2.414835  -0.37940893  8.98323
2.4455163  -0.37495303  8.95716
2.45731  -0.35679698  8.974517
2.4762862  -0.3514987  8.958533
2.508253  -0.37867734  8.905174
2.5438778  -0.41756094  8.868619
2.5716991  -0.44790968  8.879945
2.5981686  -0.46109995  8.941995
2.6326628  -0.48428822  9.033528
2.684892  -0.5298667  9.144149
2.7585802  -0.58577573  9.275231
2.8535948  -0.6218882  9.401549
2.933224  -0.62769645  9.527886
2.9563458  -0.6062152  9.673888
2.9118092  -0.5706125  9.85199
2.84005  -0.5274947  9.994023
2.7764485  -0.48094073  10.040532
2.7154186  -0.4361825  10.000119
2.6348357  -0.40707517  9.946449
2.5304883  -0.4057672  9.902268
2.416276  -0.4307511  9.861102
2.3309271  -0.45336297  9.807034
2.302906  -0.46078944  9.685061
2.3344076  -0.46300635  9.47262
2.3838434  -0.46595478  9.246987
2.4089382  -0.46016884  9.116703
2.4093814  -0.42498747  9.107658
2.4128175  -0.38140416  9.112403
2.4358504  -0.36067662  9.077131
2.4729607  -0.37320176  9.005904
2.5100708  -0.40080157  8.9435215
2.5431242  -0.42168435  8.908207
2.5749803  -0.42802453  8.922484
2.6080115  -0.42625108  8.995796
2.6480923  -0.42392337  9.12198
2.6991909  -0.41940102  9.27093
2.7626812  -0.40494713  9.41079
2.841801  -0.3811381  9.5356
2.9312067  -0.36446735  9.617248
2.9882908  -0.38428602  9.664887
2.9665215  -0.41680726  9.764203
2.8667629  -0.4252313  9.936741
2.7466538  -0.39882854  10.117615
2.651839  -0.37085187  10.165631
2.5830278  -0.35712957  10.084141
2.5125096  -0.33283284  9.973033
2.4278257  -0.29018056  9.897216
2.3230574  -0.24967867  9.866824
2.2386618  -0.22686724  9.836297
2.2105296  -0.22212316  9.757442
2.2509205  -0.22407396  9.62596
2.3140566  -0.23094623  9.504167
2.352519  -0.24001314  9.445598
2.3585932  -0.25136343  9.440831
2.3550463  -0.25847957  9.420369
2.3605883  -0.26107326  9.359982
2.373668  -0.25905594  9.28024
2.385351  -0.24677455  9.215354
2.3955705  -0.22316508  9.187575
2.4120638  -0.19492237  9.206596
2.4408166  -0.17918271  9.269023
2.4798553  -0.17341888  9.364282
2.5225298  -0.16594811  9.469981
2.565936  -0.15062964  9.565106
2.6117804  -0.12948085  9.629352
2.6569378  -0.10959568  9.659656
2.691942  -0.09496447  9.667526
2.7082798  -0.095252655  9.66573
2.7064621  -0.11380771  9.65121
2.6913655  -0.14242728  9.625251
2.6671798  -0.16419677  9.598914
2.636565  -0.1753919  9.573066
2.6041324  -0.18299572  9.536731
2.5645392  -0.1895576  9.474814
2.5183403  -0.1849687  9.420102
2.500561  -0.14180656  9.372596
2.548423  -0.08463392  9.254325
2.6547875  -0.050184015  9.052613
2.764965  -0.052467376  8.844696
2.8395178  -0.05880758  8.768371
2.8836555  -0.041227937  8.819802
2.9225614  -0.01759629  8.896527
2.9647257  0.0023553928  8.933305
3.0126097  0.018383252  8.928893
3.056792  0.032704126  8.92262
3.095831  0.03569687  8.930245
3.1250708  0.023814535  8.94286
3.1494343  0.007831025  8.958776
3.175438  -0.0022113144  8.985512
3.2112844  -0.0066671907  9.016326
3.2582595  -0.008152481  9.039514
3.308405  0.0022888968  9.050199
3.3513672  0.024679119  9.0660715
3.3809402  0.042325273  9.096797
3.3973446  0.04629344  9.139516
3.4043276  0.044630807  9.167271
3.4057686  0.054983508  9.168513
3.4081848  0.075156875  9.140447
3.4151678  0.097502746  9.105021
3.4332573  0.11423999  9.101119
3.4506152  0.124459684  9.095489
3.4693034  0.12876038  9.086953
3.486129  0.13412517  9.082917
3.5116453  0.1433251  9.12854
3.539777  0.16221271  9.191876
3.5653598  0.18548967  9.212626
3.5841806  0.20626159  9.182122
3.5956419  0.21956271  9.146121
3.5980804  0.22594722  9.133929
3.5953314  0.22834145  9.138097
3.5936024  0.22976023  9.137344
3.5987902  0.23259781  9.132224
3.611227  0.23927052  9.133286
3.626745  0.24565506  9.140225
3.64213  0.2529928  9.143728
3.6563618  0.2617272  9.138075
3.67035  0.27753335  9.120339
3.6844494  0.29429278  9.093161
3.6994355  0.30391392  9.060661
3.7146873  0.30247298  9.031356
3.731779  0.29486915  9.006726
3.7510655  0.2875979  8.982252
3.7734783  0.2810582  8.966091
3.7957573  0.27219084  8.963032
3.8161523  0.2558526  8.972386
3.8366578  0.23532455  8.983936
3.8589592  0.21408708  8.9879265
3.884653  0.19570939  8.985222
3.910413  0.17828493  8.976443
3.933912  0.16137032  8.963231
3.9563243  0.14259356  8.945586
3.9802883  0.12406066  8.927585
4.004895  0.10958461  8.918229
4.025933  0.10153743  8.913064
4.043446  0.09271435  8.899852
4.054796  0.07994527  8.856534
4.071312  0.06824029  8.838511
4.0882707  0.06398394  8.854295
4.109575  0.061811417  8.883779
4.1253147  0.05748855  8.867286
