2.6098294  -0.26590604  9.824457
2.5840917  -0.26470894  9.788544
2.577242  -0.2595215  9.72736
2.5704582  -0.24874759  9.633785
2.5879357  -0.24395919  9.563556
2.6003058  -0.25273794  9.525781
2.6058352  -0.27308863  9.485278
2.6058154  -0.28865096  9.434502
2.6102934  -0.2919319  9.402135
2.6123457  -0.2899367  9.3954315
2.6096523  -0.29149657  9.400501
2.6059723  -0.29825798  9.399548
2.6033938  -0.30565545  9.389983
2.603508  -0.31093618  9.379427
2.6024704  -0.31419495  9.378216
2.6004097  -0.31667355  9.381416
2.6003897  -0.31610015  9.383786
2.6026688  -0.31228718  9.384621
2.6039054  -0.30440626  9.387399
2.603452  -0.29686216  9.391173
2.6026857  -0.2916684  9.388234
2.6052537  -0.2850662  9.38104
2.6088746  -0.2756039  9.373212
2.611359  -0.26578957  9.371706
2.6111717  -0.26029304  9.375974
2.6088922  -0.25694332  9.381034
2.6058588  -0.25306383  9.382701
2.6031752  -0.24811809  9.383233
2.5994961  -0.24628699  9.382814
2.5957925  -0.24770576  9.380077
2.593551  -0.25174943  9.373711
2.594652  -0.25377813  9.365241
2.597329  -0.25481805  9.358527
2.5995905  -0.2558478  9.355373
2.6016657  -0.2579848  9.353714
2.6047392  -0.25874054  9.351866
2.609333  -0.25710005  9.34319
2.6169016  -0.25433406  9.329701
2.6253254  -0.25395718  9.314781
2.6339269  -0.25526512  9.304982
2.6405108  -0.2557085  9.299994
2.6470728  -0.25344732  9.302278
2.6531026  -0.25145215  9.312919
2.659221  -0.25143  9.328636
2.6646745  -0.2529596  9.336484
2.6707265  -0.25149652  9.333491
2.6782417  -0.24664159  9.322917
2.6879072  -0.2410773  9.312364
2.6990135  -0.23690958  9.304805
2.7104301  -0.23063588  9.301234
2.7230217  -0.2213916  9.298087
2.7371213  -0.21394296  9.293277
2.749757  -0.21416466  9.290151
2.75694  -0.21999498  9.289086
2.7604866  -0.22028317  9.291192
2.7621717  -0.21715741  9.286294
2.761573  -0.2154061  9.279687
2.753127  -0.2234311  9.278779
2.7387173  -0.23181081  9.283123
2.7237537  -0.236045  9.281061
2.7126253  -0.23790717  9.266031
2.7012527  -0.24783868  9.252841
2.6874192  -0.26490843  9.252864
2.6705048  -0.28288713  9.259181
2.6558514  -0.2984716  9.263992
2.644191  -0.3204628  9.266675
2.6347914  -0.35316142  9.2685585
2.6259239  -0.392311  9.270532
2.6159036  -0.42784715  9.275985
2.6075017  -0.45489278  9.291458
2.6031344  -0.47127533  9.314159
2.6048858  -0.47635195  9.338767
2.610029  -0.47136402  9.3628645
2.6117804  -0.46192023  9.3859415
2.608145  -0.45358482  9.405161
2.5977037  -0.45307496  9.411722
2.5865307  -0.46198678  9.398598
2.5790374  -0.47548738  9.360158
2.5781286  -0.4866825  9.301766
2.581875  -0.49665833  9.236104
2.5901215  -0.5135729  9.182235
2.603844  -0.5338571  9.150002
2.6223989  -0.5442541  9.150756
2.6431265  -0.543456  9.187157
2.6684654  -0.5566241  9.258229
2.70276  -0.6037101  9.331009
2.7449687  -0.67773086  9.376011
2.7909462  -0.7464312  9.392194
2.8396063  -0.792054  9.403323
2.8923008  -0.82235837  9.42813
2.9404953  -0.86110896  9.45021
2.9673193  -0.905978  9.468698
2.9601145  -0.9409601  9.518489
2.9215631  -0.95075864  9.627158
2.8667183  -0.9424011  9.766554
2.8125384  -0.92446667  9.874026
2.7683785  -0.8980418  9.921489
2.7399585  -0.8623948  9.923173
2.7169476  -0.8355043  9.891915
2.697129  -0.8290754  9.838223
2.6771107  -0.8394281  9.7767725
2.6648738  -0.8310484  9.737735
2.6591985  -0.79316235  9.725343
2.6564941  -0.742596  9.715833
2.6559846  -0.7035129  9.682092
2.6544325  -0.67996985  9.615476
2.6493785  -0.6663585  9.53252
2.6347692  -0.66682404  9.428726
2.6120687  -0.6886378  9.310479
2.5878384  -0.71993977  9.19456
2.569505  -0.74297285  9.112713
2.5633419  -0.74525625  9.0750265
2.570436  -0.72913975  9.076556
2.5895011  -0.70781356  9.110784
2.6223104  -0.69271684  9.187798
2.6658494  -0.6830292  9.317794
2.7178123  -0.65986305  9.4811535
2.771327  -0.6134421  9.635292
2.8381875  -0.5598164  9.740769
2.891924  -0.53589654  9.774666
2.8974218  -0.5363843  9.792002
2.8173711  -0.5327265  9.86303
2.6889932  -0.50211173  9.997794
2.5544746  -0.46298432  10.115863
2.4390652  -0.44915116  10.123933
2.3342524  -0.45278677  10.0288515
2.2385285  -0.4445844  9.901404
2.1635768  -0.4073856  9.794309
2.1239836  -0.35921335  9.681603
2.1266441  -0.33119234  9.518886
2.1594312  -0.33702266  9.329944
2.1996007  -0.36772606  9.176271
2.23394  -0.40228677  9.072656
2.2604532  -0.43210348  8.980014
2.2915556  -0.4475106  8.896016
2.330639  -0.4472668  8.842568
2.3781905  -0.43571696  8.824168
2.4198232  -0.44312122  8.804904
2.4519675  -0.4773495  8.787702
2.4778159  -0.51765186  8.799739
2.5088518  -0.5423255  8.851036
2.5505507  -0.55644685  8.922996
2.6045089  -0.5705461  9.016059
2.6791725  -0.5756226  9.16266
2.7787316  -0.5686174  9.340608
2.8728812  -0.56675524  9.496453
2.9145803  -0.5772853  9.639174
2.8792217  -0.59202737  9.826498
2.7975304  -0.59286976  10.017413
2.7126913  -0.5726743  10.118125
2.6322196  -0.52592075  10.068112
2.5387793  -0.47475576  9.939713
2.419202  -0.4504147  9.812797
2.288718  -0.47854662  9.716785
2.1531572  -0.5429018  9.639993
2.0435781  -0.6030229  9.574063
1.9835014  -0.6306892  9.463199
1.9988865  -0.6299577  9.271663
2.050473  -0.61772066  9.026989
2.1014826  -0.60300076  8.819447
2.129659  -0.5765758  8.720087
2.1488569  -0.5485992  8.706963
2.173797  -0.53434485  8.740083
2.22106  -0.54392165  8.78595
2.292199  -0.58014506  8.823194
2.3766167  -0.62211007  8.859995
2.4558473  -0.6280734  8.922177
2.522774  -0.57409304  9.036699
2.5810995  -0.49931857  9.1993265
2.6309786  -0.45369574  9.395806
2.6824315  -0.43376622  9.585059
2.7224457  -0.41383663  9.724788
2.719165  -0.4040825  9.849042
2.6555855  -0.4078512  10.020936
2.5595734  -0.41370368  10.194538
2.478215  -0.3988507  10.267606
2.4195344  -0.37280264  10.197731
2.3601007  -0.3486168  10.091987
2.282932  -0.33788726  10.007081
2.1815777  -0.34679902  9.929913
2.0597174  -0.35387075  9.84933
1.9525989  -0.33227858  9.772515
1.9037396  -0.2861902  9.655599
1.9319158  -0.24673022  9.449299
1.9962267  -0.23613368  9.214134
2.0506504  -0.2540015  9.051506
2.0823293  -0.29982385  9.001494
2.1172447  -0.35834876  8.985666
2.1692076  -0.41800427  8.946849
2.2275994  -0.45256504  8.892225
2.278055  -0.46451387  8.844119
2.3207073  -0.45819584  8.822816
2.3664854  -0.4529419  8.843655
2.4175396  -0.4522104  8.9227295
2.475577  -0.45702097  9.052282
2.5449202  -0.4677062  9.20427
2.6304243  -0.4980106  9.350118
2.7085905  -0.5313742  9.476279
2.7322886  -0.5272508  9.614211
2.6785078  -0.48242608  9.78737
2.5715  -0.41700673  9.969373
2.464382  -0.3630707  10.0827875
2.3769047  -0.33839712  10.071015
2.3016427  -0.3632702  9.984558
2.2197301  -0.42538646  9.899963
2.1337824  -0.4739355  9.847446
2.0491874  -0.4973234  9.800826
1.9838123  -0.51485866  9.741791
1.9624418  -0.5224182  9.626759
1.994564  -0.50880665  9.423074
2.0543082  -0.48324636  9.184474
2.0941894  -0.4853967  9.015572
2.098623  -0.5135951  8.980767
2.0853884  -0.53722674  8.997482
2.0827944  -0.5288692  8.99438
2.1006627  -0.49193645  8.956894
2.133051  -0.46373805  8.920205
2.1641533  -0.4679501  8.927386
2.1924403  -0.51153344  8.996707
2.2285306  -0.56617886  9.113779
2.2835972  -0.6118904  9.253863
2.353295  -0.6294479  9.401505
2.4082286  -0.63219684  9.554157
2.4138596  -0.6276522  9.726207
2.3623621  -0.60721284  9.925346
2.28812  -0.59455466  10.107217
2.2225897  -0.60925233  10.22409
2.1695628  -0.653013  10.246215
2.110018  -0.6808789  10.211564
2.0346005  -0.6789281  10.150401
1.9472566  -0.6598409  10.076868
1.8517103  -0.63073355  10.0037775
1.7523285  -0.57427037  9.930999
1.6711696  -0.5109792  9.856625
1.6441017  -0.49421978  9.730774
1.678064  -0.53243834  9.528708
1.7450795  -0.59094113  9.295827
1.7984613  -0.6273418  9.1194315
1.8303175  -0.65237004  9.0372095
1.8530623  -0.68065715  8.985534
1.8838764  -0.7076805  8.916923
1.9267726  -0.7272775  8.8387785
1.9709324  -0.74769473  8.797854
2.0105696  -0.77451867  8.822415
2.0488548  -0.8113628  8.91262
2.1031234  -0.85013556  9.051106
2.1828635  -0.87571806  9.226394
2.2908463  -0.8945391  9.409416
2.3992062  -0.9130277  9.560916
2.4650466  -0.93207043  9.69304
2.4567554  -0.9315162  9.867417
2.396856  -0.91034526  10.068707
2.3332546  -0.8660304  10.215531
2.287964  -0.80905724  10.230229
2.239659  -0.7401796  10.161374
2.166547  -0.68214244  10.090789
2.0705354  -0.65021974  10.046275
1.9703559  -0.6555402  9.995287
1.8966012  -0.68333954  9.909008
1.8727702  -0.7101634  9.75518
1.9024316  -0.7246173  9.542451
1.9480544  -0.71424246  9.319768
1.9741025  -0.6775978  9.150733
1.973371  -0.62667674  9.071481
1.9710432  -0.58030015  9.043482
1.9877582  -0.5492864  9.019319
2.022186  -0.53720456  8.975359
2.0614023  -0.5557154  8.91393
2.0983794  -0.5906308  8.884557
2.1369083  -0.61133623  8.91945
2.1882505  -0.6079223  9.02138
2.2521622  -0.6018703  9.162617
2.3299737  -0.6020033  9.322207
2.415633  -0.6013382  9.473462
2.4795446  -0.6012052  9.61206
2.4915378  -0.6008727  9.769501
2.4484646  -0.5981016  9.954896
2.3824465  -0.61047167  10.108835
2.3221483  -0.6337043  10.17645
2.263136  -0.6576906  10.169643
2.1938813  -0.646961  10.134217
2.103234  -0.6145506  10.0793495
1.9923028  -0.5797903  9.9965725
1.8707749  -0.5348325  9.903598
1.7697309  -0.47894564  9.819713
1.7305146  -0.4328129  9.713304
1.7620827  -0.43263555  9.518021
1.8268147  -0.47329262  9.269401
1.8746544  -0.5395322  9.063965
1.8963574  -0.6059713  8.986619
1.9169741  -0.66101575  8.97252
1.9527098  -0.68611056  8.936962
2.0000174  -0.697217  8.859816
2.0486996  -0.7103186  8.801801
2.099931  -0.7167032  8.805171
2.1589658  -0.7064391  8.871345
2.2274666  -0.6933818  8.955983
2.3060095  -0.70870024  9.052106
2.3949718  -0.7479164  9.182612
2.4986541  -0.7846275  9.355617
2.5986118  -0.8120722  9.5317
2.660085  -0.8325116  9.69302
2.663832  -0.83195734  9.865158
2.6233523  -0.7845833  10.045676
2.56966  -0.7001211  10.169398
2.511778  -0.61647916  10.171638
2.4384222  -0.5658684  10.083496
2.344871  -0.5431013  9.974404
2.2340727  -0.5427466  9.882472
2.1217449  -0.56449395  9.806212
2.0468154  -0.5995646  9.721639
2.0374382  -0.63217455  9.583951
2.0854328  -0.6476481  9.395074
2.146463  -0.63419193  9.206864
2.189337  -0.5990326  9.079306
2.2213926  -0.55890757  9.009652
2.254601  -0.5451409  8.955361
2.2929745  -0.558708  8.909339
2.3332992  -0.5812977  8.877239
2.375375  -0.5980128  8.861233
2.4217293  -0.61031634  8.866931
2.4770179  -0.6223982  8.918296
2.5461617  -0.6311548  9.030402
2.6278746  -0.6378053  9.185227
2.7158616  -0.6415296  9.345305
2.80509  -0.64964336  9.492328
2.8873131  -0.65086263  9.61951
2.935463  -0.65611655  9.753474
2.9319162  -0.64263815  9.89717
2.8827686  -0.6188734  10.008079
2.8181477  -0.5994316  10.035435
2.7502453  -0.61053807  9.97139
2.6697514  -0.6383374  9.889388
2.5698822  -0.64396816  9.835363
2.458485  -0.61949414  9.8021555
2.350436  -0.5763764  9.747664
2.2670157  -0.5373819  9.651963
2.2330534  -0.5125752  9.501218
2.252983  -0.51581186  9.291371
2.307296  -0.5523235  9.064098
2.3589487  -0.6219327  8.879634
2.39597  -0.7105403  8.788654
2.428292  -0.7860463  8.762562
2.4691484  -0.82690287  8.762739
2.5206902  -0.8312258  8.769322
2.5763776  -0.8200085  8.794417
2.631333  -0.8036482  8.851945
2.6878185  -0.7879085  8.942658
2.7517745  -0.7784204  9.054055
2.824931  -0.78584677  9.18966
2.8971112  -0.8050447  9.334111
2.9367707  -0.8068626  9.456947
2.9281251  -0.77168113  9.571403
2.8761399  -0.7162598  9.700246
2.8151987  -0.66658014  9.841659
2.7609746  -0.63696295  9.950218
2.7095659  -0.61151344  10.018121
2.6433265  -0.58845824  10.057736
2.5559158  -0.5693933  10.068311
2.455293  -0.55425215  10.027077
2.351788  -0.53804696  9.9420395
2.2492588  -0.5182727  9.814348
2.1523597  -0.5047942  9.666396
2.082041  -0.50195664  9.488494
2.049697  -0.51902646  9.300195
2.0481007  -0.5368499  9.138985
2.0516255  -0.5456952  9.043217
2.05249  -0.5359189  9.016015
2.0680525  -0.51933676  8.991385
2.1164463  -0.4938651  8.94073
2.193615  -0.4534962  8.875465
2.2761486  -0.4063437  8.851014
2.3429868  -0.37641618  8.905837
2.3980534  -0.37419927  9.046518
2.4602804  -0.38401994  9.248517
2.5461395  -0.38111588  9.46107
2.6298034  -0.36415696  9.639682
2.6696625  -0.3572847  9.8082075
2.6382275  -0.3555334  10.013909
2.5668447  -0.3609204  10.206666
2.4930456  -0.37437668  10.292281
2.4241235  -0.4073856  10.247833
2.3462899  -0.43742397  10.16541
2.2524729  -0.43299028  10.101787
2.1539557  -0.3891631  10.0365
2.0605822  -0.31735918  9.932752
1.9802212  -0.24546665  9.79382
1.9365047  -0.20797966  9.656665
1.9392538  -0.22128077  9.517822
1.9875368  -0.25377986  9.361579
2.0475914  -0.2838404  9.192677
2.0944335  -0.30188555  9.061971
2.1230974  -0.32336685  8.97784
2.149478  -0.34566844  8.912399
2.1913764  -0.36706105  8.84678
2.2517633  -0.3811381  8.806411
2.3238108  -0.38346577  8.801623
2.3988068  -0.38406432  8.839997
2.4718745  -0.395991  8.91455
2.5485775  -0.40793982  9.020736
2.6298034  -0.4011341  9.141355
2.6941586  -0.38113806  9.270331
2.7146866  -0.3551122  9.43817
2.6929615  -0.32613793  9.635802
2.65594  -0.279451  9.83665
2.6184309  -0.22948311  9.97762
2.571234  -0.20682688  10.053436
2.5080094  -0.218421  10.07822
2.4366045  -0.24041219  10.062504
2.3633375  -0.24327195  9.997373
2.2826216  -0.23252021  9.871478
2.1837056  -0.23500307  9.7124405
2.0845015  -0.259854  9.56256
2.0234938  -0.27435222  9.414696
2.026797  -0.27769968  9.226218
2.0679195  -0.26413253  9.030248
2.104985  -0.24140978  8.89788
2.1287055  -0.19886835  8.851613
2.1560838  -0.15280215  8.83175
2.2004652  -0.1220544  8.809117
2.2517633  -0.111435674  8.801557
2.301687  -0.10822123  8.8333025
2.3498812  -0.11436192  8.911956
2.4074528  -0.11442843  9.02752
2.4831364  -0.08928931  9.163013
2.5686848  -0.046747893  9.284919
2.639225  -0.035929628  9.380731
2.651307  -0.097602464  9.487074
2.6025362  -0.18878166  9.66307
2.514106  -0.25435618  9.887526
2.4283578  -0.28286496  10.058068
2.3480413  -0.31277028  10.108125
2.2666826  -0.34999123  10.092185
2.17741  -0.3646003  10.073052
2.0910857  -0.34152284  10.055119
2.0106583  -0.30434623  10.00105
1.9408274  -0.28377387  9.907543
1.895271  -0.27998304  9.786725
1.8879553  -0.2810471  9.625051
1.9127175  -0.2810028  9.443844
1.9410712  -0.29312897  9.270199
1.9563011  -0.32059577  9.148338
1.9691811  -0.3512105  9.051594
1.9895539  -0.37803444  8.949641
2.017309  -0.408494  8.843986
2.0415833  -0.4414586  8.774377
2.0653257  -0.46551147  8.779875
2.0950537  -0.47251675  8.863141
2.1452878  -0.46874806  8.991829
2.213988  -0.47267187  9.120894
2.3014429  -0.48940912  9.226594
2.3959475  -0.5169203  9.312275
2.464936  -0.537005  9.412167
2.4766188  -0.5350763  9.6013975
2.4258974  -0.52507836  9.864982
2.3544703  -0.53042096  10.095932
2.300623  -0.5544295  10.179795
2.2626703  -0.576864  10.1309805
2.212636  -0.58477825  10.05011
2.1295261  -0.5925815  9.992139
2.0215433  -0.62450427  9.946361
1.9151343  -0.67478245  9.893823
1.8369459  -0.69879097  9.818805
1.8257505  -0.65516335  9.677236
1.8791324  -0.5750906  9.423363
1.9674517  -0.5026881  9.1050005
2.0342014  -0.45757517  8.855738
2.072442  -0.41736147  8.74884
2.099044  -0.37867737  8.730174
2.138482  -0.3489937  8.731372
2.1876297  -0.3336974  8.756488
2.2365334  -0.33957207  8.83195
2.2794962  -0.35719606  8.944787
2.3276684  -0.37559593  9.069374
2.3936417  -0.38404214  9.199393
2.4760423  -0.39038232  9.338699
2.5680192  -0.39889506  9.480068
2.646252  -0.41104344  9.597539
2.6771774  -0.42886695  9.730329
2.6418407  -0.43123898  9.919359
2.5631866  -0.4197335  10.128032
2.4856856  -0.41554365  10.26091
2.4220176  -0.4482201  10.245547
2.3565094  -0.49621496  10.138407
2.273577  -0.5251227  10.02036
2.1818657  -0.5177849  9.931464
2.0929034  -0.48167232  9.862276
2.0132077  -0.42871174  9.790296
1.9681832  -0.37814534  9.692222
1.9753437  -0.34781882  9.508711
2.0283267  -0.33529356  9.245393
2.0826395  -0.33196828  8.996684
2.1076012  -0.33806464  8.877484
2.1125891  -0.36362496  8.87713
2.1300578  -0.3981857  8.898854
2.1776536  -0.42547515  8.892181
2.246908  -0.43412086  8.875488
2.3141897  -0.43385485  8.8891
2.3673942  -0.43607172  8.955384
2.4091375  -0.451368  9.072612
2.4517233  -0.48475385  9.2275915
2.5100267  -0.5359853  9.398599
2.5928705  -0.58621925  9.549767
2.672389  -0.60346633  9.66389
2.7060187  -0.58125347  9.776971
2.6645858  -0.54456455  9.924947
2.5751135  -0.5159228  10.058467
2.483225  -0.4800541  10.108658
2.4088275  -0.4272708  10.059953
2.33893  -0.37519693  9.994578
2.2572167  -0.35431418  9.945053
2.1665695  -0.3630042  9.889743
2.077186  -0.38940692  9.7961035
2.0066237  -0.41727278  9.676836
1.9786693  -0.43055174  9.515072
2.0052714  -0.4396852  9.291967
2.0645282  -0.4370693  9.060551
2.117378  -0.42090845  8.9118
2.1493447  -0.37912074  8.891515
2.1758583  -0.3316357  8.921243
2.2154953  -0.2906239  8.932682
2.270806  -0.2599205  8.908718
2.3277571  -0.23850568  8.881385
2.378213  -0.23298573  8.881584
2.4207544  -0.2429394  8.925411
2.4694808  -0.25777018  9.016656
2.530134  -0.2694752  9.151974
2.6024697  -0.27151465  9.321364
2.6777318  -0.2662607  9.492439
2.7287197  -0.26736912  9.656177
2.7246406  -0.2700515  9.842038
2.6572704  -0.27220187  10.033818
2.5646725  -0.27614787  10.155258
2.4867942  -0.29700842  10.1323805
2.4215076  -0.33369735  10.020408
2.345935  -0.35775027  9.92546
2.2472627  -0.3519421  9.882918
2.1398118  -0.31126285  9.853921
2.0354426  -0.25244972  9.808984
1.961311  -0.20802395  9.752366
1.9411157  -0.19920087  9.655067
1.9816176  -0.2307467  9.48335
2.054685  -0.28257677  9.271995
2.123452  -0.33808675  9.095665
2.1741292  -0.38865325  8.993468
2.2107072  -0.42798018  8.907233
2.2426078  -0.45205522  8.811841
2.2738655  -0.461233  8.735714
2.3067634  -0.45234337  8.744759
2.343674  -0.4370028  8.851302
2.389984  -0.4346086  9.0169
2.4480877  -0.45921564  9.185536
2.5206454  -0.49504003  9.336815
2.6063268  -0.5204008  9.463509
2.6801255  -0.52671885  9.572932
2.7057083  -0.51836133  9.697986
2.6624794  -0.49034032  9.862321
2.5772192  -0.44387504  10.030004
2.4931562  -0.39348593  10.12626
2.4232588  -0.35925773  10.137742
2.3537827  -0.34699854  10.124463
2.2681458  -0.35506788  10.121316
2.174218  -0.36912277  10.111407
2.0854108  -0.38696846  10.051619
2.0075772  -0.40809503  9.948779
1.9559911  -0.43030795  9.813085
1.9484762  -0.4499714  9.631591
1.9850098  -0.46127737  9.428106
2.0270855  -0.46247447  9.279865
2.0416946  -0.4483088  9.256389
2.0424926  -0.4185586  9.301746
2.059363  -0.3851284  9.312608
2.1038775  -0.348905  9.255258
2.155131  -0.32168207  9.172347
2.196675  -0.3164724  9.108811
2.2267578  -0.3383306  9.084538
2.259013  -0.37067452  9.103803
2.307318  -0.38302243  9.163083
2.370432  -0.37136176  9.255879
2.4370482  -0.34562406  9.383216
2.5099385  -0.317204  9.5317
2.5840034  -0.30647442  9.652673
2.6338825  -0.32281268  9.770366
2.6173003  -0.3345177  9.936786
2.552324  -0.31609562  10.1174135
2.4879246  -0.27264526  10.203605
2.4452057  -0.2366879  10.14856
2.4071867  -0.208157  10.041154
2.345935  -0.18179864  9.952924
2.2626925  -0.16224597  9.897437
2.185856  -0.15867683  9.849353
2.1577466  -0.1696059  9.76008
2.2013521  -0.20596232  9.600023
2.2801611  -0.2676352  9.420346
2.3449376  -0.33921742  9.310479
2.3812053  -0.40452588  9.279044
2.4090047  -0.4511241  9.259093
2.4458268  -0.4747558  9.204381
2.487149  -0.4795442  9.12954
2.523306  -0.47338137  9.08476
2.554918  -0.4589053  9.089084
2.589412  -0.42975366  9.132333
2.631732  -0.39100304  9.18148
2.6827419  -0.35544476  9.219055
2.739072  -0.33281064  9.247254
2.7933629  -0.31729266  9.283788
2.839917  -0.29470292  9.341691
2.8743446  -0.27111563  9.416179
2.8998163  -0.26730266  9.483459
2.9167087  -0.28767553  9.525779
2.9266176  -0.31334668  9.552936
2.927859  -0.3205293  9.57404
2.9180384  -0.31831244  9.582021
2.896247  -0.3296406  9.563533
2.8657653  -0.3607652  9.520482
2.8357713  -0.3960575  9.463776
2.7973087  -0.4216843  9.4123
2.7566292  -0.41966698  9.399087
2.7390053  -0.3834436  9.375344
2.785648  -0.3482621  9.265344
2.8720388  -0.34360674  9.089016
2.9456384  -0.36249432  8.956182
2.9815292  -0.36358058  8.926742
3.0030327  -0.33675668  8.945142
3.035754  -0.3006663  8.942504
3.0807335  -0.26896527  8.91772
3.1321647  -0.2400797  8.893711
3.1843936  -0.22074872  8.896705
3.2304153  -0.20975314  8.930378
3.272602  -0.2039228  8.979858
3.315299  -0.19909008  9.030824
3.358949  -0.1830179  9.08159
3.4046164  -0.1575684  9.117325
3.4504163  -0.12744136  9.126303
3.4967706  -0.09620591  9.110675
3.5363414  -0.07474678  9.076668
3.5627  -0.06614538  9.03109
3.5729637  -0.068716936  8.993847
3.5711906  -0.06902729  8.982452
3.5637858  -0.05424087  9.000453
3.5583324  -0.021143248  9.025903
3.5597067  0.024257911  9.037274
3.5656922  0.06143454  9.029649
3.568929  0.07903636  9.010495
3.5648057  0.085398726  9.000164
3.5580223  0.092758685  9.012202
3.5559385  0.10428632  9.040334
3.561547  0.10707956  9.064652
3.5717888  0.10512873  9.074806
3.5831392  0.10665836  9.07884
3.592494  0.117565274  9.087907
3.597748  0.12838352  9.0943575
3.599477  0.124082826  9.087042
3.5993884  0.112178326  9.066026
3.6006744  0.10136009  9.040688
3.6024923  0.09623917  9.023994
3.6038446  0.085177064  9.017123
3.601628  0.07043499  9.019561
3.5994778  0.057998437  9.033416
3.5944679  0.049618732  9.046584
3.5904553  0.038911317  9.058268
3.5863764  0.025942713  9.057071
3.5859776  0.012951944  9.04583
3.587485  0.005192958  9.0300455
3.5877512  0.0020893642  9.022664
3.5832283  -6.5952766E-4  9.026455
3.575536  -0.0012359109  9.029913
3.5687523  0.0011361266  9.032596
3.561924  0.006700421  9.045875
3.5527241  0.0068556084  9.076489
3.539357  -0.0059799743  9.112647
3.5274744  -0.020943731  9.143749
3.5206242  -0.025399609  9.17126
3.5189393  -0.019502776  9.18587
3.5227077  -0.018593865  9.180815
3.5288484  -0.036151342  9.157516
3.5347452  -0.0692933  9.132442
3.5387356  -0.10256827  9.122001
3.5410411  -0.12976904  9.121913
3.5533888  -0.15246964  9.104289
3.573806  -0.16987193  9.07035
3.5974598  -0.17780827  9.040511
3.609409  -0.17279816  9.035702
3.6124241  -0.1653052  9.043461
3.613466  -0.16062762  9.049401
3.618254  -0.15943055  9.056917
3.6259468  -0.15931968  9.065341
3.6340382  -0.1602951  9.066471
3.6402454  -0.15998475  9.060662
3.6442358  -0.16096018  9.054765
3.6468296  -0.16005127  9.055829
3.6493347  -0.15861031  9.05871
3.6501548  -0.15331203  9.0548525
3.6511745  -0.15242529  9.04665
3.6512187  -0.15630479  9.039356
3.6526153  -0.16302186  9.039623
3.654832  -0.16550474  9.042107
3.6590216  -0.16326572  9.045521
3.6634777  -0.16173609  9.051551
3.6662486  -0.16674615  9.055852
3.6679776  -0.17652248  9.0559845
3.6693523  -0.18727422  9.0516405
3.6690862  -0.20086354  9.047073
3.6675122  -0.21995063  9.037896
3.6662045  -0.24078904  9.021426
3.6676013  -0.25185114  9.003225
3.6712592  -0.25402364  8.992008
3.6743405  -0.24987817  8.987751
3.67556  -0.24586566  8.984847
3.6765797  -0.24318327  8.981212
3.6791735  -0.24105509  8.979947
3.6846714  -0.23859437  8.979215
3.6903906  -0.2345597  8.979037
3.6938932  -0.23724209  8.972232
3.6965091  -0.24440251  8.95585
3.6921418  -0.24657504  8.954409
