2.4135048  0.064493805  9.573066
2.418892  -0.0013467409  9.558102
2.424811  -0.04297925  9.562026
2.4397748  -0.080488406  9.56462
2.460285  -0.02510254  9.5610285
2.4839609  0.04712255  9.517267
2.499894  0.05533124  9.4824095
2.4980383  -0.045743983  9.475925
2.4867768  -0.17046416  9.508247
2.4772685  -0.2550479  9.531014
2.4741032  -0.2907614  9.547801
2.4760542  -0.29785535  9.539954
2.4783623  -0.30803987  9.505618
2.4863586  -0.30764082  9.4427
2.4930623  -0.31301448  9.37585
2.5006902  -0.31918034  9.322568
2.504221  -0.32441473  9.295892
2.5061185  -0.32795283  9.303509
2.5068429  -0.33326364  9.330393
2.5113897  -0.34179592  9.350507
2.5176857  -0.3519238  9.354883
2.525903  -0.3563666  9.349298
2.5345724  -0.35778058  9.344247
2.5431182  -0.3591582  9.336522
2.5488212  -0.36464167  9.326659
2.5517452  -0.3682156  9.319336
2.5554953  -0.36494207  9.320747
2.5616858  -0.35719395  9.33007
2.5699766  -0.34808493  9.334197
2.5792282  -0.3417418  9.326229
2.5902965  -0.33881435  9.299739
2.603367  -0.3385211  9.264435
2.616886  -0.33369398  9.23037
2.6277611  -0.32163587  9.2091875
2.6386373  -0.3032882  9.207527
2.6526072  -0.28212932  9.218755
2.6761568  -0.2599921  9.228837
2.704622  -0.23338479  9.235882
2.7331307  -0.2058293  9.241801
2.7545679  -0.18386029  9.248851
2.7666495  -0.17809647  9.251312
2.7687778  -0.1801138  9.25282
2.7634795  -0.17479336  9.247456
2.7579153  -0.15258048  9.231827
2.7552109  -0.13083316  9.198484
2.7568512  -0.1260891  9.155101
2.7629478  -0.13788272  9.105865
2.7742093  -0.16144788  9.066404
2.7889512  -0.18765108  9.0455885
2.8036716  -0.21001916  9.056252
2.82032  -0.21132708  9.102584
2.8415127  -0.19545442  9.187378
2.8731916  -0.18139958  9.277626
2.9148684  -0.18168777  9.334377
2.9601364  -0.19046651  9.342292
2.995451  -0.19749393  9.324956
3.0156689  -0.19986598  9.302854
3.0228958  -0.20746978  9.276806
3.025955  -0.22150247  9.243686
3.0310535  -0.23932596  9.212982
3.0436451  -0.2519177  9.1990385
3.0654147  -0.26869926  9.203073
3.0928593  -0.29893717  9.210167
3.1230085  -0.33671233  9.209834
3.1545544  -0.36114204  9.207374
3.1900241  -0.36726058  9.213868
3.2275999  -0.3713839  9.230495
3.2633133  -0.390072  9.249959
3.2925093  -0.41942313  9.27736
3.3158085  -0.45032609  9.319968
3.3314817  -0.48337936  9.371266
3.3303957  -0.52250683  9.420947
3.2980077  -0.5669769  9.483151
3.2319233  -0.6054615  9.581758
3.1501882  -0.6250141  9.692046
3.0758126  -0.62873846  9.781474
3.0275517  -0.6233516  9.825123
3.0034323  -0.6101613  9.846648
3.0010383  -0.5898549  9.853676
3.0062702  -0.5744256  9.863563
3.0103266  -0.57418174  9.88194
3.0048292  -0.58451223  9.906369
2.9900868  -0.58856905  9.908764
2.969204  -0.57604384  9.871254
2.9444637  -0.5461385  9.788676
2.916598  -0.5199575  9.668079
2.885828  -0.51931465  9.525825
2.8452594  -0.54884315  9.378382
2.7969983  -0.57074565  9.242444
2.7504222  -0.5728073  9.129695
2.7243965  -0.56116885  9.049557
2.7309582  -0.54662627  9.014707
2.763036  -0.5285589  9.036899
2.8053558  -0.5108683  9.107793
2.841158  -0.5080751  9.209613
2.8715954  -0.51091266  9.331185
2.8979318  -0.50816375  9.463887
2.9100802  -0.5014245  9.583885
2.888732  -0.49852037  9.692889
2.83535  -0.48945346  9.790385
2.768091  -0.48858893  9.86383
2.7017848  -0.51275265  9.871899
2.6307569  -0.56391764  9.826453
2.5476468  -0.60880893  9.784908
2.4540513  -0.62765217  9.781628
2.3636036  -0.61971587  9.798519
2.289317  -0.59920996  9.79812
2.2473075  -0.57945776  9.753318
2.2476623  -0.5700583  9.651498
2.285792  -0.57870406  9.479337
2.3406813  -0.605661  9.271462
2.3900282  -0.6450102  9.063101
2.4219067  -0.6824749  8.897391
2.4393976  -0.7224005  8.767063
2.442612  -0.76407737  8.673467
2.4439867  -0.79688686  8.604833
2.454295  -0.8105426  8.562314
2.4818504  -0.8098111  8.55859
2.523128  -0.81413394  8.625318
2.570347  -0.8326225  8.770188
2.6294262  -0.8668063  8.9826975
2.7047107  -0.89910585  9.219546
2.7823448  -0.9136706  9.429437
2.834153  -0.8984631  9.58271
2.8312263  -0.87744737  9.71887
2.778177  -0.8534832  9.856514
2.6986806  -0.8302283  9.977288
2.6157703  -0.80910164  10.025283
2.5393777  -0.7995692  10.004601
2.4688375  -0.79260826  9.961261
2.409847  -0.7652301  9.925281
2.3621845  -0.7271667  9.869725
2.319111  -0.70838994  9.769013
2.2767248  -0.71490747  9.627511
2.251076  -0.7192969  9.461735
2.2456667  -0.7226665  9.287003
2.2524283  -0.72353107  9.129717
2.2524946  -0.7140207  9.036476
2.2526276  -0.676312  9.000695
2.269986  -0.6262556  8.9755125
2.317338  -0.5932023  8.920601
2.3864372  -0.5836033  8.861145
2.4577532  -0.5791696  8.830818
2.51732  -0.56806314  8.85598
2.5687292  -0.5561364  8.913707
2.6294708  -0.55141455  8.99839
2.71329  -0.54742426  9.11462
2.794604  -0.5378474  9.262905
2.8377218  -0.5354975  9.457745
2.8163958  -0.53410095  9.705634
2.7608635  -0.53458863  9.9521475
2.7089891  -0.53403443  10.116905
2.6720564  -0.5418821  10.155501
2.6335943  -0.55478424  10.118081
2.5751579  -0.56269836  10.048738
2.5016692  -0.55895185  9.963233
2.4176724  -0.53434473  9.858907
2.3271582  -0.49962887  9.744562
2.2436273  -0.4729379  9.626492
2.1943023  -0.4742237  9.49838
2.1983368  -0.4972346  9.34014
2.2406788  -0.52811545  9.173168
2.2883854  -0.5549837  9.037475
2.318845  -0.57453626  8.961637
2.3383977  -0.5867068  8.911092
2.3620737  -0.6006286  8.848777
2.3986075  -0.6314872  8.762852
2.438866  -0.68681985  8.690625
2.4826488  -0.73530245  8.668744
2.5350554  -0.7397141  8.733876
2.5959747  -0.71220285  8.885531
2.669574  -0.68371636  9.083142
2.7438385  -0.67748696  9.265988
2.795026  -0.6818099  9.419749
2.7943828  -0.68493557  9.595546
2.7519743  -0.6698167  9.786881
2.699989  -0.6344579  9.951439
2.6538563  -0.59805715  10.02834
2.6031568  -0.5894336  10.051085
2.5408852  -0.60497373  10.050442
2.470877  -0.6158142  10.03592
2.3946173  -0.60719067  9.986218
2.3026402  -0.59193873  9.889143
2.2125473  -0.57750696  9.773623
2.1504757  -0.55558234  9.620483
2.145776  -0.5345666  9.40454
2.1755927  -0.525943  9.153127
2.2010863  -0.53019935  8.952303
2.2097762  -0.5206225  8.857201
2.2184885  -0.48670462  8.825478
2.247485  -0.43720224  8.818738
2.289472  -0.39417315  8.83184
2.3309937  -0.3717164  8.877839
2.3720496  -0.37561813  8.957136
2.4207318  -0.39452788  9.07064
2.4852421  -0.41237354  9.209525
2.5618122  -0.4152998  9.3663
2.646097  -0.40525746  9.522144
2.721714  -0.39619052  9.641833
2.7619057  -0.4125509  9.751856
2.7404468  -0.44425187  9.909031
2.6697512  -0.47140837  10.08804
2.5819194  -0.47444543  10.205867
2.508896  -0.45952603  10.182944
2.440573  -0.43997335  10.076335
2.3662198  -0.43046308  9.962455
2.2814474  -0.4266944  9.873538
2.1921082  -0.41142026  9.805858
2.1122348  -0.37417713  9.748752
2.0698483  -0.33054945  9.6736
2.0863197  -0.30678478  9.533783
2.1405659  -0.3184676  9.340053
2.1895807  -0.35491267  9.134218
2.2119045  -0.39767575  8.9679985
2.2231882  -0.42600715  8.833369
2.2378638  -0.44203496  8.73208
2.2582586  -0.45495924  8.688121
2.2806933  -0.4622749  8.709025
2.3081825  -0.4651568  8.792534
2.3489282  -0.47389117  8.90934
2.4097807  -0.5021561  9.053701
2.4924917  -0.5423698  9.212274
2.5957973  -0.5720091  9.383836
2.6934052  -0.5832929  9.550388
2.743905  -0.5871502  9.735717
2.7266357  -0.5938895  9.943436
2.671281  -0.5918278  10.118434
2.6215346  -0.56108004  10.183299
2.5874836  -0.5072105  10.126503
2.544366  -0.448087  10.024106
2.477971  -0.39973745  9.936674
2.3958585  -0.3611642  9.8731165
2.3161848  -0.33819762  9.798541
2.2437158  -0.3327885  9.693351
2.1810675  -0.33218995  9.595099
2.147704  -0.3120166  9.48714
2.162668  -0.28437245  9.324555
2.2110174  -0.26513013  9.132642
2.2579257  -0.2573268  9.009408
2.2759488  -0.2451341  9.031422
2.290181  -0.22223401  9.107215
2.3226802  -0.19576478  9.129052
2.3845303  -0.17239916  9.064386
2.454073  -0.1683423  8.971211
2.518273  -0.18494654  8.922108
2.5748918  -0.202504  8.94778
2.634126  -0.19357009  9.046031
2.7024496  -0.15661515  9.20121
2.7872887  -0.1103716  9.387005
2.8675165  -0.08678428  9.552182
2.9130507  -0.09702613  9.726162
2.902521  -0.12305198  9.917144
2.8535287  -0.14393474  10.081988
2.8001912  -0.15803394  10.130715
2.7512653  -0.17734273  10.054212
2.6985261  -0.1908877  9.939534
2.6284735  -0.18020248  9.838114
2.5408192  -0.14380173  9.758794
2.4415705  -0.100750424  9.681647
2.3585272  -0.06621185  9.588717
2.3252745  -0.04058502  9.43715
2.350879  -0.019968279  9.2218485
2.401179  -0.020322977  8.995841
2.4401293  -0.054152172  8.842944
2.4634285  -0.11380771  8.78258
2.4887006  -0.16909604  8.765732
2.5223968  -0.21110539  8.745757
2.5594404  -0.23721993  8.725784
2.5942006  -0.2521172  8.7378435
2.626057  -0.2571716  8.799073
2.6598196  -0.26524094  8.892247
2.7005208  -0.28701046  8.997237
2.755277  -0.31700447  9.102383
2.8332882  -0.34768572  9.2071295
2.9249775  -0.37781277  9.286626
2.9982665  -0.3934416  9.348056
3.0070896  -0.39616835  9.463265
2.9492075  -0.37357864  9.655111
2.8597796  -0.332589  9.858996
2.7786648  -0.2741084  9.972299
2.7061293  -0.21343313  9.982852
2.6277637  -0.16820931  9.955362
2.5349662  -0.14748172  9.921887
2.4337666  -0.15728024  9.87713
2.3282888  -0.19290505  9.812131
2.2424524  -0.22531544  9.7459135
2.1999552  -0.22815299  9.632234
2.2094212  -0.20394497  9.460029
2.2418978  -0.18148826  9.278623
2.2610514  -0.18042417  9.1831875
2.2614064  -0.18895905  9.175273
2.2585468  -0.19492239  9.1664505
2.2681682  -0.19685107  9.115153
2.2897604  -0.19997685  9.038428
2.3160963  -0.2026814  8.97988
2.348839  -0.20037587  8.967045
2.3943956  -0.1950776  9.012734
2.4597263  -0.19432385  9.104889
2.5444543  -0.2022602  9.226084
2.6412866  -0.21241337  9.351956
2.746055  -0.20924328  9.477298
2.862196  -0.18558943  9.59213
2.9744797  -0.14743738  9.665751
3.03531  -0.13072231  9.732236
3.0123212  -0.1325623  9.848577
2.9249551  -0.14745955  9.983981
2.8329775  -0.15847729  10.027321
2.7642107  -0.172776  9.913952
2.6960204  -0.17652248  9.752232
2.5947325  -0.16078283  9.639771
2.461788  -0.13185288  9.613258
2.3479524  -0.11604672  9.623456
2.3046792  -0.117842354  9.586346
2.3344963  -0.15167154  9.468609
2.3965237  -0.21647018  9.306491
2.4493954  -0.30350387  9.1730795
2.4862175  -0.38271204  9.079284
2.517963  -0.43819988  8.993537
2.5527675  -0.47100937  8.895684
2.58622  -0.48659387  8.7937975
2.611049  -0.49131575  8.708072
2.629737  -0.48841166  8.67136
2.654721  -0.4817389  8.691157
2.6989691  -0.47550955  8.754537
2.7625487  -0.4695905  8.836494
2.8395844  -0.46453607  8.930333
2.9258869  -0.45914912  9.044147
3.021167  -0.4571096  9.1827
3.1190856  -0.45988068  9.31693
3.1839504  -0.46757314  9.43571
3.1839283  -0.47553167  9.5816
3.1129446  -0.47061023  9.750747
3.0077991  -0.4509246  9.878348
2.900858  -0.4175388  9.879855
2.7919216  -0.37832263  9.800891
2.6685982  -0.34032574  9.736602
2.528515  -0.31986418  9.73066
2.3835328  -0.32600486  9.7491045
2.2616942  -0.34657726  9.7632475
2.1984475  -0.36041042  9.697453
2.2152512  -0.37958622  9.517755
2.2795842  -0.4142578  9.291703
2.3325891  -0.4607674  9.154768
2.341501  -0.49200287  9.160642
2.3332546  -0.5111565  9.192388
2.3432524  -0.51955837  9.156807
2.3825572  -0.52306104  9.045343
2.4308627  -0.5183169  8.9132185
2.4697907  -0.5192259  8.804615
2.500472  -0.5229059  8.745159
2.5330155  -0.5217974  8.757153
2.5797913  -0.5054149  8.852279
2.644435  -0.4763076  9.026013
2.72903  -0.43902016  9.236682
2.8215837  -0.407962  9.417911
2.8883998  -0.40144446  9.564712
2.895959  -0.4021317  9.750195
2.8412468  -0.3958358  9.982366
2.7606199  -0.38490674  10.153972
2.685468  -0.39576933  10.150445
2.6149724  -0.41815957  10.023774
2.5287588  -0.42778072  9.909273
2.4155664  -0.41470125  9.857177
2.2884965  -0.3906927  9.825432
2.16923  -0.36409044  9.784774
2.0954533  -0.33930603  9.718778
2.084613  -0.32651478  9.585235
2.1287727  -0.3330545  9.393765
2.1853025  -0.36049917  9.212205
2.2229002  -0.41317165  9.124774
2.2495468  -0.48233747  9.108059
2.284174  -0.5573558  9.083564
2.336403  -0.6225092  8.996951
2.391403  -0.6809233  8.850749
2.4339666  -0.72508305  8.715454
2.4633396  -0.7373422  8.683421
2.4836016  -0.71213657  8.761233
2.513529  -0.66516143  8.907523
2.5671105  -0.6203145  9.057936
2.652703  -0.58227324  9.19527
2.728453  -0.560016  9.340075
2.753171  -0.560415  9.556439
2.7191646  -0.5637403  9.823591
2.6726773  -0.54294616  10.055474
2.6467621  -0.485441  10.151508
2.628828  -0.42447755  10.150578
2.5917623  -0.38417518  10.125927
2.52437  -0.37885475  10.108902
2.4405727  -0.4007795  10.067225
2.3471544  -0.4460698  9.974473
2.253825  -0.5053706  9.864783
2.1853907  -0.55090475  9.744451
2.1735303  -0.58160824  9.5584135
2.2154953  -0.5975917  9.286672
2.2691433  -0.60785574  9.0340395
2.297386  -0.6040871  8.9198265
2.309357  -0.59750295  8.916257
2.3414571  -0.5907859  8.901604
2.415788  -0.58278304  8.834434
2.514549  -0.57919174  8.760413
2.609519  -0.596062  8.730661
2.6867762  -0.6417735  8.764801
2.7615726  -0.6921405  8.856423
2.8520868  -0.73080236  8.993514
2.9610674  -0.74363786  9.145013
3.0582988  -0.7417314  9.301679
3.102259  -0.7302703  9.497891
3.0840147  -0.7174347  9.718913
3.0330935  -0.70954275  9.892957
2.9842784  -0.71346664  9.955872
2.93901  -0.7359011  9.92007
2.887202  -0.7625699  9.844852
2.8236673  -0.7799501  9.759282
2.7536812  -0.77686864  9.675838
2.6788845  -0.7582249  9.610264
2.6015606  -0.7370982  9.570516
2.5562704  -0.711294  9.516625
2.5679972  -0.68267447  9.362065
2.6308897  -0.66870826  9.1162615
2.6928508  -0.6871746  8.875378
2.7222462  -0.73734206  8.757685
2.7320669  -0.79631037  8.723167
2.7489593  -0.85321695  8.686368
2.785803  -0.90462583  8.599711
2.8359926  -0.9495836  8.499621
2.8926332  -0.97580904  8.44513
2.9475224  -0.9781367  8.464594
2.9995744  -0.96638733  8.5529585
3.0512712  -0.9623527  8.691556
3.1187744  -0.9756095  8.855892
3.1869428  -0.9887776  9.034349
3.223011  -0.99398714  9.25446
3.206473  -0.98664933  9.503281
3.1588547  -0.97698385  9.723592
3.1118133  -0.9601137  9.835676
3.0660799  -0.9277033  9.849931
3.0068233  -0.8917238  9.837206
2.9298763  -0.860444  9.83277
2.8400936  -0.84485954  9.826918
2.7409782  -0.8457019  9.786925
2.635855  -0.8648555  9.706476
2.54942  -0.885051  9.586167
2.509938  -0.89143556  9.386961
2.5193374  -0.8806395  9.135658
2.5432794  -0.85997844  8.922375
2.5536098  -0.8231122  8.845384
2.5560043  -0.7720137  8.880233
2.5690615  -0.730603  8.9244585
2.6026027  -0.71705794  8.9273405
2.6523707  -0.7199177  8.901338
2.707659  -0.72291046  8.884179
2.761263  -0.7260806  8.899741
2.8066418  -0.74208635  8.965337
2.8551464  -0.7630799  9.090945
2.9261525  -0.7722133  9.262618
3.0158463  -0.7744522  9.433072
3.0870073  -0.797308  9.59539
3.1007073  -0.833731  9.794131
3.0639076  -0.8669395  10.006816
3.0100822  -0.88436395  10.157474
2.9612448  -0.8995493  10.166516
2.9018333  -0.92138535  10.089282
2.8210733  -0.937524  9.994467
2.7233098  -0.94155866  9.917586
2.6274087  -0.92362434  9.833234
2.53838  -0.8861596  9.73352
2.4720738  -0.84492606  9.611194
2.4546497  -0.8052223  9.433492
2.4923584  -0.7800166  9.207971
2.548755  -0.7772455  8.990033
2.5822737  -0.80400294  8.8564005
2.5945995  -0.8491381  8.794972
2.6108048  -0.88997245  8.746245
2.6437695  -0.9136706  8.68455
2.6859782  -0.9178605  8.634049
2.7267463  -0.9130721  8.625205
2.7641668  -0.91792697  8.66859
2.7995923  -0.93810034  8.756687
2.8424885  -0.97212905  8.894287
2.9122307  -1.008818  9.059932
3.006203  -1.0466154  9.209081
3.0793812  -1.0693824  9.329656
3.086808  -1.0661458  9.489159
3.034335  -1.0356863  9.698939
2.9745905  -0.98611736  9.875867
2.9350421  -0.9367037  9.910206
2.9007695  -0.9001921  9.831441
2.8485181  -0.8856717  9.740417
2.7782218  -0.8837209  9.704459
2.7032921  -0.88522834  9.691646
2.6208918  -0.8926105  9.654513
2.5349886  -0.9034288  9.5806265
2.469037  -0.8977315  9.449632
2.4514577  -0.8697769  9.228566
2.4698799  -0.81912166  8.96476
2.4898536  -0.7590228  8.763248
2.4906073  -0.70690465  8.705654
2.495307  -0.6760017  8.712549
2.534279  -0.6635208  8.708892
2.61331  -0.6527912  8.678986
2.7080584  -0.64476615  8.682223
2.7907028  -0.6573579  8.750302
2.8584054  -0.6860218  8.870722
2.9194355  -0.71537286  9.015838
2.979224  -0.7363  9.173123
3.0336921  -0.75527626  9.329501
3.0657036  -0.7853368  9.490556
3.055506  -0.811274  9.693198
3.007622  -0.81803536  9.922864
2.9511366  -0.80726147  10.096421
2.9062011  -0.8117395  10.130872
2.860955  -0.831248  10.054745
2.7973757  -0.82745713  9.952836
2.7192538  -0.7712156  9.86731
2.6392918  -0.6831622  9.7750435
2.551349  -0.6053507  9.67482
2.4595933  -0.5527225  9.589936
2.39863  -0.53106385  9.516758
2.4021988  -0.5343227  9.376609
2.4579751  -0.55589265  9.158071
2.5095167  -0.5879705  8.953632
2.5266306  -0.62833935  8.868571
2.5296233  -0.6658042  8.864825
2.5480013  -0.68586665  8.85434
2.588858  -0.68932503  8.794129
2.629227  -0.694202  8.72911
2.6618145  -0.7034685  8.703372
2.6928284  -0.7103629  8.736558
2.7374756  -0.7202279  8.82031
2.7963111  -0.75110865  8.954541
2.8713295  -0.8117617  9.123178
2.9595158  -0.88259023  9.28769
3.029369  -0.9119193  9.42693
3.0397441  -0.8807947  9.609932
2.9756546  -0.8038699  9.85046
2.8790665  -0.7327089  10.062858
2.7915008  -0.6775314  10.129318
2.7173913  -0.6347904  10.061638
2.6383607  -0.6095183  9.958289
2.5458736  -0.61357516  9.881364
2.4538298  -0.63264006  9.821553
2.377415  -0.64317006  9.76724
2.3336098  -0.63816  9.686946
2.333876  -0.64184  9.538904
2.3636925  -0.6625454  9.334089
2.3892305  -0.6811669  9.157584
2.38994  -0.6752701  9.084072
2.3806515  -0.65855503  9.085912
2.385085  -0.65997386  9.099702
2.4083624  -0.68475825  9.098861
2.4424796  -0.71399856  9.095025
2.482006  -0.73348457  9.082056
2.525678  -0.7454335  9.073477
2.5768652  -0.7504435  9.088374
2.636432  -0.7532368  9.144105
2.7045116  -0.75713843  9.23668
2.7746747  -0.76086277  9.345749
2.8510897  -0.74547786  9.453643
2.925044  -0.72395223  9.521789
2.9720633  -0.7298934  9.568653
2.96058  -0.7424851  9.676059
2.9009466  -0.72809774  9.851657
2.834219  -0.68025804  9.988902
2.787998  -0.6461629  9.9925585
2.7466536  -0.63627577  9.90823
2.6863554  -0.6250141  9.829909
2.5957968  -0.60120517  9.779698
2.485863  -0.5683514  9.751456
2.3957038  -0.5510599  9.728999
2.3652444  -0.55611426  9.645978
2.3970563  -0.5922047  9.486698
2.4445412  -0.63623136  9.319126
2.4685051  -0.68314004  9.231229
2.475577  -0.7175457  9.219457
2.4840233  -0.72284395  9.219102
2.5057485  -0.6947563  9.1993265
2.5298455  -0.6589984  9.164145
2.5495758  -0.6334602  9.130803
2.5600393  -0.6114247  9.126901
2.5560267  -0.5922046  9.158469
2.5531006  -0.56863946  9.218679
2.5600615  -0.5577326  9.280419
2.5900996  -0.5422147  9.336682
2.632508  -0.5249011  9.387537
2.6783745  -0.50820816  9.436662
2.7180119  -0.5084741  9.487916
2.7450798  -0.5274282  9.534161
2.7539253  -0.5463602  9.576303
2.7423086  -0.5514367  9.598892
2.7091668  -0.5476902  9.597163
2.6605732  -0.54183775  9.574551
2.603955  -0.5401308  9.538904
2.5526125  -0.5474464  9.490178
2.5008047  -0.5717209  9.43562
2.4452946  -0.5901873  9.416511
2.4025538  -0.5611244  9.416887
2.4038174  -0.5114891  9.341026
2.4479108  -0.48102954  9.175628
2.4922922  -0.48468733  9.035722
2.5095391  -0.47701702  9.027542
2.5147488  -0.4371136  9.103492
2.5374272  -0.386525  9.146298
2.5859098  -0.33642408  9.138429
2.643947  -0.29049087  9.118323
2.6947572  -0.25111955  9.12003
2.7334633  -0.22706671  9.140004
2.7673147  -0.21698  9.165298
2.8013878  -0.20680465  9.19374
2.8349953  -0.18800573  9.228544
2.8647897  -0.16581504  9.257186
2.8958702  -0.15448692  9.2648115
2.9258642  -0.1495655  9.256232
2.9527543  -0.13254009  9.260644
2.9721076  -0.102457404  9.277869
2.990441  -0.073460974  9.287911
3.0209892  -0.04530694  9.285496
3.0577888  -0.02300539  9.28155
3.0954087  0.0043949164  9.287536
3.118686  0.024479607  9.289929
3.1313884  0.04680332  9.288842
3.1333396  0.071210876  9.282481
3.1303246  0.09736975  9.269646
3.126711  0.1267874  9.254239
3.1291053  0.1534118  9.239762
3.1375735  0.17648925  9.22992
3.1550643  0.18903665  9.2258415
3.1790507  0.19322652  9.229077
3.207759  0.19511084  9.2383
3.2336962  0.20426644  9.249539
3.2543132  0.21796662  9.257786
3.2734  0.22532658  9.265411
3.2946377  0.21896417  9.27
3.3194664  0.20976424  9.273636
3.3441398  0.20909917  9.269956
3.3667295  0.214996  9.25639
3.3858166  0.2154172  9.232291
3.401224  0.20699316  9.203118
3.4138157  0.19896816  9.181106
3.4235256  0.19828092  9.173478
3.4336345  0.20058644  9.169799
3.4492636  0.19819225  9.155345
3.4709444  0.19003423  9.127368
3.493268  0.18353885  9.101144
3.5119781  0.17881696  9.084073
3.5274742  0.17249893  9.075671
3.5421715  0.16365367  9.074053
3.556537  0.15762383  9.080814
3.5700817  0.15833323  9.089193
3.5831833  0.15972985  9.08414
3.5957308  0.1568036  9.07301
3.6068592  0.14986484  9.066184
3.6159706  0.1414408  9.070063
