0.07356335  0.13183793  -10.127004
0.0574809  0.047413345  -10.164684
0.066823  0.009025742  -10.1431265
0.09858447  -0.032501213  -10.0884695
0.1559486  -0.0019880857  -9.988534
0.19319515  0.03860343  -9.924733
0.17867522  0.048946086  -9.919738
0.13266024  0.048756983  -9.940003
0.08974242  0.055753116  -9.949998
0.07356701  0.06275087  -9.933522
0.07651812  0.057927594  -9.904142
0.084041476  0.044346  -9.8757
0.08986307  0.037441377  -9.857736
0.0968033  0.034816146  -9.839069
0.10784084  0.032159436  -9.818805
0.11560241  0.028575078  -9.799149
0.11358277  0.02609712  -9.79087
0.10227382  0.019288091  -9.79332
0.09579573  0.006711655  -9.798867
0.096824884  -0.0063716345  -9.800691
0.101037584  -0.014953819  -9.798181
0.1051054  -0.01954588  -9.786935
0.11146152  -0.02015768  -9.769472
0.120796055  -0.017230315  -9.7496
0.12703632  -0.0116297975  -9.735429
0.12883613  -0.009441165  -9.725975
0.12949176  -0.008323721  -9.719884
0.13347158  -0.00742684  -9.714932
0.1381915  -0.003450581  -9.712522
0.1412665  -5.14521E-4  -9.712822
0.14667015  6.0113205E-4  -9.707892
0.15902418  -1.1576421E-4  -9.693391
0.17567916  -0.0033918107  -9.672628
0.19189553  -0.008043076  -9.656598
0.20620501  -0.014883892  -9.648292
0.22333163  -0.02103279  -9.64314
0.24493055  -0.028868893  -9.634545
0.26792216  -0.035860952  -9.622767
0.28559306  -0.041341987  -9.611623
0.29247102  -0.04553457  -9.607713
0.29168302  -0.0497997  -9.6129
0.2941409  -0.051716547  -9.622151
0.31258145  -0.049034834  -9.62693
0.3517525  -0.04586245  -9.619782
0.40553162  -0.04262973  -9.600011
0.46277165  -0.03234648  -9.575668
0.5149295  -0.010103048  -9.553256
0.5566428  0.016501466  -9.536811
0.58614415  0.03737435  -9.523799
0.60487133  0.05122454  -9.522038
0.6188585  0.06299827  -9.529106
0.64340657  0.06991377  -9.534103
0.68486255  0.07347409  -9.520416
0.7374731  0.07775402  -9.494433
0.7890961  0.08710574  -9.467793
0.8408284  0.096498884  -9.44271
0.898017  0.10258756  -9.412262
0.9559671  0.10664779  -9.388364
1.0070902  0.111514844  -9.380845
1.054473  0.11792899  -9.386162
1.1080856  0.12947199  -9.389503
1.1660867  0.15105681  -9.395423
1.218592  0.17995791  -9.412322
1.2636546  0.20691954  -9.441101
1.3133265  0.22269328  -9.473293
1.3742695  0.23159678  -9.514204
1.4259652  0.2379868  -9.593301
1.4511429  0.244651  -9.722673
1.4491199  0.23961894  -9.878953
1.4332914  0.2153054  -10.01583
1.4047972  0.18061627  -10.118324
1.3509609  0.1578098  -10.200236
1.2739545  0.16425472  -10.27103
1.1900214  0.19209783  -10.320358
1.1229814  0.21659808  -10.338143
1.0785322  0.22263026  -10.335298
1.0465391  0.21419197  -10.326955
1.0142199  0.2071759  -10.307347
0.9791203  0.20893435  -10.257319
0.9444952  0.21125185  -10.179456
0.90891975  0.2083581  -10.103411
0.86874443  0.198826  -10.045707
0.8295787  0.18343556  -9.9860735
0.80809146  0.16381645  -9.903312
0.81132835  0.14148356  -9.805863
0.82606316  0.121584795  -9.714932
0.8390196  0.0957553  -9.637061
0.84733385  0.06430006  -9.570461
0.85509306  0.035551835  -9.530636
0.8533518  0.0349877  -9.533277
0.8328776  0.06497648  -9.575002
0.7964124  0.10672581  -9.648123
0.7552738  0.12912993  -9.7618685
0.7225289  0.13376331  -9.906497
0.7012823  0.11992461  -10.044076
0.6712811  0.08768786  -10.159943
0.60886216  0.023935774  -10.289865
0.5080898  -0.050255165  -10.442242
0.392881  -0.107276104  -10.568234
0.28479925  -0.13275342  -10.608207
0.17980616  -0.143633  -10.573392
0.0647699  -0.15498343  -10.503818
-0.054323137  -0.1595096  -10.399744
-0.16151303  -0.14123969  -10.242191
-0.23984504  -0.09284159  -10.034661
-0.28197974  -0.030435076  -9.819877
-0.28128204  0.026650878  -9.616623
-0.23354642  0.055857092  -9.42089
-0.14973295  0.051492307  -9.226342
-0.048732843  0.023611965  -9.047295
0.052594285  -0.0024332472  -8.895434
0.14241219  -0.012679993  -8.768733
0.21258996  -0.009912543  -8.676719
0.2600889  -0.0051081134  -8.6482
0.29132912  0.0025891291  -8.711122
0.31083402  0.019578448  -8.853505
0.32624993  0.024383014  -9.023488
0.34235725  0.0026277204  -9.194095
0.3466078  -0.0064834487  -9.407417
0.31427193  0.02195848  -9.674696
0.23956668  0.08418745  -9.954262
0.1323697  0.11162431  -10.174606
0.0067283227  0.1121287  -10.324767
-0.1304959  0.10091365  -10.419005
-0.26012093  0.096512526  -10.463166
-0.3651649  0.07407382  -10.473003
-0.4406813  0.032256853  -10.474806
-0.49609354  -0.017256202  -10.474721
-0.5331995  -0.04974827  -10.425129
-0.5586888  -0.07122369  -10.293021
-0.5762453  -0.07423862  -10.095241
-0.58190507  -0.051220413  -9.867906
-0.56441313  0.0011357478  -9.610528
-0.50809413  0.0470333  -9.319884
-0.4208151  0.048867423  -9.046529
-0.32975766  0.0145146465  -8.867291
-0.25641862  -0.013829608  -8.792153
-0.19405262  -0.016528899  -8.766746
-0.12064389  -0.01524488  -8.758668
-0.027102487  -0.03444287  -8.788561
0.06654825  -0.06741499  -8.891625
0.14436574  -0.095528305  -9.056312
0.1946776  -0.10681418  -9.273902
0.21195918  -0.088584125  -9.549369
0.19379103  -0.056871623  -9.868554
0.15124644  -0.04372215  -10.174191
0.08526981  -0.06973838  -10.429133
-0.0041250302  -0.09966821  -10.636009
-0.10787726  -0.10293519  -10.794871
-0.19679219  -0.10469326  -10.872787
-0.25126377  -0.14784671  -10.845367
-0.28957227  -0.22252786  -10.737153
-0.34477445  -0.26614687  -10.59856
-0.42833376  -0.24443072  -10.459316
-0.5024419  -0.2103491  -10.277808
-0.5259765  -0.20857422  -10.037395
-0.49452612  -0.25223348  -9.767406
-0.42268983  -0.2784027  -9.532784
-0.32632512  -0.27056375  -9.352375
-0.21752559  -0.22809839  -9.22059
-0.12088556  -0.18054348  -9.127869
-0.043719262  -0.14098279  -9.047643
0.019360797  -0.12253195  -8.951123
0.08277943  -0.11850754  -8.827886
0.1405844  -0.117899664  -8.742879
0.18244524  -0.10251296  -8.742435
0.21489446  -0.08027059  -8.835332
0.24190716  -0.06500643  -8.995903
0.2533637  -0.05851023  -9.2373705
0.24216296  -0.051588237  -9.544803
0.22560291  -0.035963338  -9.842319
0.21550314  -0.032459922  -10.056721
0.18025494  -0.033368453  -10.1896715
0.088804014  -0.021515466  -10.291163
-0.036653478  -8.9274533E-4  -10.37302
-0.15732704  0.0024011813  -10.428529
-0.25393  -0.02322945  -10.448808
-0.3405651  -0.042249907  -10.433867
-0.41558823  -0.038561396  -10.355507
-0.4612261  -0.03600694  -10.167334
-0.47264937  -0.034756612  -9.886189
-0.47562683  -0.011275627  -9.599206
-0.48181805  0.049255747  -9.373243
-0.4666325  0.09874352  -9.190085
-0.41005608  0.1014464  -9.018548
-0.33800387  0.08767391  -8.872003
-0.29662505  0.10333725  -8.782804
-0.2758181  0.1442924  -8.744083
-0.23651476  0.16861238  -8.735038
-0.16076261  0.14660923  -8.749099
-0.075365245  0.089325845  -8.803875
-0.0053014853  0.030103317  -8.924318
0.04103228  0.0022609215  -9.114021
0.07458893  0.007867703  -9.350913
0.11523437  0.016037865  -9.608377
0.16054708  -0.004728554  -9.863643
0.17012034  -0.05128276  -10.118041
0.11063429  -0.090402804  -10.3463955
-0.0014069495  -0.08946654  -10.532749
-0.12228284  -0.06165957  -10.667727
-0.23483072  -0.034801375  -10.738232
-0.33707416  -0.033532538  -10.744542
-0.43721083  -0.043857932  -10.694779
-0.52008504  -0.052068975  -10.584962
-0.5630843  -0.04937722  -10.375085
-0.5787203  -0.038915228  -10.100169
-0.60203606  -0.026058868  -9.849276
-0.636483  -0.007439658  -9.675729
-0.6213452  0.005682061  -9.53073
-0.5185959  -0.0033583625  -9.3708
-0.36922786  -0.023591792  -9.214726
-0.22778948  -0.031329114  -9.079136
-0.113154806  -0.009423486  -8.967406
-0.020173281  0.0083592525  -8.890117
0.0533984  -6.505779E-4  -8.8768835
0.09611747  -0.030567616  -8.955399
0.117785476  -0.062318806  -9.115437
0.1387034  -0.08373899  -9.330585
0.17541496  -0.104522444  -9.5542755
0.20922504  -0.13325608  -9.7674
0.2039976  -0.16712171  -9.961393
0.1452641  -0.19287658  -10.134746
0.0577236  -0.20756763  -10.27788
-0.038959306  -0.21527673  -10.38992
-0.14002842  -0.22036695  -10.481759
-0.2450012  -0.21499048  -10.551481
-0.34092963  -0.19376667  -10.578195
-0.4153836  -0.16885507  -10.528992
-0.4623992  -0.15408365  -10.394134
-0.4943036  -0.15011585  -10.197747
-0.5389507  -0.14424641  -9.9787855
-0.5984864  -0.11738964  -9.764087
-0.6213739  -0.08331812  -9.536137
-0.5623288  -0.069072776  -9.310302
-0.44320235  -0.09306842  -9.112571
-0.3287039  -0.123515844  -8.974361
-0.23960142  -0.1351009  -8.877256
-0.15577953  -0.1441631  -8.799958
-0.0693431  -0.18645114  -8.76312
-0.0068593957  -0.25447622  -8.810664
0.01421344  -0.30529067  -8.960219
0.016190462  -0.30823672  -9.153222
0.027195536  -0.2727526  -9.337794
0.059032436  -0.21950245  -9.512944
0.07731179  -0.18454285  -9.724211
0.048227567  -0.1735198  -9.981068
-0.028366521  -0.17566915  -10.238124
-0.12100514  -0.16198356  -10.427316
-0.1978134  -0.13201839  -10.51954
-0.26462945  -0.09401629  -10.537811
-0.3368586  -0.049600214  -10.520117
-0.4132346  -0.004577669  -10.475486
-0.48200443  0.024358219  -10.391985
-0.53252023  0.027357286  -10.251032
-0.5712123  0.020356653  -10.066273
-0.6000853  0.033607665  -9.868678
-0.60242015  0.063809626  -9.6859255
-0.55668944  0.080851816  -9.527607
-0.46052465  0.071254246  -9.381411
-0.32936662  0.05122756  -9.237758
-0.18445446  0.04575011  -9.091255
-0.04249767  0.049426477  -8.954438
0.08339847  0.043539394  -8.858889
0.18118589  0.028446918  -8.8330345
0.24004948  0.020257264  -8.891658
0.26013747  0.029190006  -9.0218725
0.26400864  0.04257962  -9.191171
0.26873684  0.049033564  -9.3896
0.27599713  0.051190693  -9.615859
0.25781068  0.05319145  -9.856019
0.20921637  0.041763354  -10.069835
0.13183069  0.011563428  -10.232034
0.032599226  -0.023373628  -10.368135
-0.09409123  -0.0242139  -10.510529
-0.22806837  0.01877536  -10.641004
-0.32223222  0.074863516  -10.704806
-0.35047755  0.09750257  -10.649536
-0.337858  0.07614699  -10.498559
-0.32919297  0.038288407  -10.304553
-0.34870884  0.006388767  -10.098747
-0.37303326  -0.0044054138  -9.881901
-0.3692588  -7.519205E-4  -9.641275
-0.31652936  0.0061107916  -9.390649
-0.2440613  -0.0062099625  -9.1825905
-0.19127934  -0.040354144  -9.049156
-0.15320502  -0.08396319  -8.971454
-0.11070647  -0.13407136  -8.917853
-0.05554388  -0.17589718  -8.898524
-0.0069515966  -0.20242906  -8.935483
0.03558409  -0.2045428  -9.021867
0.07627056  -0.19111757  -9.151008
0.114314996  -0.17393416  -9.331428
0.14519899  -0.15398522  -9.568805
0.17786457  -0.12549727  -9.806264
0.19694108  -0.09254881  -10.027382
0.17025848  -0.07070513  -10.239493
0.09171908  -0.06226206  -10.445885
-0.0076818964  -0.044306934  -10.59962
-0.10568767  -0.008167963  -10.674045
-0.20430218  0.02273325  -10.685767
-0.2989889  0.030008852  -10.649289
-0.3705379  0.019341443  -10.552986
-0.41691354  0.012219403  -10.409193
-0.44055644  0.0029677984  -10.213495
-0.45460066  -0.006817912  -9.976555
-0.4526076  -0.00822165  -9.710725
-0.4343475  0.014003813  -9.471592
-0.37906623  0.041152075  -9.281827
-0.27918017  0.055835854  -9.123479
-0.14367579  0.052096505  -8.966449
-0.003940662  0.05309816  -8.81272
0.1014289  0.06891471  -8.704815
0.15346129  0.0949123  -8.70473
0.1655759  0.115453355  -8.815841
0.17819755  0.121900946  -8.978509
0.21622014  0.11614833  -9.1340475
0.26818684  0.10385939  -9.290212
0.29697207  0.09771172  -9.499425
0.288558  0.09305561  -9.75072
0.25891283  0.070038415  -9.988308
0.23118682  0.017361805  -10.16274
0.18619812  -0.039376497  -10.284522
0.10858488  -0.06646838  -10.372244
0.004849294  -0.07428632  -10.424152
-0.08447356  -0.08741819  -10.444766
-0.14958923  -0.11780306  -10.443253
-0.19224072  -0.14621991  -10.40766
-0.22493315  -0.1626084  -10.306084
-0.2472793  -0.16622561  -10.119023
-0.27570152  -0.16434784  -9.903549
-0.30247572  -0.152687  -9.694007
-0.30155018  -0.12673181  -9.499053
-0.2609806  -0.102580816  -9.306281
-0.1973448  -0.11022586  -9.133324
-0.1316822  -0.14630301  -8.990337
-0.06723262  -0.17508769  -8.879182
-0.0051365  -0.18128042  -8.817643
0.051769674  -0.18631338  -8.830282
0.11382338  -0.20663536  -8.88765
0.17916672  -0.22414477  -8.981647
0.23039216  -0.21708012  -9.138715
0.25918612  -0.19315319  -9.382495
0.28229252  -0.17315586  -9.668532
0.32032505  -0.16515154  -9.9383135
0.3546023  -0.17628135  -10.174634
0.352829  -0.18596707  -10.384456
0.2918435  -0.17194597  -10.551055
0.18942077  -0.1237788  -10.65153
0.07645131  -0.08155555  -10.672328
-0.027031235  -0.08011151  -10.639084
-0.12400544  -0.109787606  -10.577267
-0.22278035  -0.13701774  -10.500458
-0.31061637  -0.1483873  -10.380459
-0.35864663  -0.15811048  -10.180852
-0.368651  -0.16506793  -9.927373
-0.36049238  -0.15086557  -9.686528
-0.35357586  -0.11049372  -9.508901
-0.3178011  -0.0710349  -9.375766
-0.22892408  -0.060652893  -9.246633
-0.09488008  -0.068056606  -9.115411
0.033763286  -0.067392774  -8.997772
0.13080572  -0.049634177  -8.9147215
0.19570208  -0.02872456  -8.880336
0.2515206  -0.008353761  -8.905335
0.30153248  0.013443168  -8.992764
0.34502873  0.030071406  -9.138427
0.3708631  0.036648944  -9.348038
0.38554755  0.03124377  -9.595695
0.38160226  0.004092712  -9.826849
0.3358082  -0.048492704  -10.020631
0.22784142  -0.1037417  -10.208552
0.06735131  -0.124229394  -10.417599
-0.095092885  -0.112410285  -10.597596
-0.21270686  -0.1008886  -10.691234
-0.28371456  -0.11179606  -10.703946
-0.32825342  -0.13233887  -10.652741
-0.36479855  -0.15094912  -10.531304
-0.3895584  -0.15869  -10.3336115
-0.40368962  -0.15754496  -10.08586
-0.43132126  -0.1475318  -9.834633
-0.4680005  -0.12329606  -9.593536
-0.47612724  -0.11113649  -9.3695545
-0.4253664  -0.14551522  -9.181545
-0.33154032  -0.2248178  -9.041858
-0.22688222  -0.2901574  -8.936019
-0.11683575  -0.2994537  -8.843906
-0.009422061  -0.26525825  -8.796977
0.06764182  -0.22230203  -8.8436
0.100835375  -0.1833117  -8.9895315
0.11256164  -0.14962113  -9.193771
0.12847106  -0.12742092  -9.438323
0.15257698  -0.11562371  -9.713929
0.18609197  -0.116541885  -9.981476
0.21695037  -0.13269168  -10.20039
0.2055447  -0.15127157  -10.381778
0.13688804  -0.15277322  -10.535428
0.038396586  -0.13468067  -10.638476
-0.054297183  -0.12590827  -10.665321
-0.14018512  -0.14231789  -10.6326
-0.23628294  -0.16952789  -10.569846
-0.33901954  -0.18316467  -10.482554
-0.43467295  -0.17409687  -10.364928
-0.5007642  -0.16107684  -10.187943
-0.53826934  -0.164483  -9.951495
-0.54295284  -0.16574776  -9.710021
-0.5053792  -0.1325144  -9.511123
-0.4102045  -0.071773715  -9.34574
-0.26116762  -0.038099185  -9.173324
-0.085571624  -0.053985525  -8.989204
0.07346985  -0.07955121  -8.830321
0.17856298  -0.06783878  -8.734814
0.21787362  -0.018999722  -8.7304
0.22798939  0.027413627  -8.798765
0.2514681  0.042000636  -8.89819
0.2908691  0.032092188  -9.020247
0.31425855  0.02648365  -9.197286
0.31167856  0.02862911  -9.431767
0.2786181  0.019393941  -9.673881
0.22138701  -0.011056534  -9.871142
0.11454246  -0.040907364  -10.039893
-0.03398297  -0.056963023  -10.215135
-0.18876876  -0.067490056  -10.384778
-0.29601434  -0.1012393  -10.486575
-0.3196981  -0.16517459  -10.46103
-0.2935748  -0.23303182  -10.330615
-0.27756768  -0.27370837  -10.161545
-0.31058553  -0.27344397  -9.990395
-0.36865258  -0.2556222  -9.797143
-0.4254515  -0.22901563  -9.588822
-0.46436843  -0.18981296  -9.399554
-0.46322203  -0.15161328  -9.243306
-0.41168165  -0.14744724  -9.112018
-0.32646593  -0.18126677  -8.997888
-0.24310428  -0.20799948  -8.913065
-0.16908972  -0.20466419  -8.851268
-0.09143368  -0.20873761  -8.81786
-0.009359164  -0.25068563  -8.8336315
0.0636095  -0.31080255  -8.905847
0.121501766  -0.3415613  -9.031391
0.16608723  -0.32691476  -9.209924
0.20304509  -0.29390922  -9.446437
0.24620515  -0.27055538  -9.706452
0.27717718  -0.28161728  -9.942626
0.26548684  -0.30116668  -10.159466
0.17734711  -0.2896594  -10.371063
0.044810716  -0.2305689  -10.549938
-0.07113702  -0.16639963  -10.637481
-0.14562471  -0.14667241  -10.6267805
-0.20123692  -0.1633215  -10.564305
-0.27859154  -0.18185772  -10.489593
-0.37675557  -0.18912591  -10.41068
-0.45409036  -0.20203297  -10.295965
-0.49395862  -0.21821958  -10.127891
-0.49687633  -0.2122321  -9.92289
-0.47844437  -0.17211767  -9.73191
-0.4045492  -0.13652653  -9.55725
-0.26981634  -0.13354383  -9.377224
-0.11018211  -0.15899007  -9.184892
0.016770396  -0.17157352  -9.01899
0.0867301  -0.15319116  -8.925977
0.12373442  -0.1176079  -8.923171
0.15878265  -0.083024085  -8.983727
0.21182805  -0.060862344  -9.062813
0.28033897  -0.048253793  -9.150092
0.3519986  -0.042849004  -9.264075
0.40227976  -0.044897962  -9.4385805
0.42461908  -0.05454029  -9.66095
0.43053487  -0.06656485  -9.873684
0.41752914  -0.086884975  -10.049677
0.36429858  -0.11314228  -10.20512
0.24639064  -0.12590134  -10.366004
0.0932312  -0.093905784  -10.511697
-0.04308517  -0.030983448  -10.586988
-0.12585469  0.022646224  -10.581123
-0.1677202  0.040639088  -10.505356
-0.1957732  0.035429787  -10.375142
-0.2279272  0.032816436  -10.184782
-0.2759454  0.045287367  -9.9682455
-0.3181837  0.08979079  -9.778137
-0.3217851  0.14610617  -9.5963745
-0.25671172  0.172855  -9.399309
-0.15553172  0.13705881  -9.206681
-0.06806496  0.06803348  -9.080039
-0.013013038  0.01841061  -9.021131
0.03197301  -0.0052584014  -8.988738
0.09427324  -0.0332334  -8.964793
0.18145704  -0.077425845  -8.947919
0.2671721  -0.110247076  -8.949479
0.33382526  -0.10998505  -9.01212
0.38505682  -0.098565765  -9.163026
0.44416317  -0.10148602  -9.383264
0.5175044  -0.11371324  -9.619377
0.57058334  -0.13616382  -9.829537
0.5456776  -0.14960766  -10.061927
0.42508867  -0.14588325  -10.320817
0.26528168  -0.10620379  -10.554294
0.13140568  -0.06391468  -10.671746
0.041475654  -0.05529806  -10.672162
-0.033056483  -0.078186065  -10.611161
-0.11411184  -0.09896779  -10.521491
-0.20232193  -0.09296495  -10.388632
-0.27888748  -0.06603377  -10.194322
-0.33036613  -0.028595125  -9.948355
-0.3668733  0.0111682685  -9.700259
-0.37995085  0.061971337  -9.484296
-0.33878818  0.106695205  -9.297202
-0.21754408  0.12357234  -9.117888
-0.051178932  0.09832292  -8.957944
0.10173359  0.05826826  -8.844857
0.20506407  0.03126984  -8.785079
0.25327995  0.02243118  -8.792344
0.26869747  0.028764965  -8.871456
0.2796316  0.041430037  -8.997674
0.31390932  0.04444017  -9.1219635
0.3602856  0.01794169  -9.235736
0.388674  -0.028385922  -9.400022
0.36687216  -0.07548187  -9.628696
0.30682966  -0.11907979  -9.858926
0.21358828  -0.15996693  -10.0304365
0.0928255  -0.17616701  -10.179725
-0.06267608  -0.14455272  -10.355465
-0.2059933  -0.085006796  -10.533139
-0.29848897  -0.047596306  -10.63324
-0.3230745  -0.05455181  -10.622216
-0.32548591  -0.081094265  -10.5153
-0.349328  -0.08259768  -10.359016
-0.41212842  -0.0516051  -10.1897745
-0.49587747  -0.015531397  -10.02011
-0.55431813  0.02067148  -9.851805
-0.5399557  0.043555766  -9.634362
-0.44765878  0.04338109  -9.377328
-0.33490777  -0.002812962  -9.137202
-0.24413538  -0.07197475  -8.975768
-0.17246062  -0.13438429  -8.879475
-0.097141  -0.18398462  -8.823048
-0.021073645  -0.22972532  -8.816762
0.03822547  -0.2724186  -8.884896
0.07853217  -0.30002955  -9.021695
0.10855252  -0.3162304  -9.215991
0.14385025  -0.34453133  -9.452858
0.19434004  -0.39109358  -9.728297
0.23987842  -0.44241074  -9.991864
0.2413352  -0.46371427  -10.243743
0.17649965  -0.44438156  -10.43929
0.073415525  -0.3954884  -10.578416
-0.022198455  -0.35728213  -10.647426
-0.08492086  -0.3517554  -10.640854
-0.13894783  -0.3791881  -10.577447
-0.21115535  -0.40559974  -10.491422
-0.30193147  -0.4095252  -10.410283
-0.3729345  -0.39539337  -10.305503
-0.3919344  -0.3828205  -10.113958
-0.35416606  -0.37429896  -9.850112
-0.29428527  -0.3459784  -9.599641
-0.20959057  -0.2955202  -9.427493
-0.09248489  -0.2631791  -9.284554
0.07131677  -0.27816164  -9.108925
0.23021834  -0.3145865  -8.914945
0.33568072  -0.31369296  -8.787741
0.3635675  -0.26222256  -8.789681
0.34566724  -0.19426005  -8.903054
0.33201095  -0.15045866  -9.051755
0.35988712  -0.13621052  -9.170934
0.41697946  -0.124628775  -9.274982
0.46210542  -0.09447422  -9.427966
0.47445592  -0.058179785  -9.647035
0.46114945  -0.04884756  -9.867276
0.42128852  -0.069829136  -10.044983
0.32758856  -0.096491404  -10.208789
0.17235804  -0.10148207  -10.401695
0.011874954  -0.098640375  -10.592857
-0.097970866  -0.11238685  -10.707535
-0.13506642  -0.15088232  -10.70888
-0.13469471  -0.1992449  -10.608056
-0.13545312  -0.2283619  -10.432513
-0.16477592  -0.21220519  -10.219953
-0.2197144  -0.17156608  -9.975974
-0.276108  -0.12880623  -9.7332735
-0.29003146  -0.11591166  -9.475372
-0.24943624  -0.12699445  -9.238895
-0.16904782  -0.16146982  -9.039102
-0.0851897  -0.19530447  -8.894298
-0.015589933  -0.21599786  -8.814754
0.04638636  -0.21699385  -8.789761
0.11479499  -0.21972036  -8.81132
0.17868139  -0.22580796  -8.87803
0.20970619  -0.22148533  -9.021226
0.19869953  -0.19949174  -9.249975
0.18627787  -0.1715762  -9.530093
0.21482097  -0.17523427  -9.775192
0.24407041  -0.2071415  -9.985119
0.21961975  -0.23836736  -10.181754
0.13582651  -0.23234062  -10.3723135
0.04490556  -0.19985826  -10.511692
-0.02782221  -0.1728185  -10.583594
-0.09313632  -0.1670384  -10.595296
-0.1545898  -0.17800929  -10.553756
-0.21345311  -0.19749756  -10.474682
-0.27356628  -0.22865273  -10.378635
-0.33302462  -0.2718601  -10.253747
-0.37348628  -0.32303354  -10.055177
-0.39217618  -0.35783902  -9.800054
-0.39402008  -0.35087729  -9.560458
-0.36174622  -0.31048465  -9.36823
-0.2673037  -0.26390162  -9.180722
-0.11014023  -0.22947879  -8.95721
0.052609134  -0.18352814  -8.732183
0.171471  -0.11278212  -8.589064
0.23726495  -0.039542105  -8.571245
0.27768263  0.010635212  -8.666469
0.3120353  0.032784995  -8.846443
0.3527662  0.041945662  -9.067935
0.3921181  0.052491132  -9.30431
0.40239325  0.057606976  -9.543334
0.35369277  0.040433194  -9.790492
0.25199983  0.0016291366  -10.034886
0.11784615  -0.029944958  -10.255258
-0.022773936  -0.01639757  -10.44803
-0.14245914  0.021680811  -10.593226
-0.2105449  0.03901069  -10.66671
-0.23221974  0.018565973  -10.654803
-0.23957543  -0.015080653  -10.565552
-0.25512096  -0.03120628  -10.412372
-0.27890074  -0.027248478  -10.218463
-0.31269336  -0.015780887  -10.007791
-0.36085677  0.008348013  -9.820487
-0.38095164  0.03724261  -9.612969
-0.33297014  0.057240833  -9.378802
-0.23335163  0.04407555  -9.149819
-0.14593294  0.007674294  -9.001353
-0.09171762  -0.034526784  -8.9348955
-0.030508017  -0.07714366  -8.900519
0.05210517  -0.1150156  -8.88316
0.13206996  -0.13080214  -8.909481
0.17915839  -0.114510834  -8.998124
0.20643318  -0.080845654  -9.14202
0.22682773  -0.04922175  -9.347857
0.24929221  -0.01994745  -9.613095
0.28256777  -0.006345557  -9.891909
0.31070825  -0.0048909546  -10.141305
0.3050762  -0.0058351844  -10.339105
0.24533403  0.006673697  -10.506956
0.15231156  0.019739706  -10.642315
0.053879157  0.017911231  -10.722256
-0.045013666  0.012057384  -10.731812
-0.14187841  0.012334521  -10.664318
-0.22486  0.018278815  -10.519284
-0.29462883  0.02543486  -10.316897
-0.3575772  0.035333876  -10.086518
-0.39037558  0.044995252  -9.84143
-0.35880694  0.055218313  -9.594924
-0.25811124  0.060532887  -9.367244
-0.119229354  0.061151933  -9.175533
0.029245311  0.035345074  -9.006603
0.16281502  -0.0059482693  -8.862227
0.25417736  -0.03086141  -8.779889
0.28383952  -0.008983968  -8.7994
0.27501765  0.046717297  -8.913077
0.27471396  0.08145336  -9.055181
0.31560817  0.065872684  -9.173867
0.37184274  0.024102546  -9.294285
0.39626503  -4.365407E-4  -9.473508
0.37750688  -0.009501723  -9.713446
0.33626997  -0.053374708  -9.924341
0.27581665  -0.12747186  -10.083956
0.16653445  -0.17575985  -10.233158
0.012695842  -0.15099163  -10.407172
-0.13246763  -0.09809026  -10.557119
-0.20612223  -0.08969799  -10.609388
-0.20188886  -0.13809156  -10.54988
-0.17030127  -0.18690716  -10.4242525
-0.17147575  -0.18591522  -10.283025
-0.21693999  -0.13921002  -10.130691
-0.27212128  -0.09449184  -9.92482
-0.3154506  -0.06797054  -9.674338
-0.33518636  -0.06587213  -9.432668
-0.3218344  -0.08558995  -9.247084
-0.26059058  -0.13539599  -9.094272
-0.16173704  -0.20060325  -8.94312
-0.055137932  -0.25236323  -8.807551
0.031606298  -0.27442816  -8.735982
0.08944997  -0.27556792  -8.757197
0.12769225  -0.27938917  -8.855566
0.16681702  -0.2985124  -8.999931
0.20262082  -0.32276157  -9.1939535
0.23299594  -0.3195176  -9.454857
0.24887182  -0.29852167  -9.727541
0.25102732  -0.27708593  -9.959996
0.2123286  -0.2624276  -10.131615
0.12632583  -0.22142136  -10.286405
0.008191224  -0.14894527  -10.429241
-0.10159884  -0.08994609  -10.516045
-0.17440994  -0.08399566  -10.513275
-0.21738338  -0.12423712  -10.438218
-0.25747618  -0.15517272  -10.351291
-0.32278308  -0.142807  -10.286378
-0.3903186  -0.11654984  -10.191232
-0.42051372  -0.1200416  -10.003636
-0.40891424  -0.14960894  -9.749736
-0.3773032  -0.13903989  -9.530498
-0.32387686  -0.08515268  -9.371814
-0.21013494  -0.046793457  -9.216118
-0.03574116  -0.07708398  -9.016602
0.12946817  -0.13439412  -8.842124
0.21296024  -0.14551094  -8.787726
0.21287334  -0.101936065  -8.859576
0.20287915  -0.057751477  -8.975086
0.23411138  -0.061302323  -9.085555
0.3020099  -0.10320572  -9.208268
0.34988856  -0.15439443  -9.382997
0.34336373  -0.19766243  -9.597623
0.27898338  -0.22337699  -9.800804
0.17248948  -0.22262742  -9.979453
0.03225594  -0.18931533  -10.163342
-0.12605786  -0.13741526  -10.378989
-0.26761207  -0.09973069  -10.576732
-0.35219303  -0.09759501  -10.675374
-0.37547508  -0.12195524  -10.640873
-0.3718989  -0.13692954  -10.519044
-0.37534747  -0.12716872  -10.362041
-0.38245353  -0.107146144  -10.175225
-0.38876215  -0.10669389  -9.940544
-0.3886676  -0.10934325  -9.690141
-0.38094452  -0.106975436  -9.459382
-0.33893594  -0.111219816  -9.2725525
-0.26272228  -0.1569594  -9.106605
-0.16951631  -0.2375835  -8.965556
-0.09200618  -0.30778313  -8.877482
-0.031417325  -0.34197202  -8.863911
0.024479354  -0.34534964  -8.913353
0.087006696  -0.34324542  -8.991085
0.15367909  -0.34804288  -9.081927
0.21730565  -0.34930053  -9.211902
0.26177192  -0.34273973  -9.391383
0.2593817  -0.31857336  -9.634595
0.20247817  -0.27690378  -9.920484
0.12543386  -0.21648975  -10.1809
0.065410435  -0.14098708  -10.3592415
0.010006097  -0.058332045  -10.470996
-0.06644422  0.029341683  -10.556702
-0.15731412  0.09755378  -10.607356
-0.2377597  0.13000058  -10.596301
-0.31282005  0.13211522  -10.546454
-0.38855147  0.13037194  -10.457444
-0.45630065  0.132751  -10.300677
-0.48753306  0.13943519  -10.068884
-0.46480775  0.1479473  -9.811458
-0.38551936  0.1542107  -9.571403
-0.25724286  0.15189508  -9.358471
-0.097922646  0.13653453  -9.154953
0.0668185  0.108905785  -8.960361
0.19843958  0.08777684  -8.812871
0.26963195  0.08845567  -8.767838
0.28592038  0.108364694  -8.84773
0.28777584  0.1227478  -8.991843
0.30951574  0.110941194  -9.140857
0.3429182  0.08883514  -9.28722
0.35712305  0.07114782  -9.463471
0.31904295  0.05065624  -9.676313
0.2360165  0.020838102  -9.895017
0.11471018  -0.0012095185  -10.118382
-0.026393292  -0.0025601843  -10.348787
-0.15407789  -1.6417324E-4  -10.553726
-0.23134823  -0.01890108  -10.6699705
-0.25015154  -0.045661524  -10.662521
-0.2491486  -0.058529127  -10.566422
-0.25701103  -0.05087505  -10.424699
-0.2732215  -0.04023969  -10.259441
-0.2908738  -0.039890405  -10.064853
-0.29812947  -0.036759797  -9.85957
-0.2744996  -0.030042052  -9.6246605
-0.21013166  -0.033914022  -9.352955
-0.13912433  -0.06770313  -9.099868
-0.08853505  -0.12853648  -8.932142
-0.0478733  -0.1970992  -8.846915
0.0043155137  -0.26490572  -8.798366
0.06292503  -0.31743047  -8.775158
0.11973101  -0.34598675  -8.811395
0.18104981  -0.35596266  -8.906629
0.2458971  -0.3586944  -9.066419
0.30152074  -0.35900483  -9.295006
0.35278288  -0.35854152  -9.557233
0.38394988  -0.36161277  -9.813516
0.36403683  -0.35401818  -10.053296
0.27903223  -0.32127044  -10.268401
0.16322698  -0.26918408  -10.442802
0.057737876  -0.23478979  -10.554713
-0.023559669  -0.23095663  -10.603746
-0.08841858  -0.23964435  -10.5834
-0.1403114  -0.23395836  -10.485938
-0.1896274  -0.2175343  -10.35368
-0.24151552  -0.205236  -10.216397
-0.28249255  -0.21309896  -10.060315
-0.2923375  -0.22815704  -9.859647
-0.25389847  -0.22182524  -9.634068
-0.17275816  -0.18978047  -9.432752
-0.047422975  -0.16678965  -9.238344
0.10953442  -0.16791654  -9.036664
0.24998283  -0.15872644  -8.863199
0.33070827  -0.107095934  -8.7999935
0.3512157  -0.03953471  -8.858646
0.3651149  -0.006064826  -8.972592
0.40369996  -0.023956537  -9.085498
0.45005226  -0.06196946  -9.208865
0.47826755  -0.09216132  -9.362203
0.44442308  -0.11665919  -9.553323
0.3413055  -0.14370118  -9.780496
0.17787945  -0.16394764  -10.056204
0.015584215  -0.17372496  -10.337871
-0.10751968  -0.18308829  -10.54366
-0.18134932  -0.21589059  -10.637046
-0.2265714  -0.25438014  -10.643996
-0.25863653  -0.28146222  -10.615596
-0.29350927  -0.29010892  -10.5537
-0.32772484  -0.29215443  -10.440335
-0.35747075  -0.30327323  -10.25201
-0.3725102  -0.32679662  -9.9925585
-0.39354035  -0.34617352  -9.713835
-0.41743478  -0.33547506  -9.463461
-0.4185809  -0.31384692  -9.255947
-0.36343876  -0.3278532  -9.073686
-0.26531157  -0.38787714  -8.919477
-0.16543393  -0.43614173  -8.81149
-0.08322513  -0.43809262  -8.759796
-0.00949578  -0.42644903  -8.774403
0.072700955  -0.4512453  -8.867802
0.15997078  -0.4908251  -9.029973
0.233326  -0.49691057  -9.238988
0.28627184  -0.46009436  -9.470742
0.30597094  -0.43312642  -9.728566
0.29367635  -0.44059467  -10.016421
0.24360798  -0.45530546  -10.306062
0.17078798  -0.43502522  -10.550275
0.08694228  -0.3867127  -10.706563
0.0066382666  -0.35043383  -10.781096
-0.06333808  -0.33225915  -10.778346
-0.12598772  -0.3154378  -10.722484
-0.1891136  -0.28137156  -10.629404
-0.25317863  -0.24079402  -10.515606
-0.30316386  -0.21417175  -10.358311
-0.33724603  -0.1992659  -10.152238
-0.32165012  -0.1820838  -9.901809
-0.23983417  -0.1592422  -9.622483
-0.08715999  -0.15298094  -9.320497
0.08414736  -0.16778164  -9.026872
0.2314475  -0.19938026  -8.799806
0.34633997  -0.21682926  -8.679561
0.43471703  -0.20444898  -8.657491
0.49671233  -0.15872575  -8.696211
0.54282624  -0.090563595  -8.760386
0.5787741  -0.027263602  -8.862495
0.6017  0.030030265  -9.040012
0.5935158  0.06300258  -9.30635
0.5504193  0.051288914  -9.623057
0.486405  -7.6428987E-4  -9.929545
0.40584573  -0.05117518  -10.182981
0.30028632  -0.057676625  -10.38266
0.17307906  -0.028570466  -10.540867
0.052820195  0.0015952816  -10.665772
-0.03493605  0.01917342  -10.74173
-0.08541041  0.039132692  -10.718139
-0.12557282  0.08087953  -10.587121
-0.17490242  0.12282059  -10.391356
-0.23539694  0.1412363  -10.201577
-0.2987394  0.13517204  -10.038644
-0.33160087  0.13754512  -9.855027
-0.31112203  0.14753813  -9.59748
-0.23669775  0.14189865  -9.279243
-0.14579022  0.10259352  -8.985777
-0.065432265  0.049564715  -8.793282
0.0077977427  2.3645768E-4  -8.712427
0.0881311  -0.057121683  -8.705513
0.16712917  -0.12282536  -8.738603
0.22717814  -0.18023199  -8.819611
0.26373383  -0.20440571  -8.962562
0.2901928  -0.20197503  -9.177221
0.32015318  -0.18905888  -9.442203
0.3501536  -0.18087845  -9.724527
0.35144362  -0.18085836  -10.012246
0.31117904  -0.18811144  -10.27826
0.24172728  -0.18855782  -10.494613
0.15069704  -0.15546872  -10.657645
0.025219755  -0.09375318  -10.782886
-0.119237304  -0.04507577  -10.86587
-0.23231597  -0.04529433  -10.869924
-0.29416302  -0.0885733  -10.792605
-0.33383712  -0.13203238  -10.652159
-0.3653219  -0.16053976  -10.4451065
-0.37828496  -0.16052762  -10.156272
-0.35789892  -0.12071711  -9.820641
-0.3073591  -0.0571014  -9.501288
-0.22510622  -0.0061351345  -9.242996
-0.108121715  0.012236134  -9.043131
0.034052968  0.01377222  -8.875619
0.16917509  0.01999967  -8.7392435
0.2654595  0.02687092  -8.6706915
0.31414548  0.031095406  -8.711907
0.34448647  0.023692453  -8.8345785
0.38746563  -0.0016299834  -8.967263
0.4382845  -0.03970903  -9.075368
0.45974502  -0.063909285  -9.205471
0.43807563  -0.057822257  -9.371661
0.38678136  -0.04014351  -9.552176
0.33911434  -0.046286527  -9.703168
0.2750171  -0.06295445  -9.833131
0.17482288  -0.06120417  -9.969589
0.032789554  -0.014044211  -10.112559
-0.1036613  0.045812983  -10.227927
-0.19011845  0.0706641  -10.263338
-0.2188697  0.039388847  -10.200532
-0.23524158  -0.013849761  -10.085881
-0.2764766  -0.03148401  -9.959151
-0.33794978  -0.013396036  -9.829164
-0.37948313  0.0063924766  -9.67524
-0.36234465  0.00760616  -9.470181
-0.29660046  0.006227704  -9.228372
-0.22074623  0.018308604  -8.992879
-0.15653263  0.031045953  -8.80945
-0.0904603  0.03135917  -8.683088
-0.015675744  0.013265308  -8.601483
0.05035004  -0.010509939  -8.578242
0.097648256  -0.031814728  -8.634088
0.14130197  -0.04322231  -8.766528
0.19139916  -0.054776568  -8.963761
0.24294673  -0.07032167  -9.221681
0.30461895  -0.107219756  -9.497236
0.34681693  -0.15660416  -9.766954
0.34144512  -0.20151299  -10.010529
0.2721354  -0.21101324  -10.229959
0.16074894  -0.19439335  -10.414943
0.03011922  -0.174771  -10.560692
-0.104721725  -0.17030723  -10.659844
-0.22748156  -0.17075817  -10.691283
-0.3236203  -0.15775503  -10.648521
-0.3970767  -0.12652972  -10.551175
-0.4426609  -0.094477355  -10.406268
-0.4441378  -0.09581059  -10.190426
-0.41332826  -0.13157368  -9.948887
-0.37469265  -0.16477497  -9.748094
-0.3526292  -0.15394188  -9.618934
-0.30102974  -0.12817629  -9.504701
-0.1831065  -0.12457827  -9.341636
-0.007872176  -0.15701765  -9.133145
0.14389782  -0.17564829  -8.969184
0.21566813  -0.14814009  -8.938965
0.22733258  -0.08988917  -9.031306
0.25006095  -0.041907366  -9.142385
0.31339228  -0.031848703  -9.219195
0.38633385  -0.03725378  -9.30903
0.42742148  -0.03352211  -9.446935
0.4275039  -0.035660263  -9.614469
0.38811287  -0.0648878  -9.784219
0.2875487  -0.1168075  -9.976677
0.12345455  -0.15379657  -10.20745
-0.05045237  -0.16498233  -10.422391
-0.1624964  -0.1670361  -10.553703
-0.18948895  -0.17909558  -10.562391
-0.18577997  -0.20020695  -10.473014
-0.20272116  -0.21973978  -10.34065
-0.25843856  -0.22295354  -10.198177
-0.31855023  -0.21684182  -10.045292
-0.3692638  -0.20125099  -9.8763075
-0.38054833  -0.18152674  -9.6672945
-0.34257308  -0.15779977  -9.423172
-0.26430032  -0.15574446  -9.179646
-0.17582025  -0.18196575  -9.004282
-0.0848971  -0.23219788  -8.912483
0.017364895  -0.28169835  -8.867142
0.12401036  -0.32550338  -8.851119
0.20456226  -0.3545328  -8.891316
0.25546268  -0.36259806  -9.009252
0.2933915  -0.34637985  -9.194401
0.33423457  -0.31240657  -9.416823
0.38459757  -0.28963366  -9.620555
0.41935205  -0.2888364  -9.809471
0.39853045  -0.29365644  -10.0075865
0.30328217  -0.26295885  -10.228948
0.1661823  -0.20412213  -10.432023
0.03219667  -0.15285003  -10.577722
-0.07566919  -0.13713388  -10.644519
-0.16155523  -0.14533663  -10.631917
-0.23009545  -0.15376686  -10.549109
-0.29440692  -0.15616839  -10.426321
-0.36185145  -0.15370893  -10.273317
-0.4270259  -0.15601276  -10.07738
-0.48555347  -0.16155727  -9.8640585
-0.52532434  -0.15429032  -9.674435
-0.5232477  -0.1260596  -9.524231
-0.43821692  -0.08875003  -9.364029
-0.27017212  -0.052577928  -9.136686
-0.08192618  -0.02140188  -8.885376
0.056616444  0.0039097746  -8.71709
0.124617964  0.013432712  -8.706439
0.16506891  0.00801279  -8.815797
0.21576434  -1.1882838E-4  -8.962012
0.28260696  6.727924E-4  -9.114005
0.34281862  0.0067538447  -9.29267
0.38057375  -8.8721205E-4  -9.494389
0.3790212  -0.03861643  -9.71101
0.32365724  -0.09296131  -9.935101
0.20671153  -0.13213958  -10.169868
0.058596242  -0.14311756  -10.376897
-0.0723959  -0.13693358  -10.518998
-0.14797723  -0.13264336  -10.584311
-0.16534905  -0.13185005  -10.585258
-0.14953773  -0.13950367  -10.522943
-0.1370212  -0.15412615  -10.395699
-0.1547385  -0.17057492  -10.208973
-0.20112742  -0.18191083  -9.987918
-0.26287797  -0.17198832  -9.788539
-0.31190464  -0.13951562  -9.6098175
-0.31196928  -0.10541225  -9.429426
-0.25004998  -0.10859331  -9.235084
-0.15625912  -0.15013576  -9.063866
-0.064446084  -0.19445372  -8.943368
0.013820239  -0.21744375  -8.878367
0.0935358  -0.2284679  -8.857552
0.16633545  -0.24161828  -8.896512
0.22215883  -0.25275758  -9.011729
0.26369974  -0.25751072  -9.207562
0.3021412  -0.26237115  -9.453618
0.35788718  -0.27288952  -9.703988
0.4126984  -0.29295087  -9.922562
0.4277664  -0.3024287  -10.12675
0.3770534  -0.28151312  -10.313905
0.28356454  -0.23371945  -10.488536
0.18646698  -0.19147108  -10.625895
0.10063261  -0.17359471  -10.701844
0.008663451  -0.16409224  -10.706792
-0.09816933  -0.14572875  -10.659018
-0.21146429  -0.1232182  -10.576713
-0.29789004  -0.12756757  -10.444602
-0.34342718  -0.15903556  -10.223391
-0.36283866  -0.18049578  -9.954037
-0.37046003  -0.1505127  -9.694519
-0.34329596  -0.08555678  -9.475604
-0.24113047  -0.04062986  -9.262354
-0.07681728  -0.03294566  -9.056409
0.085580714  -0.032499824  -8.882238
0.18396087  -0.0035494536  -8.77589
0.20833868  0.04761139  -8.750167
0.19527459  0.09440851  -8.803295
0.18770106  0.116856225  -8.926948
0.21199666  0.12029826  -9.092087
0.26016438  0.11959958  -9.288509
0.30978802  0.12561853  -9.492991
0.33284435  0.122243464  -9.699689
0.32015267  0.09256076  -9.892969
0.25734997  0.034194246  -10.072173
0.14926212  -0.030794242  -10.242267
0.014194659  -0.0897158  -10.40584
-0.101858705  -0.13761194  -10.524619
-0.1655491  -0.17634316  -10.570217
-0.17966688  -0.20225485  -10.529325
-0.17039  -0.22482848  -10.406247
-0.16985412  -0.24569397  -10.218915
-0.19218524  -0.25132358  -9.996968
-0.24643283  -0.22822845  -9.785946
-0.30983597  -0.17568187  -9.602092
-0.3343226  -0.12814415  -9.405869
-0.28602248  -0.124207884  -9.199567
-0.18616314  -0.17430313  -9.006049
-0.094079815  -0.23355164  -8.874505
-0.035753954  -0.25900868  -8.81078
0.0118034715  -0.25659987  -8.801521
0.082933806  -0.25869453  -8.822402
0.16880912  -0.27122128  -8.871173
0.23171096  -0.26187882  -8.964845
0.25321433  -0.2192399  -9.142103
0.2627584  -0.17200239  -9.380875
0.29229566  -0.17263587  -9.6147995
0.29872295  -0.21125965  -9.844108
0.23619568  -0.23905201  -10.113198
0.12616566  -0.2242362  -10.38091
0.03792633  -0.19332026  -10.559735
-0.0086674355  -0.18731089  -10.606484
-0.049711537  -0.20032321  -10.592866
-0.11188216  -0.20593114  -10.5585985
-0.20187604  -0.18500553  -10.504819
-0.31162947  -0.15822345  -10.439338
-0.41426173  -0.14992817  -10.342998
-0.48041394  -0.17148896  -10.197278
-0.49101987  -0.19000201  -9.978013
-0.45111322  -0.18087389  -9.725068
-0.35228953  -0.14044267  -9.47961
-0.20753407  -0.09103149  -9.263839
-0.04006132  -0.04806255  -9.070819
0.10588596  -0.014907334  -8.917979
0.1906045  0.01787484  -8.846776
0.21350062  0.050032597  -8.879361
0.20684248  0.07882953  -8.979629
0.21144299  0.08713022  -9.104349
0.23740894  0.07489843  -9.243859
0.2774855  0.062070396  -9.403159
0.31987786  0.05872496  -9.579903
0.34937504  0.043418348  -9.780896
0.34067297  -0.0032969126  -9.998181
0.26885763  -0.06331106  -10.226379
0.14526463  -0.10374824  -10.436059
0.004033782  -0.12389988  -10.611248
-0.099217504  -0.14635076  -10.713672
-0.1493832  -0.18425779  -10.7371
-0.16356848  -0.22804339  -10.681983
-0.17261727  -0.2668647  -10.570697
-0.19564234  -0.28977257  -10.393682
-0.23722482  -0.29298535  -10.172538
-0.28915313  -0.26328215  -9.957452
-0.30080307  -0.21626209  -9.733749
-0.24589328  -0.17953636  -9.460284
-0.15991832  -0.17462218  -9.173234
-0.09426815  -0.19278131  -8.957131
-0.059402257  -0.21624911  -8.861473
-0.021271335  -0.24774396  -8.814984
0.02835455  -0.28989682  -8.796367
0.09681759  -0.33879697  -8.811147
0.17570545  -0.37302125  -8.864705
0.24457264  -0.37536252  -8.9557905
0.27601227  -0.33940923  -9.097939
0.28582978  -0.29110813  -9.310783
0.28477076  -0.27141318  -9.571552
0.25922582  -0.28692868  -9.855958
0.18998617  -0.30907366  -10.133598
0.09880978  -0.30046687  -10.352444
0.0144528635  -0.26130787  -10.476441
-0.05255689  -0.22064877  -10.5018015
-0.11762255  -0.19713362  -10.466903
-0.18857221  -0.19016217  -10.411469
-0.26526716  -0.18635555  -10.342045
-0.33604082  -0.1888839  -10.248631
-0.391528  -0.21340816  -10.105567
-0.4330101  -0.25326407  -9.923714
-0.4461142  -0.28511143  -9.7207365
-0.41517648  -0.2879291  -9.530915
-0.32243332  -0.27175173  -9.351181
-0.173063  -0.2517106  -9.164313
7.652895E-5  -0.22625256  -8.970515
0.14132614  -0.18039505  -8.809125
0.20496602  -0.105043866  -8.724516
0.21739036  -0.029596006  -8.724017
0.21503198  0.025889143  -8.776138
0.22522844  0.04954928  -8.873178
0.23659118  0.059503913  -9.007252
0.25945428  0.056695033  -9.189616
0.28338453  0.03771299  -9.389751
0.29275224  -0.0017861972  -9.591464
0.25134984  -0.05985922  -9.776093
0.1379026  -0.10394155  -9.98429
-0.01601873  -0.12640788  -10.215711
-0.15479968  -0.12918155  -10.440045
-0.22489788  -0.14396495  -10.585732
-0.2454124  -0.1624328  -10.6122465
-0.2543302  -0.17441559  -10.5526905
-0.27411446  -0.18287168  -10.461236
-0.2965102  -0.20316742  -10.364124
-0.3235284  -0.23335706  -10.240098
-0.3463038  -0.23379998  -10.0675
-0.3489913  -0.1917784  -9.839702
-0.31411383  -0.13671273  -9.581535
-0.2596701  -0.1127342  -9.357797
-0.20766763  -0.12816529  -9.200753
-0.16232248  -0.15728031  -9.106873
-0.10776494  -0.1916076  -9.041393
-0.038861457  -0.22859544  -9.005076
0.03669851  -0.2577821  -8.998581
0.108249865  -0.26431066  -9.023266
0.1616037  -0.25156584  -9.097491
0.19880493  -0.22992796  -9.237132
0.2265631  -0.1903839  -9.422364
0.26109743  -0.12822531  -9.5927305
0.256367  -0.06784868  -9.724538
0.16571833  -0.046706423  -9.900772
0.022949113  -0.08011415  -10.1437025
-0.09111264  -0.10950925  -10.373658
-0.13823907  -0.10189643  -10.4941025
-0.17521544  -0.050688308  -10.490799
-0.23538898  -0.019853668  -10.469372
-0.30771542  -0.036320575  -10.457459
-0.37759173  -0.08561585  -10.46154
-0.45028695  -0.13473447  -10.4194565
-0.5028983  -0.1757799  -10.316365
-0.51377976  -0.20502014  -10.16569
-0.4562426  -0.20485236  -10.000192
-0.3343637  -0.1837995  -9.79472
-0.1794904  -0.14885622  -9.53635
-0.033793975  -0.12015984  -9.250617
0.064642444  -0.085099906  -9.004314
0.11735047  -0.05829319  -8.860063
0.1396942  -0.037218887  -8.808173
0.1484928  -0.009480329  -8.799345
0.16538788  0.028257376  -8.789829
0.2025389  0.05608288  -8.788859
0.2564015  0.060398016  -8.841521
0.31095585  0.06257927  -8.9577055
0.36418414  0.079749666  -9.128362
0.41823456  0.102063455  -9.315536
0.4632826  0.11161748  -9.523614
0.47592926  0.10279853  -9.732749
0.4323453  0.104005694  -9.9257
0.32745275  0.123848885  -10.08178
0.18774842  0.13283493  -10.2248335
0.0530431  0.0987281  -10.361688
-0.04650173  0.03465492  -10.45996
-0.12367898  -0.019597022  -10.484804
-0.2087126  -0.05461483  -10.443552
-0.31544212  -0.08684647  -10.384989
-0.3758818  -0.113499254  -10.330386
-0.32902816  -0.11772672  -10.206725
-0.20576869  -0.08845019  -9.977195
-0.10128669  -0.07388278  -9.70719
-0.05230133  -0.106272735  -9.47708
-0.01616137  -0.18287247  -9.326306
0.04547702  -0.23989445  -9.184092
0.11977896  -0.24530168  -9.042931
0.19369578  -0.22268425  -8.901596
0.25201055  -0.19450688  -8.797887
0.28808078  -0.16065721  -8.77706
0.30218235  -0.12016376  -8.857265
0.30755618  -0.094692476  -9.017812
0.32144067  -0.092792846  -9.215211
0.35427308  -0.08976895  -9.417943
0.39389324  -0.053019058  -9.629802
0.43633366  -0.010158231  -9.839118
0.44461867  0.014026237  -10.020028
0.4126215  -3.4062253E-4  -10.189316
0.3363587  -0.0072779604  -10.333807
0.25815558  0.008605414  -10.424689
0.18726765  0.054552462  -10.426539
0.1055097  0.087673664  -10.376369
0.0023958737  0.07099777  -10.334895
-0.117221266  0.009937589  -10.298623
-0.22588755  -0.053868007  -10.249537
-0.30544433  -0.08789593  -10.154423
-0.33269066  -0.09797547  -10.015782
-0.2935984  -0.11434563  -9.843101
-0.19254233  -0.14292629  -9.650786
-0.057017792  -0.15704942  -9.429664
0.07421166  -0.13208146  -9.186798
0.17910229  -0.076813646  -8.949506
0.2632554  -0.02586413  -8.746209
0.33623707  0.007661136  -8.596293
0.39496264  0.028670192  -8.51217
0.43291926  0.036168218  -8.509545
0.44784093  0.027721958  -8.583302
0.44490126  0.018543357  -8.719016
0.43230858  0.02183635  -8.909925
0.42602634  0.02897714  -9.145399
0.4201679  0.01889359  -9.406616
0.39518175  -0.0207254  -9.668819
0.3302655  -0.063303195  -9.912971
0.23223908  -0.08982313  -10.135535
0.12524907  -0.10924035  -10.319372
0.028414572  -0.13589607  -10.451583
-0.056726944  -0.15293302  -10.51231
-0.13357113  -0.13397758  -10.509887
-0.21020187  -0.096098445  -10.463464
-0.28331527  -0.08876055  -10.386556
-0.34367597  -0.13971722  -10.268549
-0.39371577  -0.20167005  -10.103726
-0.40050444  -0.23699892  -9.893252
-0.3590803  -0.2299683  -9.6268425
-0.27171817  -0.23620419  -9.358723
-0.20427994  -0.2612274  -9.1635895
-0.17950253  -0.3016219  -9.0774975
-0.1598294  -0.3353387  -9.028991
-0.106447436  -0.36282548  -8.947835
-0.023203975  -0.3815886  -8.85555
0.04495703  -0.39092994  -8.814972
0.08940183  -0.3948189  -8.856963
0.12630412  -0.3936447  -8.963964
0.17227308  -0.37245628  -9.119746
0.23971373  -0.33964586  -9.310107
0.28970075  -0.31007478  -9.513001
0.26634917  -0.29434803  -9.743242
0.16170323  -0.2984023  -10.022839
0.039155927  -0.30675924  -10.312939
-0.04275356  -0.30611625  -10.535769
-0.09873268  -0.2822141  -10.632168
-0.16994607  -0.24386084  -10.6452675
-0.25237238  -0.21528995  -10.619086
-0.3284302  -0.21085005  -10.5847025
-0.3800912  -0.24877043  -10.54029
-0.41678295  -0.31665105  -10.47665
-0.4320464  -0.37698317  -10.366959
-0.4146966  -0.3914934  -10.199452
-0.34700608  -0.37120602  -9.967556
-0.24559046  -0.33662152  -9.687421
-0.13350138  -0.29628435  -9.400826
-0.035455003  -0.25298014  -9.138709
0.04706146  -0.21771006  -8.925323
0.10690084  -0.1963708  -8.772767
0.15206851  -0.18245745  -8.694108
0.19120003  -0.17510061  -8.696664
0.23413615  -0.17071982  -8.763759
0.2737184  -0.16118139  -8.884786
0.29902896  -0.14765453  -9.08546
0.32093623  -0.15009035  -9.351334
0.35480332  -0.17604227  -9.653567
0.39164868  -0.21777944  -9.917813
0.39673662  -0.26303002  -10.142243
0.33901596  -0.28519353  -10.32916
0.24424653  -0.2870486  -10.488426
0.14126293  -0.2658913  -10.592689
0.05286606  -0.24165893  -10.628665
-0.028802926  -0.21255653  -10.614517
-0.11129826  -0.18242024  -10.587402
-0.1924664  -0.17225875  -10.553287
-0.2768455  -0.18096565  -10.48788
-0.3302449  -0.20668298  -10.378161
-0.30745926  -0.23756032  -10.192803
-0.21620095  -0.25368026  -9.921805
-0.11868074  -0.25866446  -9.6238165
-0.06280973  -0.2759248  -9.376355
-0.020571869  -0.320017  -9.225232
0.043552805  -0.36322585  -9.10716
0.11898508  -0.3784654  -8.9998045
0.19487186  -0.39001927  -8.908197
0.2608822  -0.39901724  -8.85607
0.31151146  -0.3741653  -8.867265
0.33899793  -0.30924094  -8.958031
0.3483013  -0.23970318  -9.118945
0.34778225  -0.20540537  -9.336436
0.34867278  -0.1988631  -9.627347
0.35302162  -0.2085904  -9.9539385
0.33083916  -0.18343328  -10.240627
0.26752672  -0.15136851  -10.42577
0.17556381  -0.1347194  -10.528253
0.0922876  -0.15334664  -10.576917
0.0105121685  -0.15430692  -10.571867
-0.08548962  -0.12380252  -10.529262
-0.18992095  -0.107288115  -10.471222
-0.27431813  -0.12764688  -10.371234
-0.34009275  -0.16050816  -10.22443
-0.39380822  -0.1804771  -10.021751
-0.42425394  -0.18912809  -9.805699
-0.40493557  -0.18486977  -9.585552
-0.32867095  -0.1694419  -9.391968
-0.23373395  -0.13263519  -9.230047
-0.13720866  -0.10434153  -9.100187
-0.039405055  -0.099081956  -8.988331
0.064677514  -0.11275798  -8.8873625
0.15615241  -0.11848041  -8.805149
0.21753831  -0.09749148  -8.767842
0.25345352  -0.057386737  -8.799656
0.28610933  -0.0020839574  -8.912738
0.32870907  0.06802244  -9.087547
0.37427512  0.1282748  -9.310341
0.40838465  0.16001119  -9.5718565
0.4244126  0.17827988  -9.84223
0.413  0.20304902  -10.10189
0.3436567  0.22031762  -10.362239
0.22986479  0.223441  -10.598698
0.10369841  0.23186576  -10.763329
0.016073609  0.24521326  -10.808366
-0.03343321  0.22604372  -10.758334
-0.06181058  0.17457615  -10.6476145
-0.089848556  0.12855248  -10.495629
-0.12740926  0.12129032  -10.316503
-0.17394722  0.1273009  -10.087453
-0.22725588  0.1382273  -9.840971
-0.25023997  0.11243886  -9.627191
-0.22719908  0.077156805  -9.483512
-0.16222525  0.041435767  -9.374836
-0.09899401  0.028494641  -9.269372
-0.039124306  0.0059382045  -9.169757
0.024883643  -0.03524557  -9.08653
0.09677044  -0.07900559  -9.027881
0.15374489  -0.10782293  -9.010065
0.19026898  -0.11848241  -9.03874
0.21602033  -0.12253952  -9.11654
0.2426788  -0.12674484  -9.263265
0.27134535  -0.13071974  -9.478238
0.29690227  -0.12853897  -9.73105
0.32279602  -0.13432936  -9.970371
0.32308444  -0.13240708  -10.186947
0.26020494  -0.11195171  -10.401755
0.13742004  -0.0796927  -10.593661
0.011451294  -0.06272882  -10.692534
-0.070648044  -0.059340447  -10.654958
-0.13002008  -0.04452696  -10.529553
-0.19972526  -0.026957275  -10.392539
-0.2834049  -0.0333014  -10.269439
-0.3507358  -0.06570735  -10.132071
-0.38838497  -0.10807339  -9.952033
-0.4041008  -0.15036212  -9.744862
-0.39813232  -0.19208817  -9.516235
-0.33615157  -0.22577955  -9.2614
-0.22479992  -0.24559188  -9.005408
-0.1007602  -0.25057006  -8.791351
-0.0185579  -0.22556616  -8.650513
0.027424768  -0.15484986  -8.558778
0.063839994  -0.06228888  -8.511503
0.1032655  0.004085967  -8.538103
0.15029977  0.014804746  -8.653377
0.20462716  0.0036194548  -8.833414
0.26613086  0.011494562  -9.033029
0.32589966  0.051414087  -9.235752
0.37725008  0.0949361  -9.444167
0.38912225  0.11299793  -9.668494
0.35115004  0.09959646  -9.910626
0.25215062  0.07367041  -10.170525
0.13297053  0.032796253  -10.416001
0.030662633  -0.006483707  -10.582119
-0.030378157  -0.032818273  -10.634911
-0.062081415  -0.033469964  -10.607047
-0.09833041  -0.0139129115  -10.553015
-0.15035991  0.004437413  -10.47125
-0.20299728  0.017383987  -10.3242235
-0.24371065  0.025842942  -10.103382
-0.2800999  0.048323642  -9.8505125
-0.29908827  0.06042141  -9.608598
-0.26872694  0.054662284  -9.372807
-0.193875  0.03516142  -9.150832
-0.11693277  0.022241466  -8.985061
-0.075012706  7.453722E-4  -8.911059
-0.04753138  -0.05779401  -8.908062
-0.013408373  -0.1393051  -8.916802
0.036158986  -0.2085656  -8.93818
0.09346124  -0.23886192  -8.9918375
0.15676874  -0.23325104  -9.101006
0.21855593  -0.21279664  -9.262882
0.27547145  -0.19308603  -9.4873705
0.30993676  -0.1750315  -9.752014
0.2984454  -0.14333615  -10.028816
0.23409969  -0.09284929  -10.275401
0.14077114  -0.039408047  -10.464063
0.051980108  -0.011823465  -10.581997
-0.024656245  -0.012680675  -10.626908
-0.08979741  -0.027413746  -10.607293
-0.15164883  -0.038661763  -10.538685
-0.21171336  -0.052748848  -10.442851
-0.27050757  -0.084944606  -10.341222
-0.31616512  -0.14480163  -10.214845
-0.34276143  -0.21977754  -10.043815
-0.32800022  -0.27887452  -9.822666
-0.26467228  -0.30083323  -9.56977
-0.15422042  -0.2847516  -9.298838
-0.03192089  -0.23612227  -9.0492935
0.07116414  -0.16797256  -8.868352
0.14625198  -0.09340685  -8.780581
0.20237172  -0.039240394  -8.760436
0.25705785  -0.010992869  -8.775535
0.31220612  7.309741E-5  -8.813739
0.3559076  0.0056502507  -8.900399
0.3727384  0.008983687  -9.05763
0.37752768  0.0014336606  -9.294408
0.3729984  -0.004333667  -9.560277
0.3712372  -0.027378887  -9.798478
0.33250776  -0.0810154  -9.98285
0.24212795  -0.16424538  -10.15648
0.11552795  -0.23761563  -10.351298
0.0014961784  -0.25774038  -10.536225
-0.0714457  -0.22589447  -10.669072
-0.1307776  -0.16909128  -10.706723
-0.20531945  -0.11961675  -10.66692
-0.3054185  -0.08893713  -10.557647
-0.4080743  -0.073804684  -10.407578
-0.49871847  -0.06497834  -10.217954
-0.5577004  -0.05935959  -10.002179
-0.56007016  -0.06745564  -9.759198
-0.50622994  -0.096196376  -9.517056
-0.42787388  -0.15061344  -9.325421
-0.363398  -0.21222176  -9.218311
-0.31650755  -0.26666737  -9.177212
-0.27754593  -0.30122858  -9.161699
-0.23062198  -0.30864283  -9.142678
-0.17250039  -0.29826936  -9.1205
-0.108802  -0.27719468  -9.102843
-0.06301817  -0.25714853  -9.109956
-0.042269383  -0.24069196  -9.16425
-0.040643003  -0.22672434  -9.280046
-0.06480039  -0.20221929  -9.457653
-0.096428566  -0.17673491  -9.692655
-0.16138226  -0.13776995  -9.923373
-0.22805488  -0.108637415  -10.120435
-0.3418913  -0.057695374  -10.236911
-0.48135337  -0.008301699  -10.303544
-0.6447475  0.02257082  -10.334695
-0.77900225  0.014341441  -10.357943
-0.86430866  -0.02983062  -10.353026
-0.909452  -0.08048733  -10.295779
-0.9610348  -0.11457916  -10.189131
-1.0255533  -0.13240136  -10.079976
-1.0975788  -0.12281484  -10.002075
-1.1072016  -0.09041641  -9.945436
-1.0395447  -0.042827547  -9.8585825
-0.93086594  -0.007252892  -9.722086
-0.8517917  -0.0074580754  -9.577273
-0.8276016  -0.036631927  -9.451237
-0.8271319  -0.07430745  -9.363736
-0.82515067  -0.10113033  -9.309917
-0.81283873  -0.11289188  -9.294053
-0.79755783  -0.10864687  -9.302541
-0.78472775  -0.09689168  -9.31914
-0.77980167  -0.09174165  -9.346999
-0.8025274  -0.115875095  -9.436451
-0.8475237  -0.14528407  -9.592055
-0.9022038  -0.14755623  -9.772205
-0.9383673  -0.11303628  -9.905137
-0.9553183  -0.08168956  -9.985445
-0.96766645  -0.06345347  -10.04493
-1.0127838  -0.048810806  -10.093047
-1.0934099  -0.011797993  -10.1094885
-1.182521  0.031864796  -10.080788
-1.2357525  0.07332394  -10.030223
-1.2568884  0.10505409  -9.97424
-1.2707505  0.111204624  -9.920204
-1.2673692  0.06308453  -9.85231
-1.2652942  0.011297298  -9.747846
-1.2347323  -0.020830328  -9.632361
-1.2293266  -0.011082978  -9.529274
-1.1826738  -0.073270135  -9.515813
-1.119814  -0.14427935  -9.54892
-1.0168848  -0.18926014  -9.568943
-0.9412895  -0.18254174  -9.5266485
-0.90271115  -0.15591554  -9.476647
-0.88445574  -0.14031081  -9.4621725
-0.8463714  -0.106295936  -9.45298
-0.7839497  -0.08772015  -9.397955
-0.72940546  -0.0873455  -9.362557
-0.70842665  -0.0758724  -9.387332
-0.7063082  -0.069599815  -9.46344
-0.7000635  -0.045594215  -9.541431
-0.67007285  -0.034792554  -9.589677
-0.6428521  -0.02467864  -9.643039
-0.609229  -0.03543939  -9.671252
-0.5794778  -0.04499644  -9.692142
-0.5418987  -0.046291728  -9.714028
-0.5250578  -0.04503886  -9.771831
-0.5238213  -0.06584245  -9.858153
-0.52949697  -0.08515045  -9.952682
-0.5043208  -0.08680478  -9.985
-0.4491854  -0.08925285  -9.946716
-0.38352934  -0.097058624  -9.871101
-0.33828017  -0.12074774  -9.813242
-0.31515917  -0.13842916  -9.789168
-0.2938337  -0.15553702  -9.771778
-0.24730243  -0.16010159  -9.768115
-0.18556124  -0.17693508  -9.800052
-0.1392949  -0.20629014  -9.886664
-0.13287264  -0.25561324  -9.991024
-0.13800925  -0.29039004  -10.064349
-0.12675858  -0.2992309  -10.082165
-0.107773036  -0.26947272  -10.068916
-0.092100136  -0.25903556  -10.055854
-0.08119569  -0.29280946  -10.045887
-0.040494014  -0.33632556  -10.035888
-0.0034157347  -0.32028386  -10.011989
0.039273296  -0.2984913  -9.974681
0.06495909  -0.307417  -9.938049
0.09824425  -0.32617843  -9.907371
0.12854552  -0.33084777  -9.875366
0.15434109  -0.32443407  -9.845121
0.17046835  -0.3481573  -9.83904
0.18240017  -0.35986307  -9.8663435
0.20847927  -0.35114458  -9.851926
0.24904473  -0.35120177  -9.796448
0.28277996  -0.33771023  -9.733498
0.29109907  -0.3302386  -9.697086
0.29843473  -0.3122765  -9.69954
0.31455857  -0.3018554  -9.7021055
0.33527258  -0.28663316  -9.738896
0.33878684  -0.2748664  -9.763392
0.33112827  -0.27350822  -9.775093
0.339064  -0.28199807  -9.741641
0.35839304  -0.27444053  -9.686358
0.38102493  -0.2704554  -9.6364
0.38505968  -0.2576562  -9.63215
0.37888718  -0.23526989  -9.66779
0.36451018  -0.22232576  -9.698845
0.36491796  -0.21815354  -9.698358
0.36597034  -0.21856272  -9.67291
0.3666205  -0.21145447  -9.662139
0.36019245  -0.2334619  -9.665906
0.3626244  -0.26540214  -9.658475
0.38135484  -0.28610447  -9.617639
0.39909902  -0.26816186  -9.578675
0.40376493  -0.24372463  -9.576737
0.39960346  -0.2185986  -9.6095705
0.39656115  -0.19959025  -9.636563
0.40831205  -0.18026055  -9.6507
0.42795956  -0.16712137  -9.6600485
0.44567144  -0.16225106  -9.665457
0.4592007  -0.15247782  -9.643653
0.4629  -0.14081056  -9.61276
0.46617794  -0.1338887  -9.601303
0.4603106  -0.14177276  -9.614282
0.4520953  -0.14928034  -9.632192
0.4377141  -0.14804305  -9.649086
0.42801487  -0.13818245  -9.661418
0.42264625  -0.13326749  -9.678079
0.41816762  -0.13176686  -9.699325
0.4140075  -0.13248311  -9.720849
0.41260076  -0.13134368  -9.737146
0.42621776  -0.13538004  -9.743676
0.4254307  -0.13783865  -9.730374
0.42412588  -0.1323588  -9.7076845
0.40819752  -0.1178465  -9.689012
0.40662554  -0.11095521  -9.698529
0.40122676  -0.111206375  -9.718646
0.39635268  -0.1088889  -9.735263
0.39460552  -0.10664042  -9.7437935
0.3993609  -0.10145491  -9.735528
0.4091767  -0.10770488  -9.709564
0.41010687  -0.11644431  -9.675157
0.4105529  -0.11781669  -9.659786
0.39678645  -0.115159184  -9.680782
0.38578418  -0.112654455  -9.719592
0.3763388  -0.11740848  -9.742588
0.37667072  -0.11146948  -9.739934
0.37645864  -0.09692615  -9.732546
0.3697513  -0.0844478  -9.734885
0.3698705  -0.078768656  -9.730172
0.37412962  -0.06924364  -9.714089
0.38044032  -0.05173162  -9.691932
0.3907621  -0.033359874  -9.67664
0.39528298  -0.018710988  -9.662541
0.3875197  -0.009469534  -9.661609
0.36240742  -0.017029764  -9.681064
0.34568533  -0.04360767  -9.701393
0.34873602  -0.06865424  -9.701585
0.35451782  -0.07083126  -9.677602
0.35474336  -0.04678987  -9.685505
0.33476892  -0.02603302  -9.723527
0.3177143  -0.014773418  -9.769277
0.29064813  -0.021764003  -9.791241
0.26793703  -0.027562117  -9.797452
0.25191364  -0.03853013  -9.787267
0.24690859  -0.0647496  -9.742196
0.2432921  -0.10955292  -9.668361
0.2517639  -0.17529593  -9.553978
0.26877937  -0.21666448  -9.443485
0.2648176  -0.2032332  -9.409222
0.22986679  -0.15226775  -9.463084
0.17733486  -0.105615675  -9.583092
0.14306869  -0.099034615  -9.673744
0.1168781  -0.110029735  -9.732357
0.09622112  -0.12235076  -9.776702
0.075967275  -0.13682564  -9.820132
0.05748807  -0.14963256  -9.8601885
0.04824084  -0.16010511  -9.8572645
0.05217279  -0.1682712  -9.824723
0.06083684  -0.1608551  -9.806035
0.058399122  -0.14205132  -9.8175535
0.051595796  -0.120216854  -9.825936
0.048178624  -0.12948327  -9.809498
0.060271863  -0.1444801  -9.77089
0.06460544  -0.14638194  -9.745706
0.06264664  -0.13238269  -9.749447
0.043027163  -0.13601585  -9.775016
0.018750785  -0.15755007  -9.810509
-0.011021514  -0.17465274  -9.839026
-0.026928723  -0.18298936  -9.851765
-0.020389596  -0.1827237  -9.846153
-0.002981441  -0.18141276  -9.820268
0.005651515  -0.17669283  -9.801898
-0.0017604228  -0.16942865  -9.796159
-0.007685918  -0.16200818  -9.806504
-0.010981683  -0.17044926  -9.802347
5.888383E-4  -0.17909212  -9.788596
0.011712293  -0.18514754  -9.755466
0.035919365  -0.17660289  -9.722103
0.056275252  -0.1747386  -9.689175
0.07128486  -0.16841447  -9.680289
0.07635254  -0.13946164  -9.706097
0.08373133  -0.09359354  -9.759931
0.079253815  -0.028627785  -9.862454
0.06351687  0.0145210745  -9.974658
0.064350374  0.0026789506  -10.022229
0.09647409  -0.053038042  -9.976639
0.14545955  -0.106944285  -9.864938
0.17743897  -0.119889386  -9.781131
0.20137715  -0.11173594  -9.735287
0.2197911  -0.09905503  -9.701875
0.23498113  -0.08434284  -9.6688385
0.24520789  -0.065264344  -9.631066
0.2563347  -0.05372755  -9.623933
0.2641422  -0.05113427  -9.641533
0.2707473  -0.068940066  -9.651954
0.27455774  -0.09534312  -9.64302
0.27008498  -0.11564206  -9.647346
0.26083794  -0.099860735  -9.677358
0.23780549  -0.07191988  -9.728147
0.23256193  -0.054733563  -9.757458
0.2362876  -0.059843447  -9.754208
0.2614394  -0.06077364  -9.728351
0.28066203  -0.05277036  -9.695874
0.2929523  -0.04790165  -9.6843
0.2930067  -0.04069744  -9.684453
0.286108  -0.032308016  -9.69187
0.28171715  -0.023224667  -9.6932
0.26836506  -0.019733986  -9.710568
0.25535423  -0.021718556  -9.738163
0.24652518  -0.01955489  -9.761915
0.25771132  -0.015327071  -9.752078
0.2853254  -0.017708486  -9.714245
0.31758562  -0.021499915  -9.6749525
0.34451643  -0.024464525  -9.651847
0.35459754  -0.021192497  -9.65722
0.35288444  -0.022493146  -9.675881
0.34469184  -0.034338485  -9.697198
0.33826658  -0.05284969  -9.705803
0.3336649  -0.068938255  -9.706927
0.32853317  -0.07856022  -9.708448
0.31114903  -0.08210853  -9.716057
0.28540894  -0.08216105  -9.727624
0.27068976  -0.07842519  -9.721264
0.2761791  -0.06609687  -9.694046
0.28915134  -0.06811928  -9.662453
0.29550788  -0.08397842  -9.643395
0.29057643  -0.104673326  -9.637258
0.28319803  -0.11529031  -9.639022
0.27107325  -0.11486418  -9.645305
0.26414475  -0.115367055  -9.6482
0.25295293  -0.11710382  -9.645915
0.24360557  -0.11986226  -9.643867
0.23411924  -0.12182322  -9.64557
0.22923194  -0.12277871  -9.6537285
0.22368409  -0.13855974  -9.673125
0.21532719  -0.15268523  -9.689322
0.21199214  -0.16013478  -9.691898
0.20709123  -0.15814762  -9.68726
