-0.5761678  -0.75953406  -9.684543
-0.69397175  -0.6316216  -9.828291
-0.7604298  -0.5605921  -9.925695
-0.84648854  -0.42348835  -10.054203
-0.79780954  -0.32231578  -10.007079
-0.70391226  -0.23956959  -9.894368
-0.64863634  -0.19353028  -9.825719
-0.6288592  -0.2233393  -9.812813
-0.60791355  -0.2578938  -9.795967
-0.5659157  -0.27319905  -9.767761
-0.5340417  -0.2692419  -9.746083
-0.5026805  -0.27835372  -9.712874
-0.4655219  -0.302622  -9.667628
-0.44238865  -0.32634056  -9.666361
-0.44490293  -0.34276304  -9.723239
-0.45509544  -0.35888502  -9.786059
-0.45692042  -0.3841665  -9.819846
-0.44647202  -0.41580677  -9.828597
-0.42959538  -0.43518496  -9.823405
-0.41176522  -0.4331915  -9.814193
-0.3958384  -0.42667142  -9.80546
-0.379105  -0.42238975  -9.804801
-0.35792562  -0.4145597  -9.811962
-0.32878968  -0.39574113  -9.815923
-0.29790226  -0.3779138  -9.813225
-0.27248776  -0.3780296  -9.809617
-0.25224456  -0.3922751  -9.805299
-0.23149437  -0.40661392  -9.796957
-0.20394678  -0.415069  -9.7823105
-0.17283718  -0.42489243  -9.767682
-0.14181715  -0.44373003  -9.757842
-0.112289615  -0.4631416  -9.752316
-0.084575884  -0.4783853  -9.75195
-0.058740854  -0.48877263  -9.755857
-0.0367434  -0.49666214  -9.7596
-0.014364722  -0.5013394  -9.758045
0.012634252  -0.4996985  -9.757489
0.047870796  -0.50132996  -9.753966
0.0875374  -0.5022807  -9.742966
0.12600361  -0.50237435  -9.725063
0.15356167  -0.500263  -9.718217
0.1761242  -0.49968937  -9.717509
0.20452744  -0.5013127  -9.702689
0.24368434  -0.49746048  -9.674128
0.29102716  -0.49220276  -9.645019
0.34354678  -0.4863422  -9.621909
0.40062177  -0.4808108  -9.609062
0.4508243  -0.4740249  -9.6185875
0.4859333  -0.46455082  -9.655249
0.51426697  -0.45712745  -9.692468
0.55194855  -0.45343575  -9.699237
0.59965116  -0.45271683  -9.675148
0.6514714  -0.4511118  -9.637355
0.70209813  -0.44305673  -9.597911
0.7541335  -0.43267024  -9.564237
0.81197304  -0.42411175  -9.533698
0.87306875  -0.4122113  -9.510662
0.92503023  -0.3931644  -9.5035095
0.960613  -0.36950338  -9.513243
0.9849131  -0.35626674  -9.536959
1.0109657  -0.35059094  -9.570062
1.0406171  -0.33694032  -9.618132
1.0693568  -0.3123901  -9.684602
1.0949993  -0.2934329  -9.762113
1.1201557  -0.28136876  -9.840409
1.1461555  -0.26188213  -9.915059
1.153301  -0.2229318  -9.9843235
1.1251842  -0.18938935  -10.055698
1.0618812  -0.18459539  -10.127029
0.98451275  -0.20515986  -10.200478
0.9138915  -0.22572124  -10.260285
0.85254973  -0.23554651  -10.304671
0.80557233  -0.23696662  -10.315437
0.7745233  -0.23258464  -10.29069
0.7618242  -0.22425932  -10.227757
0.760344  -0.22084327  -10.144482
0.7629438  -0.23764098  -10.05355
0.76185805  -0.27296636  -9.962445
0.7568369  -0.31178296  -9.87715
0.7478164  -0.3402804  -9.803138
0.7312276  -0.36105862  -9.747331
0.7068555  -0.38142624  -9.6934395
0.6838204  -0.40411642  -9.626335
0.6770468  -0.42230487  -9.546655
0.6810259  -0.43846235  -9.481029
0.6852301  -0.45269433  -9.443301
0.6843018  -0.46841785  -9.435343
0.6830508  -0.48545495  -9.468942
0.6781149  -0.50456214  -9.547405
0.66469145  -0.52589446  -9.665232
0.6414776  -0.53671974  -9.784676
0.5808632  -0.52723426  -9.90791
0.4715824  -0.50613886  -10.036481
0.32786784  -0.50015265  -10.1603
0.19053735  -0.5210547  -10.256183
0.07622687  -0.5435212  -10.311682
-0.017001757  -0.5457835  -10.320136
-0.0901421  -0.5393025  -10.277496
-0.1512712  -0.54436785  -10.193845
-0.21009462  -0.55920976  -10.094614
-0.27009004  -0.5761192  -9.985122
-0.3218875  -0.59637994  -9.847384
-0.34087852  -0.62701607  -9.6785345
-0.31406245  -0.65173143  -9.488308
-0.2528374  -0.6477282  -9.307672
-0.17881991  -0.6138353  -9.136143
-0.09952134  -0.5723665  -8.9864
-0.008875571  -0.5416539  -8.861527
0.06641904  -0.5169099  -8.811076
0.09803781  -0.48420843  -8.856545
0.0855541  -0.459151  -8.984063
0.052969445  -0.45840177  -9.146629
0.025851652  -0.46397614  -9.315887
0.016122228  -0.43343627  -9.4949465
0.021924019  -0.3588766  -9.676646
0.0071963794  -0.29797545  -9.858555
-0.05220078  -0.293462  -10.04618
-0.15463771  -0.32667792  -10.259165
-0.2701292  -0.34333265  -10.478882
-0.38106474  -0.33241653  -10.668335
-0.46709344  -0.31653142  -10.772304
-0.5238252  -0.3167758  -10.784423
-0.5652825  -0.32657337  -10.718814
-0.6136985  -0.33068916  -10.595932
-0.67587906  -0.31883034  -10.439129
-0.74161386  -0.29729083  -10.259921
-0.798762  -0.2891378  -10.074249
-0.80771476  -0.30585074  -9.856201
-0.7497804  -0.3365606  -9.607162
-0.6367977  -0.36125872  -9.350812
-0.50373846  -0.36738944  -9.1094675
-0.3742856  -0.36089018  -8.899109
-0.27699688  -0.3586606  -8.778665
-0.22622484  -0.37197033  -8.778381
-0.20451204  -0.39883354  -8.868625
-0.17791067  -0.420617  -8.970429
-0.14801459  -0.43845305  -9.088533
-0.14055054  -0.45811024  -9.273311
-0.16803175  -0.47032675  -9.524029
-0.22716846  -0.44942403  -9.774883
-0.30485883  -0.39676467  -9.962723
-0.39941618  -0.3557968  -10.09813
-0.5125765  -0.35978082  -10.224559
-0.6347328  -0.38236913  -10.33711
-0.72837377  -0.39738604  -10.385213
-0.76803976  -0.40508246  -10.3423605
-0.76716083  -0.41832206  -10.244275
-0.7522421  -0.426936  -10.121816
-0.7376694  -0.42888078  -9.971626
-0.72889525  -0.4521465  -9.788075
-0.7331266  -0.5088472  -9.607503
-0.72359276  -0.549347  -9.43493
-0.66432756  -0.5307174  -9.240622
-0.54356915  -0.47233197  -9.008875
-0.40534732  -0.43490067  -8.794665
-0.29118767  -0.4235085  -8.642423
-0.21536209  -0.39506027  -8.570029
-0.16652675  -0.33304125  -8.575816
-0.13520855  -0.267319  -8.6718025
-0.11350576  -0.22819503  -8.818751
-0.087698065  -0.20693648  -8.963493
-0.0582981  -0.20116323  -9.1236725
-0.04425795  -0.19769198  -9.330039
-0.06315819  -0.20786409  -9.590534
-0.117079265  -0.23247083  -9.846471
-0.18689598  -0.2777987  -10.063609
-0.26971486  -0.32231078  -10.254909
-0.36449957  -0.34519196  -10.4291
-0.45662412  -0.34089303  -10.558908
-0.5326724  -0.31655002  -10.606637
-0.5919117  -0.2800435  -10.577064
-0.64722306  -0.24638794  -10.506696
-0.6876089  -0.22180565  -10.389766
-0.6956146  -0.20058037  -10.195648
-0.6659128  -0.17880015  -9.935864
-0.6061221  -0.1771775  -9.669341
-0.52843213  -0.20772755  -9.442693
-0.43499932  -0.24613087  -9.252717
-0.327634  -0.26793206  -9.068833
-0.21681416  -0.28005752  -8.910657
-0.13855383  -0.29895893  -8.836498
-0.109313786  -0.32052657  -8.880881
-0.097528994  -0.33274773  -8.979874
-0.06540429  -0.33758226  -9.08135
-0.021027515  -0.35639587  -9.208904
-0.005877018  -0.39305624  -9.439051
-0.030294029  -0.42359588  -9.742074
-0.0910618  -0.40479478  -10.042301
-0.20002067  -0.32295594  -10.274609
-0.34933087  -0.2355117  -10.44146
-0.49758232  -0.19764881  -10.551229
-0.59445184  -0.20775183  -10.604535
-0.6414445  -0.22787394  -10.606301
-0.66888314  -0.24600971  -10.572654
-0.69628024  -0.27947733  -10.521743
-0.72262764  -0.32403973  -10.47396
-0.7376613  -0.36368707  -10.40834
-0.7302568  -0.3752755  -10.259435
-0.6987343  -0.36988917  -10.028951
-0.6465583  -0.35419893  -9.7759695
-0.57473904  -0.3404144  -9.558308
-0.4903312  -0.31191298  -9.360284
-0.39858294  -0.27067703  -9.166812
-0.31205824  -0.23114038  -9.023076
-0.22810285  -0.21507114  -8.936072
-0.1378464  -0.22117984  -8.892213
-0.050351407  -0.23648824  -8.8716135
0.009260948  -0.24975346  -8.904935
0.02956292  -0.2569269  -9.018211
0.03966217  -0.25891933  -9.207438
0.034227546  -0.24489845  -9.436303
-0.0010532005  -0.2366247  -9.696355
-0.08215109  -0.2532113  -9.954658
-0.1610648  -0.32564682  -10.192637
-0.21275567  -0.38980982  -10.369351
-0.25906804  -0.40283248  -10.502847
-0.31603685  -0.36948898  -10.600146
-0.3733958  -0.3435234  -10.635654
-0.42332086  -0.3391091  -10.607742
-0.4833864  -0.3328122  -10.519025
-0.5582228  -0.30891252  -10.380624
-0.61395705  -0.27310753  -10.152642
-0.6233825  -0.24018998  -9.854109
-0.57743216  -0.24179389  -9.537037
-0.4754375  -0.3004616  -9.262611
-0.34440327  -0.36958918  -9.059319
-0.2127104  -0.39808273  -8.913649
-0.11249133  -0.38483825  -8.814991
-0.044632275  -0.3777802  -8.758347
-0.010225629  -0.38775635  -8.766028
0.0075717424  -0.38801274  -8.832475
0.027461648  -0.3661764  -8.934397
0.050640356  -0.335979  -9.0613365
0.058600172  -0.31990007  -9.254275
0.034933947  -0.30565825  -9.509025
-0.034038294  -0.27207866  -9.765465
-0.13803127  -0.20626275  -9.953134
-0.25372204  -0.15515693  -10.095464
-0.35662326  -0.1527103  -10.225594
-0.44262967  -0.19684601  -10.331964
-0.5189419  -0.2404014  -10.393974
-0.5893313  -0.26624036  -10.423709
-0.6432861  -0.27849516  -10.440923
-0.6646054  -0.28702182  -10.413465
-0.65475506  -0.29119328  -10.301013
-0.64804673  -0.29820973  -10.103525
-0.6428263  -0.3337454  -9.862732
-0.6156277  -0.36989054  -9.60262
-0.5317747  -0.36862817  -9.365433
-0.4295999  -0.28700504  -9.16672
-0.34968784  -0.18960208  -9.024069
-0.2928361  -0.13182203  -8.915118
-0.23509927  -0.12286384  -8.828831
-0.16817982  -0.12807192  -8.789909
-0.10143843  -0.1296631  -8.806577
-0.03354094  -0.123684846  -8.878223
0.03438496  -0.10539957  -8.995255
0.07089823  -0.06889153  -9.187202
0.050104756  -0.040464383  -9.438319
-0.02218698  -0.054085854  -9.729743
-0.11038035  -0.12054259  -10.023777
-0.18603766  -0.21072845  -10.294948
-0.25929058  -0.27699623  -10.514508
-0.34159586  -0.30710125  -10.675242
-0.43759358  -0.32311365  -10.785645
-0.50920033  -0.34036803  -10.804702
-0.54220754  -0.3547646  -10.69601
-0.5456772  -0.36376527  -10.481641
-0.54780525  -0.3723109  -10.239213
-0.55121297  -0.37300578  -9.9984865
-0.5370324  -0.3731397  -9.755767
-0.4809821  -0.3954617  -9.517486
-0.39366627  -0.44649482  -9.317063
-0.29538798  -0.47563577  -9.158252
-0.20894428  -0.465479  -9.04768
-0.13770367  -0.4503045  -8.958308
-0.077157736  -0.46266088  -8.879963
-0.024365684  -0.47777  -8.826347
0.023371905  -0.47024024  -8.855182
0.06710518  -0.46124926  -8.981252
0.10410863  -0.45625356  -9.170129
0.14640833  -0.4480628  -9.39129
0.14974518  -0.3969647  -9.65623
0.08270353  -0.332461  -9.945296
-0.06413416  -0.28493026  -10.204236
-0.22845931  -0.27700603  -10.39897
-0.35508683  -0.28090182  -10.542514
-0.42875743  -0.26851824  -10.630919
-0.46903768  -0.24841638  -10.653229
-0.50035906  -0.24273293  -10.616881
-0.5463086  -0.2527382  -10.581531
-0.60581857  -0.282207  -10.56696
-0.6517942  -0.3224396  -10.518392
-0.64355683  -0.36916146  -10.346244
-0.58160543  -0.4032623  -10.057566
-0.4915708  -0.40064895  -9.70504
-0.40219855  -0.34227538  -9.372684
-0.31708005  -0.25257263  -9.08799
-0.23178725  -0.17611496  -8.861365
-0.15421987  -0.13688748  -8.684483
-0.085079245  -0.11944684  -8.58715
-0.03047972  -0.102298774  -8.615636
0.018227728  -0.08709819  -8.764104
0.06254793  -0.05637612  -8.959245
0.116300195  -0.016511386  -9.161899
0.14796911  0.031109491  -9.376191
0.1347123  0.042902846  -9.6226845
0.06781361  0.02479998  -9.870894
-0.027848594  -0.029255277  -10.115803
-0.1288601  -0.10498134  -10.339617
-0.223574  -0.18235295  -10.5177145
-0.2900324  -0.2204294  -10.648843
-0.33134946  -0.20190758  -10.743741
-0.3586994  -0.16300179  -10.789684
-0.3860288  -0.14266689  -10.724223
-0.418727  -0.13779388  -10.540653
-0.45826116  -0.13771306  -10.29219
-0.5181635  -0.12619425  -10.041791
-0.54187244  -0.13665956  -9.7946
-0.48974577  -0.16438125  -9.541053
-0.3515797  -0.19121309  -9.274739
-0.1989516  -0.18535386  -9.022988
-0.07831823  -0.15892242  -8.830906
0.0017894717  -0.1458897  -8.744805
0.061607715  -0.15150522  -8.735341
0.11541096  -0.15810415  -8.746068
0.16062857  -0.15402514  -8.763061
0.19004662  -0.15694116  -8.849169
0.20110916  -0.18392372  -9.0339575
0.20414662  -0.22304441  -9.27773
0.18190674  -0.22638343  -9.532315
0.09922882  -0.19805469  -9.814294
-0.050484166  -0.19592488  -10.125294
-0.23006088  -0.23519261  -10.405776
-0.36927474  -0.2656226  -10.592366
-0.43151686  -0.24483441  -10.676229
-0.42496088  -0.20351899  -10.666594
-0.40085888  -0.18191504  -10.567189
-0.40504304  -0.17602748  -10.418539
-0.4458827  -0.1861726  -10.285436
-0.51165915  -0.21041949  -10.163241
-0.5503419  -0.26069543  -10.000381
-0.5299362  -0.30396974  -9.762017
-0.44994855  -0.32703027  -9.494765
-0.33229887  -0.29268596  -9.225075
-0.20186315  -0.2075692  -8.992882
-0.07132908  -0.107787736  -8.81988
0.028275212  -0.033968017  -8.710291
0.09295082  -0.0057123676  -8.641776
0.12661065  0.0015393154  -8.626857
0.14514975  -0.0037486823  -8.703339
0.15728183  -0.00875426  -8.86845
0.17997591  -0.004521157  -9.085288
0.23512773  0.0132416  -9.301374
0.28020015  0.041588802  -9.515074
0.2756596  0.047269583  -9.745507
0.20064043  0.020345883  -10.000499
0.10985144  -0.030610247  -10.237277
0.024131916  -0.0756922  -10.409085
-0.06017087  -0.11083716  -10.517012
-0.14995573  -0.13975316  -10.588492
-0.2301842  -0.15328397  -10.625932
-0.28134167  -0.1526706  -10.582057
-0.31256828  -0.12952283  -10.423471
-0.34222463  -0.08888668  -10.184335
-0.3826557  -0.053580686  -9.943694
-0.39169684  -0.07386646  -9.736724
-0.31713578  -0.13259147  -9.517755
-0.161318  -0.16351171  -9.263415
0.0187312  -0.1476096  -9.020153
0.14103967  -0.14195217  -8.863997
0.18262398  -0.19060932  -8.82113
0.1746477  -0.2476393  -8.871312
0.1678982  -0.26911747  -8.984391
0.1896416  -0.26049152  -9.121947
0.2245339  -0.24847884  -9.257838
0.25795093  -0.23751558  -9.397717
0.27829763  -0.21248426  -9.573339
0.24954247  -0.15732981  -9.800184
0.16659366  -0.08678213  -10.042712
0.023519412  -0.039463483  -10.272441
-0.12713613  -0.051147986  -10.460253
-0.26230842  -0.09211198  -10.579377
-0.3502872  -0.12522282  -10.6225395
-0.4034523  -0.144792  -10.618606
-0.42746675  -0.1797842  -10.58114
-0.4444584  -0.22008835  -10.497409
-0.45775303  -0.25031897  -10.369828
-0.4762979  -0.2689362  -10.206597
-0.5138047  -0.29722226  -10.031539
-0.53601074  -0.3421112  -9.825034
-0.51540023  -0.36228716  -9.582054
-0.43280265  -0.35039592  -9.324627
-0.33568415  -0.31183842  -9.107723
-0.25012732  -0.27730092  -8.974759
-0.17917289  -0.2443115  -8.897174
-0.11254119  -0.20714696  -8.848365
-0.048926424  -0.18070243  -8.835099
0.016814465  -0.1704005  -8.896907
0.09519597  -0.17408013  -9.020648
0.18096615  -0.16746987  -9.17563
0.25443617  -0.12717901  -9.357209
0.27416047  -0.05312768  -9.570625
0.22914141  -0.0022294112  -9.82178
0.13500267  -0.009110565  -10.0598345
0.04037537  -0.05304447  -10.250764
-0.027282128  -0.08333275  -10.378701
-0.073133074  -0.08883628  -10.459498
-0.12896353  -0.09860954  -10.496101
-0.20147787  -0.12710841  -10.472702
-0.28272524  -0.15551573  -10.38531
-0.35120144  -0.17757924  -10.26768
-0.40322122  -0.19343628  -10.139638
-0.43676332  -0.21157187  -9.986866
-0.41745326  -0.24333839  -9.779819
-0.33664227  -0.27175143  -9.531606
-0.19431223  -0.28768995  -9.29036
-0.05278085  -0.27083814  -9.091533
0.06581042  -0.24409755  -8.940318
0.144744  -0.22435188  -8.8275175
0.20254374  -0.21394612  -8.7707405
0.24172217  -0.19127274  -8.794904
0.27991152  -0.16186287  -8.871669
0.32110825  -0.132658  -8.961979
0.35589555  -0.11593554  -9.0702505
0.36187685  -0.11549009  -9.25833
0.34148178  -0.12725925  -9.533769
0.28964886  -0.12396815  -9.841656
0.20072128  -0.08956662  -10.129361
0.065361  -0.06233422  -10.376133
-0.07277418  -0.07752309  -10.54399
-0.16637407  -0.12134043  -10.609187
-0.20571399  -0.14695264  -10.597132
-0.22906925  -0.14937489  -10.563828
-0.27171886  -0.14714633  -10.530643
-0.3382354  -0.14908546  -10.482572
-0.40202332  -0.14912765  -10.392923
-0.44153395  -0.1582308  -10.225818
-0.43302265  -0.18260638  -9.986116
-0.38139987  -0.19084422  -9.697375
-0.2968227  -0.1496001  -9.417785
-0.22401321  -0.07220987  -9.175844
-0.16480452  -0.010073189  -8.971984
-0.09739927  0.012938305  -8.787556
0.004675383  0.018694753  -8.650632
0.11791704  0.027412003  -8.605443
0.20851843  0.029865576  -8.680623
0.25724143  0.020450367  -8.8356905
0.28411615  0.0019726788  -9.037009
0.30922318  -0.0108001055  -9.266665
0.31801635  0.009826631  -9.499757
0.29257253  0.016982486  -9.751054
0.20701844  -0.024531722  -10.003765
0.101134874  -0.11803794  -10.238776
-0.0064444058  -0.19042392  -10.424038
-0.10061285  -0.22302373  -10.583489
-0.18568645  -0.23414986  -10.695146
-0.26284227  -0.25133905  -10.712567
-0.33837962  -0.26165769  -10.62548
-0.41865516  -0.26642323  -10.497755
-0.49487174  -0.2673562  -10.373876
-0.53854716  -0.25769877  -10.207428
-0.5426683  -0.2394294  -9.972472
-0.4941949  -0.23477386  -9.682705
-0.3992821  -0.2517384  -9.383446
-0.26129317  -0.2691364  -9.105575
-0.123068035  -0.26618817  -8.890584
-0.029547637  -0.26515713  -8.761038
0.015444134  -0.28110993  -8.70411
0.04708987  -0.3010466  -8.703083
0.098315574  -0.3005298  -8.7602
0.16464412  -0.29647988  -8.87837
0.22213121  -0.3031883  -9.021248
0.25941014  -0.3126172  -9.198862
0.28120488  -0.3114792  -9.441413
0.2730274  -0.28726533  -9.746865
0.22158265  -0.2679534  -10.060458
0.1146035  -0.2675849  -10.334697
-0.025120163  -0.30514959  -10.582714
-0.1768714  -0.34995902  -10.803077
-0.3064901  -0.38924122  -10.937833
-0.3944374  -0.4166353  -10.938744
-0.42793855  -0.44423774  -10.819234
-0.41988817  -0.46675852  -10.635403
-0.4031156  -0.46904376  -10.406626
-0.40722832  -0.45461226  -10.128247
-0.41846153  -0.465696  -9.8539
-0.40979862  -0.47897506  -9.60508
-0.34762976  -0.45724544  -9.389547
-0.26284516  -0.3812929  -9.163934
-0.17143308  -0.31428042  -8.961341
-0.07551986  -0.28578785  -8.791524
0.029057512  -0.2781816  -8.67261
0.13242032  -0.25712147  -8.568818
0.2177081  -0.23033966  -8.522617
0.27722624  -0.20255183  -8.574778
0.3208188  -0.1693799  -8.743396
0.343402  -0.11725285  -8.9779215
0.33763254  -0.04341797  -9.259818
0.29563442  0.018029017  -9.5960245
0.22157519  0.033007663  -9.9648905
0.14012015  3.7627402E-4  -10.284707
0.061079234  -0.05456522  -10.511032
-0.012596847  -0.10304558  -10.682655
-0.08940688  -0.15108086  -10.826728
-0.17315125  -0.18949592  -10.915011
-0.2584746  -0.21644787  -10.888909
-0.3396933  -0.21947761  -10.748966
-0.40942952  -0.21937616  -10.562538
-0.46256003  -0.23348387  -10.341266
-0.49313402  -0.25705945  -10.059239
-0.48030815  -0.28606942  -9.711463
-0.41435757  -0.31203565  -9.354699
-0.28771833  -0.33282125  -9.050042
-0.13894875  -0.30785826  -8.80446
0.0089030415  -0.24894695  -8.618478
0.12469173  -0.18596601  -8.510976
0.20565546  -0.1495948  -8.498906
0.24195163  -0.10916994  -8.570847
0.25020695  -0.053931832  -8.694254
0.25283125  -0.0046911715  -8.874473
0.26635617  0.010829121  -9.118927
0.29705238  0.013213113  -9.41985
0.3178052  0.052771866  -9.713155
0.29307103  0.13000068  -9.976687
0.18634932  0.19095635  -10.23002
0.020442592  0.1762559  -10.466302
-0.16712563  0.10586822  -10.6488695
-0.32592332  0.0305209  -10.750636
-0.43467283  -0.019857233  -10.814229
-0.4847674  -0.049824674  -10.85053
-0.48423925  -0.07032393  -10.816411
-0.45237073  -0.09679296  -10.669288
-0.40384898  -0.14444554  -10.416265
-0.35157442  -0.21742009  -10.091838
-0.30507874  -0.2919596  -9.742951
-0.25591668  -0.33340606  -9.432508
-0.20413725  -0.32180735  -9.203575
-0.14713968  -0.27344164  -9.0426445
-0.08587889  -0.22678179  -8.893198
-0.017228302  -0.20564456  -8.74694
0.061120898  -0.19713026  -8.628276
0.13745017  -0.19262432  -8.585423
0.20212859  -0.18802612  -8.627456
0.2516671  -0.17673568  -8.736051
0.27585495  -0.14993364  -8.900706
0.27719125  -0.10932215  -9.146554
0.25876853  -0.05823147  -9.464332
0.22677706  0.0149361035  -9.829133
0.18155813  0.09695822  -10.182134
0.13166885  0.15035667  -10.48668
0.077862  0.14618455  -10.718465
0.011903718  0.112733305  -10.847026
-0.0708585  0.081851065  -10.892067
-0.15642293  0.05579983  -10.873324
-0.23277515  0.026215551  -10.817761
-0.30070356  -0.013417021  -10.707684
-0.35525635  -0.050515205  -10.533324
-0.39782766  -0.0955446  -10.284317
-0.41470417  -0.17757165  -10.0011835
-0.38925183  -0.29395404  -9.701504
-0.2926546  -0.39373258  -9.412296
-0.14551996  -0.40863606  -9.159286
0.015848814  -0.3526039  -8.984622
0.14120615  -0.28339782  -8.885369
0.22528295  -0.24715282  -8.8358345
0.27315316  -0.22304602  -8.8125105
0.2946881  -0.19171453  -8.860954
0.29660723  -0.17124027  -8.983016
0.28663054  -0.17763329  -9.156784
0.28655234  -0.20271938  -9.3563795
0.2793236  -0.20295517  -9.592933
0.232318  -0.17878151  -9.844796
0.11384034  -0.15676594  -10.089214
-0.044117745  -0.15605186  -10.304507
-0.19356005  -0.15284495  -10.481625
-0.2911978  -0.115859725  -10.585676
-0.33809018  -0.060465276  -10.595629
-0.35132244  -0.02171581  -10.521947
-0.35392332  -0.019578027  -10.406353
-0.36396527  -0.0543623  -10.290108
-0.3748121  -0.10819948  -10.183257
-0.3850056  -0.17292778  -10.04263
-0.38478175  -0.24378516  -9.855434
-0.3729453  -0.32980034  -9.630011
-0.34639844  -0.42031288  -9.401581
-0.3071662  -0.48272213  -9.177052
-0.25852147  -0.48601434  -8.963731
-0.19554575  -0.4513719  -8.804391
-0.1183443  -0.39759585  -8.706796
-0.032554846  -0.34455717  -8.661122
0.056774672  -0.28798735  -8.645285
0.14133589  -0.22951297  -8.681137
0.20699449  -0.17863147  -8.813045
0.24748002  -0.13342404  -9.026065
0.27684078  -0.06508054  -9.303414
0.29272184  0.04875545  -9.612291
0.2675445  0.16396888  -9.963378
0.18831377  0.21203844  -10.293382
0.09900158  0.18034266  -10.517338
0.046901062  0.13612004  -10.615136
0.025267998  0.100319706  -10.647527
-0.019158121  0.05758843  -10.690862
-0.101668715  -0.01758053  -10.720745
-0.20350154  -0.082357675  -10.709399
-0.29279765  -0.11993519  -10.646569
-0.3639257  -0.13796972  -10.512311
-0.38633522  -0.17279792  -10.268838
-0.33780038  -0.21488184  -9.938026
-0.20917557  -0.24119286  -9.605533
-0.056501236  -0.23519236  -9.352123
0.075910784  -0.2214794  -9.17331
0.16082439  -0.22368634  -9.035706
0.21690162  -0.25359604  -8.924134
0.24382047  -0.282781  -8.878344
0.24998255  -0.27769324  -8.914338
0.2476937  -0.22063015  -8.984825
0.25720146  -0.13824654  -9.046868
0.27566755  -0.066250995  -9.11329
0.2893524  -0.03298982  -9.257323
0.28322962  -0.017156815  -9.469281
0.25273138  0.010292285  -9.718526
0.18065025  0.050661016  -9.975052
0.0781996  0.05466345  -10.242911
-0.036868196  0.0071109533  -10.4714775
-0.12556292  -0.05936073  -10.591725
-0.17909344  -0.10908896  -10.596112
-0.21302526  -0.15488768  -10.551758
-0.24557388  -0.21652704  -10.4903555
-0.2785577  -0.28547063  -10.376998
-0.3079836  -0.33937898  -10.189309
-0.33917513  -0.39958617  -9.947772
-0.36058047  -0.4870912  -9.704169
-0.33759704  -0.5721976  -9.451863
-0.25564948  -0.6005943  -9.201581
-0.16264646  -0.5512387  -8.984436
-0.10145801  -0.48258945  -8.8476
-0.07108274  -0.406168  -8.790516
-0.028444583  -0.32640377  -8.753224
0.042446613  -0.23307975  -8.696147
0.12496033  -0.15205611  -8.64104
0.20199801  -0.0858919  -8.660055
0.26156175  -0.028440027  -8.785648
0.30489525  0.025655434  -9.000447
0.32792735  0.083035566  -9.27509
0.3255323  0.1349209  -9.569985
0.28139326  0.16279347  -9.85704
0.20311765  0.15018094  -10.110347
0.11041203  0.107168496  -10.338878
0.024259375  0.06350827  -10.531928
-0.0391966  0.014684953  -10.643928
-0.07636065  -0.04742283  -10.6568
-0.096009344  -0.121810995  -10.617181
-0.120197326  -0.19161637  -10.566811
-0.16080998  -0.24335934  -10.5129
-0.2105052  -0.27443185  -10.389615
-0.24804145  -0.29938042  -10.195664
-0.25556633  -0.33514133  -9.9349375
-0.20968045  -0.3857495  -9.648296
-0.13198139  -0.40558133  -9.362174
-0.041598678  -0.38000444  -9.117105
0.038970847  -0.3456026  -8.94907
0.10194671  -0.3376191  -8.855455
0.14472778  -0.32420525  -8.821085
0.17333226  -0.2691705  -8.830115
0.20145357  -0.18994468  -8.878179
0.23585713  -0.1331114  -8.979648
0.27310014  -0.10624524  -9.136585
0.30891043  -0.08786118  -9.361531
0.32942757  -0.062077165  -9.611781
0.31045756  -0.020026552  -9.853991
0.22943963  0.020560076  -10.074772
0.09730675  0.03569846  -10.279446
-0.04734825  0.0034454286  -10.445345
-0.1504419  -0.045460686  -10.537471
-0.19970281  -0.07457765  -10.546937
-0.21280245  -0.07906026  -10.501458
-0.22414346  -0.08536626  -10.413283
-0.24441981  -0.10788954  -10.293162
-0.27762595  -0.13801245  -10.143913
-0.3135038  -0.17807674  -9.974701
-0.33510447  -0.23298319  -9.78439
-0.30478427  -0.28802797  -9.562385
-0.22180516  -0.3125864  -9.321055
-0.11232964  -0.29581568  -9.096693
-0.015702235  -0.2518934  -8.935342
0.06432811  -0.18842936  -8.837737
0.12781794  -0.11655059  -8.779017
0.17502499  -0.04988058  -8.754591
0.192165  0.0014198986  -8.803586
0.20099984  0.02301436  -8.929193
0.22448313  0.021970997  -9.087119
0.28092125  0.007459722  -9.237302
0.3297705  0.03247601  -9.402087
0.33471623  0.07958668  -9.630869
0.27844092  0.0994064  -9.912724
0.19664986  0.05644693  -10.187068
0.109102845  0.0055865883  -10.399285
0.034200307  -0.023052717  -10.556237
-0.030492475  -0.049761653  -10.651974
-0.09016719  -0.11188283  -10.6919365
-0.15337141  -0.1803431  -10.668671
-0.22308545  -0.22095448  -10.596958
-0.29091668  -0.23347144  -10.4691725
-0.34143052  -0.24450706  -10.258598
-0.36191633  -0.27298367  -9.987972
-0.33529744  -0.32315052  -9.703036
-0.24851465  -0.37698296  -9.452331
-0.107928306  -0.4188423  -9.234107
0.047410775  -0.42429188  -9.048737
0.16541503  -0.41913295  -8.913223
0.22744817  -0.42521238  -8.866779
0.25131413  -0.44728234  -8.924273
0.26899368  -0.4523228  -9.052498
0.29570818  -0.42382872  -9.194706
0.33578947  -0.38017967  -9.315996
0.37750676  -0.35610187  -9.437107
0.4081689  -0.3441731  -9.603527
0.3935627  -0.31040016  -9.823171
0.31450298  -0.2423854  -10.067074
0.16784303  -0.18487732  -10.291179
-0.0049678264  -0.18522717  -10.472004
-0.16463262  -0.21504508  -10.596206
-0.27084342  -0.22168098  -10.668396
-0.3183701  -0.19158928  -10.692365
-0.3062211  -0.17497611  -10.658122
-0.26725447  -0.18322168  -10.558824
-0.2341009  -0.20025182  -10.409233
-0.24103887  -0.21494938  -10.240631
-0.26466995  -0.26541367  -10.060844
-0.27023017  -0.32939735  -9.845559
-0.21970256  -0.36125025  -9.591609
-0.14118548  -0.32679573  -9.328491
-0.064721845  -0.27696636  -9.113287
-0.0030169997  -0.22589135  -8.963379
0.061893303  -0.17716634  -8.881516
0.1406961  -0.11339437  -8.842786
0.22119188  -0.060578287  -8.845483
0.28388244  -0.027104085  -8.904814
0.31472924  -0.010559932  -9.032653
0.32632565  -0.015316111  -9.213082
0.33532572  -0.026206473  -9.420315
0.34161624  -0.02504271  -9.639139
0.31545803  -0.018125596  -9.88596
0.22692843  -0.029499633  -10.137529
0.112519406  -0.08308298  -10.36152
0.010630609  -0.13215683  -10.512174
-0.05457021  -0.15897231  -10.580821
-0.110962965  -0.15979938  -10.556111
-0.18156981  -0.17698736  -10.468475
-0.2666104  -0.21185784  -10.364543
-0.35137257  -0.24365711  -10.285171
-0.41512787  -0.2478766  -10.189221
-0.44973645  -0.23458089  -10.019685
-0.43325043  -0.24345891  -9.762395
-0.35346976  -0.27763402  -9.488075
-0.2134097  -0.3046648  -9.249197
-0.050946023  -0.28214446  -9.057812
0.10035876  -0.23440675  -8.90321
0.20394798  -0.20624141  -8.794591
0.24482095  -0.22364847  -8.761879
0.22528668  -0.24558918  -8.795179
0.18471389  -0.2418968  -8.857436
0.16416813  -0.21248227  -8.933783
0.17351659  -0.17746937  -9.029105
0.18945092  -0.14851643  -9.170173
0.19320516  -0.12377226  -9.343834
0.14385699  -0.07362624  -9.550503
0.0355593  0.0068389173  -9.778539
-0.12910467  0.09225293  -9.99225
-0.3049047  0.12192941  -10.1478195
-0.46326056  0.10214144  -10.235031
-0.5937319  0.07496644  -10.302714
-0.693258  0.06445424  -10.38202
-0.7516394  0.048285186  -10.444905
-0.7619007  0.006853698  -10.442563
-0.7455511  -0.033365842  -10.359173
-0.73911595  -0.052500974  -10.213467
-0.75489444  -0.058546346  -10.061397
-0.76366085  -0.05698995  -9.897888
-0.72190046  -0.03612922  -9.721596
-0.64481944  0.015836878  -9.514121
-0.56028265  0.06263549  -9.327515
-0.4960829  0.09030687  -9.200195
-0.43674147  0.09906915  -9.140082
-0.3628889  0.10894812  -9.103002
-0.26891783  0.11755844  -9.05506
-0.16636038  0.11979052  -9.011714
-0.07729348  0.11399496  -9.021409
-0.014718573  0.10257455  -9.091342
0.017781585  0.09958768  -9.206464
0.028769692  0.09884542  -9.331001
0.03535752  0.09680403  -9.470975
0.039923687  0.076254696  -9.631622
0.043846756  0.045728546  -9.809468
0.043010216  0.02630574  -9.971219
0.04988038  0.028472416  -10.077561
0.06605931  0.0460432  -10.127266
0.080255054  0.056157976  -10.177975
0.07135271  0.053848665  -10.249536
0.031892914  0.031098947  -10.337464
-0.007048585  -0.015428948  -10.376545
-0.026586471  -0.07249591  -10.349326
0.009040153  -0.14635411  -10.261459
0.09158891  -0.23558074  -10.154204
0.2202152  -0.32547292  -10.052311
0.3536481  -0.3731666  -9.96428
0.46707454  -0.38548735  -9.870714
0.5527697  -0.39660954  -9.729043
0.6227148  -0.41658297  -9.52602
0.6805656  -0.41781592  -9.285854
0.71868056  -0.3879055  -9.071578
0.7249821  -0.34072256  -8.926288
0.7191954  -0.30015206  -8.8709135
0.7336106  -0.27260974  -8.883823
0.77823734  -0.25532022  -8.938154
0.825368  -0.23460059  -9.031383
0.83675075  -0.20525801  -9.187976
0.8145242  -0.1817035  -9.394424
0.78420264  -0.18276024  -9.600647
0.75747854  -0.20047347  -9.775796
0.6950522  -0.19897462  -9.935281
0.5748023  -0.16843979  -10.10966
0.41081667  -0.14559656  -10.280511
0.26208937  -0.1497507  -10.403216
0.15517147  -0.15069084  -10.461539
0.09369299  -0.13968828  -10.464038
0.053780477  -0.1287602  -10.4474
0.013511258  -0.15209587  -10.411279
-0.035505928  -0.18749808  -10.345887
-0.094896495  -0.2228014  -10.245856
-0.15222415  -0.25947002  -10.12473
-0.19683479  -0.2927958  -9.984679
-0.20675339  -0.32541534  -9.819472
-0.18456012  -0.34382403  -9.605514
-0.14063573  -0.3403044  -9.370877
-0.07229018  -0.2931001  -9.131476
0.01598532  -0.21013077  -8.951174
0.10194319  -0.1318406  -8.86734
0.16041102  -0.09121273  -8.886859
0.19383614  -0.08271868  -8.952225
0.2134105  -0.074627735  -9.025739
0.22498679  -0.07492316  -9.125469
0.23513973  -0.08754256  -9.292724
0.24110293  -0.09122039  -9.50769
0.2384523  -0.0668916  -9.727409
0.19463174  -0.030362224  -9.945705
0.12635243  -0.009885554  -10.164223
0.05693576  -0.009231304  -10.3697195
0.011142127  -0.018206915  -10.525188
-0.033878237  -0.03756098  -10.627109
-0.09319466  -0.062762626  -10.681347
-0.16364127  -0.081599355  -10.68396
-0.21982472  -0.091550045  -10.624362
-0.26074514  -0.093107976  -10.499856
-0.29223338  -0.08308414  -10.307578
-0.3093346  -0.07673632  -10.059105
-0.27808452  -0.091771014  -9.785768
-0.18607765  -0.12759092  -9.511331
-0.05107124  -0.14573672  -9.254853
0.08100429  -0.13587956  -9.025524
0.17995541  -0.13256116  -8.855174
0.23817766  -0.15055482  -8.77189
0.26551697  -0.16945833  -8.773865
0.28835097  -0.1574152  -8.831571
0.3138748  -0.12494894  -8.9291315
0.33542672  -0.09143508  -9.0664215
0.35436735  -0.06602595  -9.258602
0.3638722  -0.031046635  -9.475013
0.3431417  0.018838601  -9.683186
0.2518085  0.06412379  -9.861612
0.10920518  0.04978797  -10.039855
-0.054961104  -0.0038844484  -10.229119
-0.20068745  -0.046921354  -10.382592
-0.31520236  -0.042698037  -10.453153
-0.39260468  -0.025247768  -10.43177
-0.43477798  -0.032218903  -10.372872
-0.4546225  -0.064086325  -10.296903
-0.4589478  -0.08403232  -10.182778
-0.4563663  -0.08390548  -10.002622
-0.44271278  -0.093548924  -9.787446
-0.4180559  -0.13487877  -9.573615
-0.35675058  -0.17696957  -9.350841
-0.27382672  -0.1837495  -9.1125965
-0.17485781  -0.17381702  -8.896657
-0.09469917  -0.1715235  -8.743661
-0.031596933  -0.17048551  -8.643567
0.0067226235  -0.16019677  -8.609524
0.0358592  -0.16048257  -8.6592455
0.06639748  -0.18096948  -8.787772
0.11111223  -0.20566826  -8.967073
0.17306058  -0.20541905  -9.199292
0.21266954  -0.15296182  -9.481864
0.21570356  -0.07721744  -9.778596
0.16446126  -0.037267335  -10.052644
0.091649234  -0.07525467  -10.285046
0.006602932  -0.14303622  -10.473055
-0.073798105  -0.18723516  -10.607032
-0.1466206  -0.19939989  -10.701194
-0.21077627  -0.20776941  -10.747948
-0.2727027  -0.22452633  -10.742656
-0.32833907  -0.23864456  -10.657073
-0.3668624  -0.25057933  -10.493585
-0.3907946  -0.26221675  -10.253932
-0.39605752  -0.29631376  -9.983338
-0.36751354  -0.33646747  -9.714101
-0.26756847  -0.35517597  -9.472117
-0.12414002  -0.3198226  -9.241443
0.026504172  -0.27817392  -9.023702
0.1437401  -0.27088997  -8.844627
0.23856425  -0.2903259  -8.722777
0.31280032  -0.29507396  -8.679746
0.35868642  -0.2732345  -8.742234
0.36925504  -0.25416106  -8.914022
0.35734037  -0.2601691  -9.162365
0.3418026  -0.28310558  -9.445844
0.3263606  -0.28671795  -9.74569
0.27520478  -0.23728336  -10.052257
0.17411847  -0.16197427  -10.321368
0.047604997  -0.12513216  -10.520986
-0.07114888  -0.12760198  -10.618884
-0.15977633  -0.13456033  -10.639175
-0.23224914  -0.12392906  -10.61596
-0.28039563  -0.12522726  -10.559534
-0.31170285  -0.14479806  -10.465377
-0.333748  -0.1698076  -10.3435545
-0.3562189  -0.19372982  -10.210383
-0.38998285  -0.23587166  -10.048482
-0.40378526  -0.3147547  -9.832246
-0.38409194  -0.40221938  -9.569329
-0.31617317  -0.4462694  -9.308343
-0.24064957  -0.41322932  -9.081768
-0.16440022  -0.3567183  -8.89153
-0.07933747  -0.30637035  -8.7269125
0.01677117  -0.25662214  -8.613029
0.10296994  -0.19006078  -8.593631
0.16030245  -0.12556358  -8.652055
0.20659797  -0.08977737  -8.767067
0.2611079  -0.07111406  -8.93938
0.3193648  -0.04525292  -9.203691
0.3829504  0.012972386  -9.505029
0.4079179  0.08456141  -9.815652
0.36811447  0.116136886  -10.116796
0.2582579  0.0820365  -10.408116
0.14157455  0.012795308  -10.630117
0.05145255  -0.040450357  -10.758441
-0.031219294  -0.081151105  -10.841823
-0.12699372  -0.11453303  -10.905248
-0.22517268  -0.13338493  -10.909927
-0.29804194  -0.12684193  -10.822884
-0.3436549  -0.11184902  -10.643333
-0.37192908  -0.11079518  -10.372666
-0.3844777  -0.13326414  -10.013894
-0.34814763  -0.17841917  -9.620143
-0.2567905  -0.22689356  -9.296544
-0.14374787  -0.23784633  -9.092002
-0.04655395  -0.20679693  -8.977806
0.034355298  -0.15574344  -8.9050255
0.114617206  -0.1318164  -8.870042
0.17980029  -0.12663619  -8.8913145
0.22111881  -0.13192663  -8.945438
0.24507327  -0.12352202  -9.005295
0.26257214  -0.104308546  -9.082942
0.2717219  -0.072918355  -9.235621
0.27210578  -0.02896969  -9.458954
0.28034237  0.024508292  -9.726125
0.2504665  0.09156714  -9.989629
0.17721826  0.11845824  -10.251874
0.05239603  0.13598552  -10.471803
-0.067119956  0.14430389  -10.629665
-0.1594489  0.16845061  -10.682862
-0.21273983  0.16731097  -10.637508
-0.23832305  0.1405601  -10.535823
-0.26720187  0.10305911  -10.416732
-0.32285073  0.065545954  -10.277091
-0.39559755  0.015906425  -10.074269
-0.47564244  -0.056711942  -9.838876
-0.5124182  -0.14114495  -9.580182
-0.48200274  -0.18840997  -9.313324
-0.37659073  -0.15853576  -9.037705
-0.25450602  -0.07376997  -8.82693
-0.14855099  0.008535192  -8.708032
-0.06287222  0.0636779  -8.636543
0.010883878  0.10561705  -8.584613
0.07850175  0.14176671  -8.564337
0.15387507  0.1524334  -8.608888
0.24103928  0.15101263  -8.713277
0.31629065  0.1565234  -8.892869
0.35495242  0.17424317  -9.17873
0.33671355  0.1889578  -9.524186
0.27819893  0.18274574  -9.863452
0.19425291  0.153778  -10.119261
0.11425344  0.084792346  -10.323483
0.040953442  -0.0045004375  -10.494065
-0.02158472  -0.0609908  -10.609512
-0.07379155  -0.05702114  -10.652448
-0.12693863  -0.017486995  -10.649281
-0.18817784  -0.005431634  -10.642476
-0.2616245  -0.025717532  -10.59606
-0.3302052  -0.052446097  -10.461254
-0.39411402  -0.07013012  -10.277965
-0.46183574  -0.08515117  -10.094411
-0.47604632  -0.115923025  -9.912117
-0.41791248  -0.11581495  -9.682246
-0.29297444  -0.10647169  -9.453509
-0.18955113  -0.09962499  -9.283172
-0.12960063  -0.12745959  -9.1872
-0.08778896  -0.16469197  -9.10856
-0.042779524  -0.19265507  -9.030419
0.0056298203  -0.2083857  -8.974195
0.0453261  -0.20746344  -8.976116
0.08855045  -0.19381523  -9.032592
0.14444362  -0.18642187  -9.141089
0.19519919  -0.19791655  -9.292975
0.21315522  -0.21912943  -9.494205
0.17541726  -0.23928185  -9.754712
0.06767837  -0.24343717  -10.043734
-0.093576945  -0.24760868  -10.30915
-0.29561046  -0.23298073  -10.476506
-0.47851554  -0.22765784  -10.530162
-0.6333497  -0.22601509  -10.506272
-0.76251215  -0.22444673  -10.4578905
-0.891426  -0.19811542  -10.421608
-1.0057759  -0.14906915  -10.381908
-1.0900311  -0.115636624  -10.307603
-1.1305541  -0.123192765  -10.207444
-1.1363779  -0.16001141  -10.096955
-1.1115499  -0.18783112  -10.004395
-1.0873698  -0.16164507  -9.921707
-1.0785557  -0.112133294  -9.845822
-1.0800991  -0.08809894  -9.784312
-1.0685629  -0.11279874  -9.704619
-1.0390564  -0.14545074  -9.611024
-1.0126959  -0.14409436  -9.515014
-0.9886217  -0.1183771  -9.467121
-0.9623053  -0.10251603  -9.462741
-0.91871935  -0.12842955  -9.473145
-0.8778205  -0.18209775  -9.473163
-0.8686726  -0.22120427  -9.494711
-0.9166569  -0.22862262  -9.58748
-1.0116624  -0.22637601  -9.754935
-1.1069907  -0.23545368  -9.935237
-1.171504  -0.24988902  -10.069111
-1.214909  -0.2479713  -10.155566
-1.2494144  -0.22352521  -10.213443
-1.2757047  -0.16547899  -10.248416
-1.2876245  -0.08473418  -10.248599
-1.3079513  -0.0116796  -10.22797
-1.3564225  0.03874909  -10.184434
-1.4213585  0.08417385  -10.128551
-1.470245  0.13163356  -10.0560255
-1.4770322  0.16588564  -9.953434
-1.4287914  0.1693098  -9.815491
-1.3409653  0.15698802  -9.672958
-1.2075118  0.11510337  -9.592133
-1.064848  0.071683094  -9.565778
-0.93037486  0.037149046  -9.549303
-0.8364048  0.026431719  -9.505782
-0.7738183  0.0077668577  -9.449764
-0.72649956  -0.019040396  -9.391873
-0.6857322  -0.029421555  -9.33553
-0.6491906  -0.017009204  -9.285731
-0.62049794  0.004671686  -9.258392
-0.59075356  0.020773202  -9.257089
-0.5523081  0.031959552  -9.274449
-0.51697534  0.038292747  -9.315484
-0.5032567  0.042057157  -9.372204
-0.50690484  0.03775611  -9.433293
-0.5042071  0.030638034  -9.469993
-0.47850323  0.015386182  -9.480643
-0.44434965  0.0056167804  -9.485176
-0.41661227  -7.1145315E-4  -9.486533
-0.3997201  0.018908136  -9.4783325
-0.38735437  0.045445964  -9.469321
-0.36574006  0.059778105  -9.478488
-0.33064404  0.033020113  -9.499564
-0.2789664  -0.0014207388  -9.502597
-0.22876608  -0.03349533  -9.498185
-0.19132467  -0.06629682  -9.501522
-0.16989882  -0.101451695  -9.51656
-0.15766366  -0.13024028  -9.5348
-0.15525194  -0.15907083  -9.573579
-0.16158557  -0.2102587  -9.63062
-0.1737201  -0.25188687  -9.709897
-0.17684293  -0.2684888  -9.772895
-0.16997917  -0.27658322  -9.825515
-0.15312022  -0.30396762  -9.845911
-0.11275411  -0.3119807  -9.825267
-0.061194073  -0.31234092  -9.795912
-0.005818171  -0.29824042  -9.769542
0.026943818  -0.29791126  -9.775344
0.04269572  -0.29002276  -9.781526
0.058498394  -0.28625166  -9.774232
0.0844601  -0.28956535  -9.757304
0.11871642  -0.29054224  -9.733802
0.14054763  -0.2861865  -9.727196
0.15044977  -0.2846813  -9.727313
0.15918209  -0.27445292  -9.72051
0.17330295  -0.26713285  -9.704503
0.17727424  -0.25137874  -9.703042
0.16529512  -0.25312206  -9.721757
0.14698774  -0.26309073  -9.726083
0.13774656  -0.2796844  -9.704506
0.13599618  -0.27415022  -9.68956
0.1428221  -0.25165007  -9.701724
0.15915222  -0.22266029  -9.717127
0.1844093  -0.2052021  -9.710779
0.2071652  -0.19015236  -9.709268
0.22122365  -0.17087884  -9.738884
0.23271014  -0.14723855  -9.78979
0.24455345  -0.13125528  -9.829068
0.26321992  -0.12694599  -9.837134
0.28173655  -0.123390205  -9.8312845
0.29392353  -0.12399143  -9.83411
0.2997931  -0.10939839  -9.852746
0.2990947  -0.091746785  -9.880572
0.2973174  -0.05674437  -9.90002
0.2969538  -0.032202605  -9.894469
0.3072332  -0.020863092  -9.859138
0.33287647  -0.039192352  -9.7851
0.35449412  -0.06722605  -9.725854
0.36167094  -0.09140122  -9.687913
0.35167888  -0.099500895  -9.6865225
0.31863818  -0.12722223  -9.713499
0.28460994  -0.1535089  -9.744217
0.25662407  -0.18004929  -9.773182
0.26006258  -0.1781258  -9.764591
0.2826538  -0.17316747  -9.743669
0.30599868  -0.1666094  -9.728123
0.31811118  -0.15090643  -9.726085
0.31580555  -0.12678503  -9.735435
0.3142877  -0.11026988  -9.740647
0.31621516  -0.10349053  -9.741711
0.3208526  -0.113587014  -9.746503
0.32481226  -0.11511498  -9.754701
0.33427063  -0.12309954  -9.758233
0.3492187  -0.12260351  -9.751164
0.36872745  -0.11463409  -9.755055
0.3848288  -0.096165426  -9.783704
0.39576575  -0.09078433  -9.817528
0.39624858  -0.099302374  -9.840108
0.39350048  -0.10774711  -9.849187
0.3887553  -0.10792545  -9.846274
0.38488474  -0.1101178  -9.829268
0.3746369  -0.12978028  -9.798729
0.3563739  -0.15385182  -9.769725
0.33298963  -0.17525065  -9.746881
0.31613076  -0.17185211  -9.726824
0.3103458  -0.16476695  -9.707717
0.3172436  -0.14726067  -9.683593
0.323786  -0.14626516  -9.665619
0.33220235  -0.15113214  -9.65579
0.33924523  -0.17525482  -9.660794
0.34606  -0.19768149  -9.67112
0.34286454  -0.205926  -9.690721
0.3326448  -0.19650753  -9.711234
0.3263662  -0.1787187  -9.723427
0.3328747  -0.1593077  -9.720097
0.34916654  -0.141836  -9.705415
0.36524615  -0.12933625  -9.694118
0.37644514  -0.12175944  -9.684989
0.37996694  -0.11507193  -9.681333
0.37334228  -0.10824884  -9.684417
0.35437298  -0.10304644  -9.699725
0.33442938  -0.09988337  -9.7149
0.32373068  -0.102628045  -9.717439
0.33046708  -0.10770216  -9.70366
0.34207484  -0.10934574  -9.685693
0.35178447  -0.107957445  -9.672466
0.3526684  -0.107034385  -9.667038
0.34773007  -0.10624973  -9.665455
0.33775154  -0.10258625  -9.667649
0.32536256  -0.09526646  -9.672704
0.316161  -0.085056245  -9.673303
0.31647933  -0.073470704  -9.658882
0.32243344  -0.06034087  -9.639287
0.32592967  -0.05464189  -9.628222
0.31963047  -0.054066706  -9.634599
0.30629587  -0.054653075  -9.6508
0.29444146  -0.048041552  -9.67146
0.28538746  -0.03700983  -9.690078
0.27989236  -0.028385669  -9.703441
0.27815118  -0.024678253  -9.703677
0.2814403  -0.021799577  -9.698808
0.28814933  -0.021302084  -9.693786
0.29068255  -0.022675255  -9.693499
0.28550765  -0.025729103  -9.694985
0.2713125  -0.027155051  -9.69652
0.25459522  -0.027279697  -9.701476
0.24246065  -0.02428949  -9.706378
0.23637848  -0.01611727  -9.707202
0.22882646  -0.0075567937  -9.710362
0.21525693  -0.0029053  -9.719633
0.20147602  -0.003318623  -9.732605
0.19371343  -0.002245998  -9.739427
0.19206806  9.778292E-4  -9.734399
0.18796098  0.0022040121  -9.725227
0.18330997  8.687212E-4  -9.711842
0.181553  8.029703E-4  -9.699374
0.1859334  0.0047750263  -9.687779
0.18531688  0.010175607  -9.687097
0.17806466  0.015979124  -9.692706
0.16508356  0.02002091  -9.701137
0.1556498  0.021844758  -9.706687
0.14728665  0.021208385  -9.7142
0.13856536  0.020156667  -9.722516
0.1275013  0.020770185  -9.726966
0.11964575  0.023004634  -9.724297
0.118050694  0.023561485  -9.721402
0.11939796  0.018956976  -9.723212
0.11732172  0.011680604  -9.729693
0.111360855  0.006591289  -9.733459
0.1085917  0.008467731  -9.7331915
0.10709706  0.011994075  -9.735179
0.104395695  0.014395534  -9.741713
0.0965473  0.016415196  -9.748061
0.10410949  0.024568334  -9.736983
0.1179077  0.035150085  -9.722922
0.12894994  0.042060092  -9.722172
0.1219685  0.04248013  -9.739024
0.10786617  0.040830497  -9.757313
0.099514954  0.04442838  -9.764134
0.10184618  0.047986597  -9.761608
0.11602744  0.052528482  -9.7529335
0.13465078  0.052858546  -9.736211
0.1490642  0.05039261  -9.722241
0.15748304  0.044125527  -9.712805
0.16281131  0.03528491  -9.710896
0.16433112  0.02697628  -9.717301
0.15880096  0.021638066  -9.728486
0.14915012  0.019265065  -9.741334
0.14194584  0.014030106  -9.750301
0.14139499  0.006109295  -9.753765
0.14362234  -0.0060829124  -9.755885
0.14443964  -0.01901418  -9.755511
0.14625126  -0.032214995  -9.752568
0.15232451  -0.041932765  -9.7453985
0.15623653  -0.047003474  -9.746209
0.1518008  -0.048999343  -9.758787
0.1399465  -0.047700528  -9.776204
0.13124676  -0.04752481  -9.786333
0.12888062  -0.048347335  -9.78589
0.13164705  -0.053870454  -9.784089
0.1325251  -0.059135314  -9.782826
0.13011624  -0.06233791  -9.781075
0.12416979  -0.06251276  -9.778831
0.118518405  -0.062492814  -9.776111
0.11482221  -0.06555033  -9.775119
0.11338744  -0.07090847  -9.7688
0.12092352  -0.0757172  -9.752629
0.13431324  -0.07825906  -9.731499
0.14591871  -0.08095602  -9.719689
0.13331397  -0.089013614  -9.735131
0.115823805  -0.0938428  -9.750347
0.10920873  -0.09399585  -9.746208
0.12301829  -0.09141516  -9.724668
0.13618451  -0.08992133  -9.710002
0.1393073  -0.08982723  -9.706645
0.1355813  -0.08640868  -9.706983
0.12659423  -0.084881485  -9.709935
0.112175025  -0.08319354  -9.721307
0.09350643  -0.0811893  -9.733246
