-1.3445299  -0.9068708  -8.274135
-1.2213006  -0.92832637  -8.568001
-1.0861887  -0.87728745  -8.855384
-0.88625836  -0.6908198  -9.34003
-0.76639074  -0.34257653  -9.712413
-0.75725436  0.029928781  -9.903447
-0.7822935  0.27171373  -9.920055
-0.81413317  0.3923817  -9.794094
-0.8354459  0.46077335  -9.625508
-0.85600585  0.52457637  -9.513635
-0.8754278  0.55895275  -9.445151
-0.8918883  0.5603903  -9.4053755
-0.90075666  0.55543476  -9.385925
-0.9032652  0.5595534  -9.379667
-0.90223646  0.56181556  -9.389979
-0.9062564  0.5529013  -9.412507
-0.9242578  0.53715926  -9.431451
-0.95517874  0.5304447  -9.427669
-0.98547465  0.5191143  -9.402268
-1.0007712  0.4924264  -9.394947
-0.996208  0.46624956  -9.437209
-0.9841733  0.46725082  -9.519412
-0.9860945  0.48332044  -9.592121
-1.0168916  0.48275176  -9.605334
-1.0726289  0.45348337  -9.54902
-1.137932  0.4148941  -9.449425
-1.1929832  0.38923183  -9.3415365
-1.2282773  0.38514033  -9.260411
-1.2472581  0.39801002  -9.228255
-1.2562867  0.41311923  -9.237012
-1.2607356  0.42283383  -9.26366
-1.2648329  0.43470773  -9.28731
-1.281672  0.45305064  -9.297662
-1.3183743  0.4785894  -9.288257
-1.368538  0.49285784  -9.26017
-1.4202461  0.4971218  -9.22763
-1.4718016  0.52230424  -9.227766
-1.5338713  0.5820048  -9.258893
-1.6136379  0.6553152  -9.300853
-1.7062153  0.678627  -9.312109
-1.8032275  0.6297858  -9.286925
-1.8929825  0.54015243  -9.250566
-1.9754392  0.4655056  -9.228794
-2.0505714  0.41423488  -9.228393
-2.1207962  0.36725894  -9.23459
-2.184314  0.31126338  -9.239857
-2.24052  0.26626107  -9.250742
-2.2886798  0.24131317  -9.270129
-2.332463  0.22520566  -9.298533
-2.3718536  0.2085921  -9.339833
-2.4092212  0.2035455  -9.390087
-2.4421008  0.22468464  -9.440962
-2.4725103  0.27106038  -9.489305
-2.501335  0.3228102  -9.542561
-2.5247335  0.37561724  -9.605225
-2.5369556  0.4271048  -9.655631
-2.5409944  0.47062638  -9.673714
-2.5474837  0.49767137  -9.655439
-2.5562966  0.51950854  -9.632738
-2.5550268  0.5528353  -9.635254
-2.5356872  0.60491204  -9.679291
-2.5056202  0.6623525  -9.754383
-2.4803612  0.71073097  -9.835759
-2.4664466  0.74213076  -9.887611
-2.4591963  0.7548719  -9.888627
-2.4481564  0.75791365  -9.844096
-2.432063  0.7596448  -9.777505
-2.4186478  0.7590737  -9.707199
-2.400602  0.7494475  -9.644
-2.3693838  0.72580475  -9.596
-2.3243554  0.70778924  -9.563655
-2.2880027  0.6962679  -9.538762
-2.268224  0.67672914  -9.499878
-2.2512968  0.63298255  -9.447186
-2.2297943  0.5867401  -9.395332
-2.2128754  0.5808646  -9.376569
-2.20615  0.62243813  -9.406204
-2.203622  0.6787725  -9.478265
-2.1918736  0.71648234  -9.563157
-2.1669233  0.740294  -9.652759
-2.1220293  0.7711322  -9.768684
-2.0374165  0.8186391  -9.921081
-1.9095335  0.8762383  -10.069728
-1.758654  0.9456051  -10.168834
-1.6222705  1.0260491  -10.199665
-1.5181862  1.0947528  -10.168784
-1.4440645  1.1214826  -10.084493
-1.3991923  1.1031189  -9.96838
-1.3892465  1.0638462  -9.849293
-1.3954997  1.0280037  -9.739549
-1.3958398  0.996799  -9.641228
-1.3813101  0.968242  -9.565043
-1.3661264  0.9444895  -9.517753
-1.3543209  0.9224088  -9.485962
-1.3401583  0.8933887  -9.427995
-1.3218879  0.849415  -9.329003
-1.308163  0.78758043  -9.214075
-1.3038515  0.7139999  -9.1275015
-1.3074447  0.63876796  -9.077025
-1.3204302  0.5656652  -9.041185
-1.3466862  0.500647  -9.008349
-1.3895203  0.4497349  -9.0031595
-1.438334  0.41346407  -9.049327
-1.4770745  0.38264808  -9.138522
-1.5077554  0.35754088  -9.25694
-1.5347499  0.35643974  -9.421203
-1.5607446  0.38553396  -9.636268
-1.5595249  0.41927454  -9.857029
-1.5201858  0.42056727  -10.033287
-1.4476331  0.39905143  -10.17376
-1.3512732  0.39274743  -10.305689
-1.2292985  0.42182577  -10.4095125
-1.095661  0.4637078  -10.442475
-0.9729879  0.49493098  -10.397857
-0.87960243  0.5123517  -10.3163595
-0.8134052  0.52879137  -10.213635
-0.7732477  0.54387385  -10.062783
-0.7735033  0.5464023  -9.834973
-0.8162325  0.52467614  -9.583009
-0.88612294  0.47487703  -9.37741
-0.94778544  0.40216914  -9.24109
-0.9891756  0.32949743  -9.13964
-1.0130756  0.2775742  -9.062775
-1.0266896  0.25453165  -9.036386
-1.0190651  0.24315424  -9.055662
-1.0051327  0.2232874  -9.083684
-1.0169252  0.19675441  -9.099696
-1.0697775  0.17716621  -9.124413
-1.1374751  0.17552917  -9.193818
-1.1894969  0.19144292  -9.311434
-1.2254806  0.21489857  -9.463448
-1.2747849  0.242866  -9.637476
-1.3404207  0.26928094  -9.812135
-1.3893629  0.28784683  -9.954548
-1.3699312  0.29110715  -10.047443
-1.2631712  0.29885885  -10.122006
-1.0911921  0.33805355  -10.247561
-0.89529973  0.40042344  -10.422463
-0.7178752  0.46018562  -10.573857
-0.5875396  0.5049816  -10.627347
-0.50413084  0.54243976  -10.568717
-0.45131004  0.5651075  -10.414613
-0.41323748  0.56377596  -10.195264
-0.39680135  0.5615041  -9.969055
-0.40575972  0.5899146  -9.772788
-0.4466122  0.6384267  -9.5698185
-0.51490074  0.6624608  -9.321104
-0.59450865  0.63559246  -9.063004
-0.6624816  0.5938485  -8.873736
-0.71428794  0.57408404  -8.773023
-0.76324916  0.5809224  -8.718789
-0.81667584  0.5746345  -8.6831665
-0.865232  0.52963847  -8.700115
-0.9055586  0.466248  -8.821861
-0.94773537  0.41452143  -9.003882
-1.0003743  0.38340154  -9.163479
-1.0598545  0.36127195  -9.283268
-1.1129471  0.34756088  -9.454509
-1.1436809  0.34828797  -9.694453
-1.1322922  0.3549011  -9.926909
-1.0768245  0.37183598  -10.106233
-0.9860981  0.4101633  -10.276351
-0.8787889  0.46246397  -10.452964
-0.7693584  0.49566233  -10.559346
-0.6767888  0.49543417  -10.542333
-0.60469025  0.47659922  -10.440209
-0.54078466  0.4628128  -10.331589
-0.45563483  0.46737662  -10.234605
-0.35094044  0.5017422  -10.117187
-0.25671384  0.5657211  -9.954983
-0.22159569  0.64622617  -9.773515
-0.25934407  0.71369404  -9.59685
-0.35757244  0.7411949  -9.3940115
-0.48328996  0.7344726  -9.13866
-0.60389686  0.7153931  -8.879379
-0.6945128  0.697567  -8.70242
-0.7558717  0.6738023  -8.64927
-0.8022229  0.63031  -8.678024
-0.84385866  0.56863195  -8.75761
-0.8767831  0.5054017  -8.875492
-0.90157574  0.45515618  -9.030448
-0.91273713  0.43213713  -9.226409
-0.90180016  0.4225509  -9.467603
-0.8773072  0.4282473  -9.753918
-0.83113647  0.42210194  -10.023446
-0.7677371  0.40792266  -10.240504
-0.6671838  0.38925576  -10.40257
-0.5547547  0.40370384  -10.539918
-0.4530376  0.4478686  -10.619592
-0.38558543  0.48690057  -10.595426
-0.34177077  0.48655605  -10.5039835
-0.29466498  0.4675139  -10.418662
-0.23331864  0.46763304  -10.359303
-0.16498575  0.49159408  -10.256557
-0.11151924  0.5188183  -10.100049
-0.09209957  0.5367578  -9.927062
-0.10973614  0.53760284  -9.753615
-0.15739034  0.51948065  -9.537929
-0.21763575  0.49419507  -9.274871
-0.28034037  0.48005465  -9.039659
-0.3357356  0.47412148  -8.875542
-0.38702378  0.4650962  -8.770425
-0.4460412  0.44318286  -8.683063
-0.51601905  0.4092913  -8.634598
-0.586308  0.36742806  -8.697938
-0.6472799  0.33024618  -8.880952
-0.69933313  0.29914376  -9.114867
-0.75281525  0.26879662  -9.33528
-0.807168  0.24383192  -9.55906
-0.84907174  0.22148187  -9.822377
-0.8636983  0.19756043  -10.087467
-0.8376937  0.168088  -10.304787
-0.77378607  0.15343404  -10.453895
-0.6899585  0.17018025  -10.557109
-0.5980355  0.20394462  -10.5940275
-0.50712425  0.22818059  -10.553654
-0.4067341  0.23595893  -10.469208
-0.30317876  0.24056683  -10.386154
-0.21513425  0.26428  -10.302357
-0.15795842  0.29885504  -10.15929
-0.15354514  0.34847042  -9.959351
-0.18681884  0.3912523  -9.726344
-0.2530637  0.41357282  -9.499149
-0.32638612  0.3954091  -9.281806
-0.399271  0.3671006  -9.104777
-0.4627839  0.36956975  -8.988055
-0.51355666  0.4084548  -8.907685
-0.5606145  0.44930205  -8.852109
-0.5992144  0.4614818  -8.831646
-0.63623786  0.46482742  -8.870128
-0.6772335  0.47925642  -8.953724
-0.72547007  0.5089348  -9.0548525
-0.7710909  0.53022224  -9.180289
-0.80333763  0.5330112  -9.360961
-0.8219034  0.5254743  -9.607971
-0.80676097  0.5146981  -9.880928
-0.7311644  0.5022332  -10.130256
-0.592253  0.49682966  -10.344033
-0.4196616  0.51643413  -10.542924
-0.25469777  0.5478477  -10.697192
-0.123919465  0.5508938  -10.725395
-0.043014392  0.5026932  -10.620229
-0.010366118  0.4448471  -10.467757
-0.003001023  0.41111764  -10.344951
0.009058748  0.4054244  -10.221727
0.030525679  0.41465044  -10.038263
0.050143834  0.43916  -9.815505
0.04810552  0.4800687  -9.614668
0.021205382  0.5123624  -9.45918
-0.020529456  0.5144591  -9.318574
-0.07252838  0.48781884  -9.169873
-0.13577157  0.45112547  -9.028993
-0.21986246  0.41976795  -8.918773
-0.31762806  0.38973805  -8.837911
-0.41736066  0.34989765  -8.783909
-0.5057247  0.299675  -8.788625
-0.5679757  0.2489816  -8.897817
-0.5996639  0.22526132  -9.115856
-0.6158581  0.23544265  -9.405816
-0.6380449  0.25553605  -9.716147
-0.6426004  0.24409169  -10.007171
-0.5968179  0.21361475  -10.259093
-0.4889748  0.2018011  -10.473394
-0.3735397  0.24018495  -10.624698
-0.29120728  0.28732243  -10.681514
-0.24753083  0.30193534  -10.632984
-0.21115874  0.26853454  -10.532361
-0.15526183  0.2093112  -10.4325905
-0.07867929  0.16755183  -10.357852
0.004700853  0.16520207  -10.28497
0.08142735  0.19074704  -10.181273
0.11643835  0.22567952  -10.02882
0.079106055  0.25376096  -9.826477
-0.03198268  0.2628331  -9.587686
-0.17436554  0.23728244  -9.331529
-0.30795208  0.19606674  -9.102334
-0.41717675  0.18674989  -8.950381
-0.4842864  0.22072206  -8.879413
-0.5010368  0.26006988  -8.854382
-0.4842172  0.28090262  -8.8588915
-0.48095396  0.29380012  -8.914639
-0.5131561  0.31965497  -9.038831
-0.5713408  0.337466  -9.183187
-0.6331965  0.32743034  -9.307359
-0.678838  0.29698274  -9.42553
-0.68889993  0.27902403  -9.59168
-0.63130456  0.2917624  -9.835946
-0.5016549  0.34648088  -10.130489
-0.32877025  0.43186653  -10.403827
-0.17171603  0.5012254  -10.598235
-0.06635893  0.5063227  -10.6791
-0.017320475  0.44747844  -10.651104
-0.008265377  0.37950733  -10.521649
-0.008834359  0.32264346  -10.327453
0.009791353  0.29094446  -10.115855
0.06183056  0.29767194  -9.918416
0.10449775  0.3597211  -9.725703
0.10034454  0.42700398  -9.522474
0.031611178  0.45600843  -9.317918
-0.05473129  0.4214106  -9.142337
-0.13480991  0.37219572  -9.022549
-0.19510873  0.32878858  -8.959054
-0.25112754  0.3062109  -8.913993
-0.31680393  0.29466334  -8.864104
-0.395053  0.27721944  -8.806742
-0.47762588  0.2428915  -8.779508
-0.54536325  0.18986048  -8.78876
-0.5852094  0.13531701  -8.849792
-0.6019168  0.10789868  -8.997039
-0.6023278  0.10088018  -9.251685
-0.58658904  0.09983643  -9.567544
-0.54209834  0.09477226  -9.868481
-0.4652059  0.10109701  -10.1146965
-0.38588813  0.13135438  -10.324134
-0.32195365  0.16552618  -10.497281
-0.27567104  0.18582463  -10.6158285
-0.21121542  0.18458802  -10.6525755
-0.12278362  0.1767997  -10.624837
-0.023446783  0.18577321  -10.575617
0.06298151  0.2149856  -10.508091
0.12623018  0.24543323  -10.386515
0.15643713  0.2577897  -10.187377
0.121312805  0.2638282  -9.941041
0.017853288  0.25462887  -9.668445
-0.12738504  0.20954283  -9.3823
-0.2587528  0.14056635  -9.109948
-0.34631553  0.11433343  -8.921212
-0.38168505  0.15367006  -8.845338
-0.38315907  0.21269381  -8.851684
-0.38025856  0.2456762  -8.88166
-0.394859  0.23713058  -8.917248
-0.42402753  0.211434  -8.979927
-0.45664182  0.18226898  -9.096283
-0.4903946  0.16178952  -9.264432
-0.5283322  0.14036185  -9.467753
-0.53269297  0.09225088  -9.688893
-0.45741275  0.04392608  -9.924897
-0.30253875  0.051394973  -10.165993
-0.11315488  0.13699405  -10.39874
0.044759393  0.23423432  -10.5837555
0.14272211  0.2728043  -10.676776
0.1782854  0.2616246  -10.65286
0.17470191  0.2590869  -10.559014
0.1641119  0.29302415  -10.440056
0.16765326  0.3356093  -10.305659
0.18294823  0.37447393  -10.127968
0.18950659  0.40836212  -9.916545
0.16489013  0.43428603  -9.699516
0.10883825  0.42179093  -9.480192
0.041641418  0.36657366  -9.253312
-0.02946154  0.30473074  -9.047387
-0.098536454  0.26316205  -8.882248
-0.17184031  0.22775693  -8.765128
-0.24734913  0.1721887  -8.679619
-0.32989335  0.10218173  -8.645763
-0.4139906  0.048144843  -8.702141
-0.48781824  0.021119798  -8.833752
-0.53737944  0.0058659203  -9.000871
-0.57042855  -0.008982507  -9.191189
-0.5905734  -0.02781046  -9.418087
-0.5838068  -0.035965286  -9.687256
-0.5320906  -0.023615016  -9.954133
-0.44390348  0.013632841  -10.172112
-0.3538789  0.071688466  -10.325418
-0.26817855  0.121819556  -10.413964
-0.1892818  0.15816821  -10.48027
-0.11457745  0.1869846  -10.537757
-0.05640833  0.21474671  -10.575995
-0.0119426735  0.23674156  -10.560275
0.029112836  0.24763249  -10.469909
0.07704658  0.26240137  -10.313069
0.10237342  0.30935895  -10.122269
0.058106005  0.36623904  -9.910165
-0.066221945  0.38286877  -9.675011
-0.22657864  0.32663137  -9.4057
-0.35269192  0.24906516  -9.141913
-0.41699147  0.21490085  -8.947651
-0.43420935  0.22372359  -8.856202
-0.440905  0.23431928  -8.837822
-0.4607512  0.22108404  -8.848728
-0.49078032  0.19664355  -8.885429
-0.5175967  0.170627  -8.983501
-0.5416011  0.1593042  -9.141256
-0.5715024  0.16750334  -9.332538
-0.60639  0.1835532  -9.540242
-0.623457  0.17585593  -9.776555
-0.5707916  0.14123319  -10.026324
-0.4367175  0.13065648  -10.27665
-0.25297514  0.196607  -10.491258
-0.07734277  0.30405563  -10.647229
0.049849793  0.37690344  -10.6933565
0.11740563  0.3682098  -10.605438
0.13246198  0.3369151  -10.439533
0.115914404  0.34467578  -10.269363
0.103197955  0.3976096  -10.107342
0.1019721  0.46407366  -9.929422
0.095351815  0.5182364  -9.723573
0.06179316  0.5591815  -9.527649
0.0069164503  0.5716219  -9.359246
-0.045782533  0.54496115  -9.211806
-0.1038479  0.50366795  -9.083659
-0.17126006  0.47027162  -8.955152
-0.24260402  0.44509378  -8.8196
-0.2983929  0.4061186  -8.69349
-0.34808528  0.35670462  -8.622121
-0.4076457  0.3175099  -8.649829
-0.48172426  0.29772112  -8.776902
-0.54863906  0.2777553  -8.945922
-0.58596706  0.25735876  -9.126742
-0.5899625  0.2566152  -9.343713
-0.5859106  0.2943194  -9.644302
-0.56425905  0.33783996  -9.981715
-0.5077974  0.36170736  -10.269118
-0.39738476  0.36665177  -10.465808
-0.25991276  0.37489095  -10.60146
-0.14072537  0.39699042  -10.697352
-0.06047334  0.4154218  -10.744119
-0.0112319775  0.41854477  -10.718552
0.0305933  0.41028133  -10.640152
0.07641265  0.41260982  -10.528023
0.11006433  0.45276427  -10.388812
0.12216584  0.5235775  -10.1914
0.08271745  0.6032014  -9.971311
-0.012642062  0.6426813  -9.749072
-0.14762756  0.61200994  -9.548103
-0.2761695  0.54640144  -9.336056
-0.35882628  0.51375973  -9.141071
-0.38101932  0.55064106  -9.020802
-0.3603091  0.6121894  -9.00199
-0.32721916  0.64398605  -9.041774
-0.30441973  0.6262992  -9.08072
-0.28741857  0.5773215  -9.134289
-0.26743284  0.5285313  -9.270066
-0.2530174  0.50206614  -9.490859
-0.2655786  0.490419  -9.722886
-0.2968069  0.47252783  -9.911035
-0.29121038  0.42930534  -10.093353
-0.20451121  0.37920532  -10.320289
-0.05603981  0.3449273  -10.578645
0.09561848  0.33372334  -10.787763
0.21880372  0.32390913  -10.884651
0.31196842  0.30516982  -10.857799
0.38108286  0.28882864  -10.741851
0.41681835  0.30577713  -10.592227
0.42140892  0.34606865  -10.420261
0.41140363  0.3738548  -10.204268
0.41459703  0.36533502  -9.932977
0.41060507  0.3522601  -9.661772
0.3695021  0.3543409  -9.432097
0.27572465  0.36209717  -9.230872
0.15891136  0.34487474  -9.0401945
0.054126453  0.29168805  -8.907907
-0.03747653  0.23225383  -8.851701
-0.1292689  0.19534957  -8.83409
-0.22146334  0.18153016  -8.803015
-0.29555804  0.17026787  -8.786315
-0.32514188  0.14328739  -8.842835
-0.32662812  0.13789837  -8.992088
-0.33047113  0.16884004  -9.175284
-0.35286567  0.20850658  -9.361816
-0.36460912  0.20953262  -9.556007
-0.33468577  0.17147152  -9.815837
-0.26424587  0.14087072  -10.131538
-0.18478139  0.14357767  -10.422631
-0.11398474  0.15462492  -10.6177
-0.0513249  0.15074925  -10.718034
0.009569942  0.13122529  -10.784679
0.06367614  0.12844397  -10.815006
0.09965202  0.14715296  -10.74747
0.119705655  0.17532463  -10.571126
0.14417991  0.20568037  -10.343852
0.17594598  0.24732204  -10.107521
0.1803521  0.31322786  -9.851274
0.11913989  0.38419977  -9.569135
-7.54549E-4  0.434399  -9.284394
-0.13527979  0.45936516  -9.02999
-0.2481095  0.48162177  -8.836346
-0.32253405  0.51469636  -8.756902
-0.3612784  0.54383206  -8.802302
-0.37586585  0.5517438  -8.931563
-0.37918687  0.54375327  -9.084703
-0.38198522  0.53976184  -9.249771
-0.38650987  0.5449117  -9.433335
-0.4006188  0.5541648  -9.620289
-0.42855716  0.5591028  -9.797313
-0.4653931  0.5540593  -9.989833
-0.47559974  0.52391213  -10.212703
-0.4247955  0.48640552  -10.42323
-0.2982416  0.4617213  -10.559136
-0.12434163  0.46604002  -10.6172495
0.04518341  0.47761583  -10.62978
0.16656695  0.4695896  -10.599052
0.22735251  0.4464142  -10.508878
0.2522535  0.4211556  -10.380649
0.2729666  0.4012886  -10.251477
0.2977896  0.39538673  -10.115542
0.303865  0.41297743  -9.939755
0.26871547  0.45043683  -9.706796
0.19973616  0.4662031  -9.450004
0.13080455  0.44435683  -9.222202
0.07782817  0.41504273  -9.04385
0.026653722  0.40742216  -8.895244
-0.041615833  0.41978368  -8.743781
-0.12544101  0.42231894  -8.606427
-0.20885462  0.41008726  -8.534602
-0.28516182  0.3918335  -8.562008
-0.35784343  0.37773892  -8.688735
-0.4238657  0.36007416  -8.896739
-0.47364855  0.3389888  -9.151409
-0.50460666  0.32674858  -9.420648
-0.5244891  0.33005726  -9.685626
-0.5187598  0.32094282  -9.952804
-0.46245924  0.2961317  -10.222349
-0.3522232  0.28593287  -10.430144
-0.22162955  0.32599226  -10.521714
-0.09297807  0.39598274  -10.491867
0.023598036  0.46001592  -10.406289
0.13201222  0.49449492  -10.313854
0.22710931  0.5099638  -10.22089
0.31222785  0.51766497  -10.125615
0.39139065  0.528791  -10.034608
0.4559107  0.5428945  -9.933095
0.47312787  0.5625438  -9.795743
0.41922334  0.5818017  -9.60312
0.29873943  0.5989117  -9.38971
0.15327688  0.5961536  -9.190011
0.020606196  0.57794607  -9.0437355
-0.07858462  0.56103116  -8.962132
-0.14347057  0.56027865  -8.943936
-0.18843298  0.56712437  -8.957961
-0.23236334  0.562959  -8.996865
-0.27855304  0.5458453  -9.066981
-0.3086932  0.5307324  -9.187096
-0.31633484  0.52216  -9.351987
-0.317878  0.518004  -9.562782
-0.3347107  0.50713724  -9.80218
-0.3362098  0.4751662  -10.05038
-0.26803985  0.4252461  -10.302993
-0.111745395  0.38608363  -10.5582695
0.0735069  0.37596667  -10.784289
0.21874927  0.3784145  -10.904489
0.3051902  0.362029  -10.886307
0.3670911  0.3357757  -10.766122
0.43505502  0.32627168  -10.61644
0.5102053  0.34128675  -10.489057
0.58412457  0.35337523  -10.380021
0.65148944  0.3587732  -10.255542
0.68987584  0.38985598  -10.074478
0.674428  0.45561495  -9.821673
0.5967364  0.5205461  -9.525041
0.485545  0.53723395  -9.238229
0.35464847  0.49360073  -9.015702
0.20608251  0.42149934  -8.881388
0.039388344  0.36131546  -8.798417
-0.12861228  0.3324457  -8.716636
-0.26714018  0.323063  -8.648361
-0.34603068  0.3065531  -8.66195
-0.35479364  0.29270467  -8.787776
-0.31295833  0.31534907  -8.99937
-0.2732484  0.37562773  -9.270925
-0.25303778  0.41047797  -9.577895
-0.228544  0.3917869  -9.902511
-0.15445934  0.34975705  -10.19247
-0.030861696  0.3440496  -10.4272995
0.100826256  0.36461294  -10.575057
0.20640822  0.37003818  -10.6389265
0.28261888  0.34631988  -10.63311
0.34597543  0.29491934  -10.590567
0.4016786  0.24092053  -10.523103
0.4503399  0.21338433  -10.432881
0.4971757  0.23117  -10.288875
0.5404008  0.28085718  -10.078748
0.5521013  0.3365291  -9.814662
0.48964608  0.3855505  -9.518964
0.34564617  0.41320145  -9.2168665
0.17917174  0.42755803  -8.949933
0.05172665  0.43375918  -8.76718
-0.017737832  0.4474114  -8.671973
-0.061803054  0.45818987  -8.641475
-0.105374746  0.46453908  -8.673203
-0.15804835  0.4605833  -8.754767
-0.21985455  0.44677606  -8.842342
-0.28166363  0.43388793  -8.914038
-0.32680458  0.42728007  -9.038373
-0.34966972  0.4125158  -9.282675
-0.34756312  0.33760047  -9.623111
-0.3189424  0.21694565  -9.982436
-0.22896354  0.120640256  -10.294372
-0.077751994  0.09912462  -10.531712
0.09691697  0.09078952  -10.686134
0.23243165  0.03623914  -10.775081
0.30230144  -0.039967734  -10.807148
0.31774354  -0.07177212  -10.752873
0.30428204  -0.05497689  -10.607112
0.2860327  -0.03934741  -10.385243
0.3006231  -0.044832904  -10.118716
0.34665844  -0.03265313  -9.842017
0.38037455  0.023295445  -9.571565
0.35152745  0.10174162  -9.314063
0.2631661  0.14430718  -9.051475
0.15658005  0.14728467  -8.814748
0.0672627  0.14061262  -8.646519
-4.865794E-4  0.15354145  -8.546829
-0.0654438  0.19539489  -8.485015
-0.1396007  0.24479246  -8.471009
-0.2164157  0.27871624  -8.545577
-0.27799082  0.27628717  -8.706545
-0.30619934  0.25646213  -8.91385
-0.31870934  0.26651135  -9.167576
-0.3343508  0.29686034  -9.481044
-0.3488412  0.2932576  -9.828026
-0.3294762  0.23269154  -10.138585
-0.25342706  0.15343356  -10.388974
-0.15406832  0.105108745  -10.603221
-0.05826445  0.057618786  -10.7602
0.013204907  0.009014738  -10.826617
0.06885491  -0.028500974  -10.794487
0.112671964  -0.032008287  -10.722211
0.1476288  -0.03570932  -10.64991
0.1712382  -0.06566317  -10.53263
0.19488543  -0.10415816  -10.328186
0.22614431  -0.08907372  -10.060846
0.25759718  -0.013508453  -9.781234
0.23806977  0.07497076  -9.518783
0.14446954  0.108867556  -9.254525
0.014471955  0.1189754  -9.0408125
-0.08412982  0.14461976  -8.923935
-0.13267608  0.1973198  -8.890575
-0.16348411  0.24654406  -8.877421
-0.1989687  0.27988243  -8.892048
-0.22831284  0.294485  -8.997666
-0.23907356  0.2974076  -9.199531
-0.2453742  0.29854384  -9.419735
-0.26986519  0.30164203  -9.604487
-0.30867693  0.29545268  -9.790394
-0.32816723  0.24550788  -10.018127
-0.28538892  0.16098209  -10.271654
-0.17949541  0.06387787  -10.489595
-0.04309143  -0.0065927636  -10.641952
0.081789926  -0.06220414  -10.724655
0.16803086  -0.10914234  -10.727268
0.21416688  -0.15114053  -10.644313
0.23788603  -0.1717208  -10.514156
0.254361  -0.17688017  -10.382
0.28325748  -0.19237703  -10.22369
0.32727084  -0.21290095  -10.006342
0.36966935  -0.19443487  -9.745772
0.36826932  -0.13152075  -9.487012
0.3027657  -0.04783566  -9.24112
0.2070121  0.005675424  -8.991485
0.11678523  0.0531331  -8.793516
0.048983227  0.09340647  -8.67349
-0.017584449  0.12647249  -8.608966
-0.08988869  0.14073884  -8.548797
-0.15709724  0.15408559  -8.531306
-0.20248465  0.18155462  -8.6262045
-0.23460396  0.21418756  -8.816639
-0.26960203  0.24337043  -9.0257
-0.32021487  0.2568024  -9.238111
-0.36697897  0.23119204  -9.493983
-0.37184176  0.16929781  -9.827166
-0.31324896  0.10371002  -10.16145
-0.21225195  0.0735234  -10.417689
-0.109487675  0.05726385  -10.577384
-0.023317054  0.018073352  -10.692637
0.052731797  -0.04915516  -10.767613
0.122438006  -0.099544436  -10.758114
0.17717965  -0.1162177  -10.652627
0.2202195  -0.108632945  -10.500274
0.26129273  -0.10459069  -10.33635
0.3070543  -0.10675708  -10.146144
0.3400987  -0.07557299  -9.932989
0.33012912  -0.0113409115  -9.712851
0.26509675  0.07532962  -9.506986
0.1661308  0.14559062  -9.315489
0.07183771  0.20087616  -9.145667
-0.004169458  0.23163475  -9.011035
-0.06977203  0.24739794  -8.932326
-0.14512299  0.26213208  -8.908322
-0.22986944  0.27782628  -8.929765
-0.30624202  0.27657354  -9.006453
-0.33795503  0.26086727  -9.164819
-0.32400975  0.24840756  -9.398825
-0.30249384  0.2569118  -9.674855
-0.29952726  0.23567946  -9.937037
-0.27807936  0.1772743  -10.190848
-0.18187724  0.095319845  -10.414168
-0.027369933  0.039827067  -10.592391
0.12288348  0.0025317855  -10.6992655
0.2169155  -0.0450674  -10.724782
0.25503588  -0.10501205  -10.656567
0.26798052  -0.15786646  -10.511239
0.28500387  -0.1841961  -10.357834
0.3100431  -0.1996019  -10.25841
0.3354528  -0.21191208  -10.176888
0.34810552  -0.19540997  -10.043033
0.34042558  -0.13569438  -9.817005
0.30278265  -0.06385263  -9.528177
0.24082853  -0.020796383  -9.23257
0.17177624  7.677159E-4  -8.987769
0.10564663  0.02944083  -8.804654
0.030515501  0.06023081  -8.649307
-0.067591704  0.06910229  -8.517094
-0.177602  0.05764395  -8.479142
-0.27037027  0.052274574  -8.581573
-0.32950988  0.0636613  -8.777321
-0.36335504  0.0800625  -8.972049
-0.38741767  0.10572777  -9.164062
-0.4048077  0.11807751  -9.402374
-0.40811673  0.10029045  -9.709741
-0.38344705  0.040256802  -10.0341835
-0.32793725  -0.004784592  -10.31828
-0.24815996  0.007964366  -10.530498
-0.160905  0.038148012  -10.654694
-0.058222454  0.035417702  -10.696671
0.06535507  0.0029222565  -10.691563
0.20202678  -0.0052484437  -10.651292
0.30755714  0.021613786  -10.555341
0.3614922  0.050590068  -10.373306
0.39064696  0.048118208  -10.129807
0.42605796  0.058360208  -9.902745
0.44385624  0.10711893  -9.704652
0.38649535  0.19160457  -9.512557
0.25042436  0.24974634  -9.292043
0.09613701  0.27926776  -9.091647
-0.009807137  0.2986845  -8.975095
-0.06482317  0.3159515  -8.949593
-0.114120185  0.3213349  -8.957489
-0.18016045  0.31850207  -8.961273
-0.23706587  0.32271937  -8.978985
-0.2559871  0.33125553  -9.038545
-0.25362495  0.33445203  -9.156415
-0.26898372  0.3355709  -9.344136
-0.29928848  0.31397107  -9.622598
-0.30416462  0.26720098  -9.953221
-0.24111839  0.18688454  -10.259846
-0.11696207  0.11022041  -10.48941
0.022052392  0.05055509  -10.651799
0.13281249  0.007266602  -10.751374
0.20004137  -0.028962307  -10.744766
0.23827605  -0.068518005  -10.623894
0.26906478  -0.09915983  -10.458987
0.30493796  -0.10411668  -10.336835
0.33923563  -0.10211461  -10.218293
0.35768437  -0.08844397  -10.020069
0.35708657  -0.052924138  -9.725417
0.33796564  0.015824758  -9.41085
0.29366663  0.06951863  -9.147069
0.22293516  0.07279943  -8.944122
0.14097522  0.061900217  -8.786031
0.05720253  0.068290554  -8.675748
-0.029159693  0.08033835  -8.6223755
-0.13077515  0.06782103  -8.644956
-0.23448424  0.042283174  -8.730377
-0.31608883  0.042278957  -8.857555
-0.35569456  0.0726537  -9.012481
-0.37913144  0.12779278  -9.20256
-0.41341352  0.13634259  -9.424127
-0.44307408  0.09275401  -9.674229
-0.40805116  0.026272258  -9.948647
-0.2985557  0.006985994  -10.21794
-0.16894352  0.03234555  -10.412904
-0.073133774  0.058391582  -10.490815
0.007815439  0.06346176  -10.506446
0.10249182  0.059900764  -10.5135355
0.20069288  0.059713427  -10.504311
0.2724021  0.06722237  -10.44276
0.32206407  0.080286436  -10.309755
0.3763416  0.089965485  -10.112868
0.42384854  0.118732065  -9.860438
0.4259291  0.1649983  -9.587193
0.35121426  0.2266308  -9.31884
0.22011769  0.27662233  -9.080508
0.09397751  0.32274818  -8.899043
0.013718027  0.37065184  -8.802047
-0.022253936  0.4130709  -8.777688
-0.055290908  0.44054294  -8.787742
-0.09419785  0.45152113  -8.82493
-0.12665479  0.44156113  -8.910131
-0.13749652  0.4148927  -9.071225
-0.14272945  0.38515186  -9.312822
-0.16532889  0.3627557  -9.599706
-0.1838069  0.30916741  -9.881913
-0.15148821  0.2196558  -10.131995
-0.032143757  0.12124587  -10.341786
0.12390324  0.062376752  -10.508136
0.25054637  0.031783596  -10.597957
0.30402783  0.012042827  -10.594025
0.32118538  -0.0037301776  -10.509429
0.34135482  -0.007954163  -10.399856
0.37946963  -0.01216405  -10.327194
0.4078962  -0.020424252  -10.275483
0.42480016  -0.045308042  -10.170791
0.4465674  -0.031485084  -9.980452
0.47055754  0.02408045  -9.734824
0.44984207  0.10152533  -9.4773855
0.36894426  0.13226843  -9.227195
0.26130673  0.12916876  -9.025908
0.17607109  0.13233137  -8.910427
0.108695686  0.15722787  -8.860378
0.034760505  0.1741242  -8.840659
-0.057726312  0.16886808  -8.833557
-0.15064588  0.14943059  -8.871033
-0.21824045  0.13463937  -8.967795
-0.24988066  0.14068817  -9.134601
-0.26511607  0.14884658  -9.346073
-0.27997658  0.12694289  -9.581447
-0.2833829  0.06411732  -9.846243
-0.24439198  0.0012601111  -10.128898
-0.16867845  -0.016095394  -10.380643
-0.08099064  0.01527946  -10.530221
-0.004210265  0.048009425  -10.586563
0.06764673  0.04651621  -10.601661
0.13494116  0.016015591  -10.5964985
0.1884042  -1.6197686E-4  -10.54426
0.22463901  0.0139237195  -10.414303
0.2565936  0.038983375  -10.20156
0.30120742  0.046139374  -9.946754
0.33215246  0.072937354  -9.70306
0.31195524  0.13921972  -9.49205
0.21963869  0.22342815  -9.303957
0.10445896  0.27161828  -9.131877
0.01421744  0.2867587  -9.027999
-0.021764135  0.29653248  -9.0109
-0.03979629  0.30910268  -9.037732
-0.07713723  0.31549755  -9.052261
-0.14243995  0.3031705  -9.050226
-0.20136087  0.27617252  -9.089101
-0.23167832  0.23670542  -9.205185
-0.25291073  0.20768835  -9.404002
-0.29309747  0.1853171  -9.64647
-0.3378924  0.15541358  -9.89869
-0.32350314  0.096651636  -10.14296
-0.217308  0.02806461  -10.380634
-0.045032356  -0.025999313  -10.594579
0.11358663  -0.06039858  -10.729529
0.20797907  -0.09365207  -10.736575
0.23980989  -0.13132758  -10.630039
0.25588807  -0.15819956  -10.468568
0.2859728  -0.16723311  -10.318067
0.32984176  -0.1686749  -10.180932
0.38038  -0.15649767  -10.030744
0.43492588  -0.105118774  -9.844292
0.47897658  -0.011373165  -9.613141
0.47787675  0.07979142  -9.368354
0.42770812  0.12520532  -9.146082
0.34626654  0.12374038  -8.987325
0.26141393  0.114608176  -8.884592
0.17889519  0.109101355  -8.828831
0.09730538  0.108410366  -8.817205
0.010752208  0.09510311  -8.854652
-0.07961264  0.07706464  -8.941636
-0.1625752  0.06425101  -9.078414
-0.2202506  0.07584264  -9.253071
-0.26322094  0.11197391  -9.458065
-0.29817274  0.12262384  -9.662352
-0.30743736  0.09962082  -9.88078
-0.2529806  0.06261156  -10.106271
-0.1381112  0.0695453  -10.3093605
-0.0169864  0.10852602  -10.426122
0.07236028  0.14358239  -10.453891
0.14101782  0.15066443  -10.437188
0.20454352  0.1483268  -10.406228
0.2576474  0.15551467  -10.334231
0.2893007  0.17545849  -10.193756
0.32229498  0.17887165  -9.97823
0.37413362  0.16411571  -9.743402
0.43299544  0.15372317  -9.545267
0.43688193  0.18513304  -9.385822
0.36099494  0.2404861  -9.204973
0.22188912  0.2896142  -8.98267
0.085036755  0.32304  -8.797248
-0.0116989985  0.36544982  -8.725465
-0.059681877  0.41569316  -8.762757
-0.08660478  0.44827607  -8.857638
-0.10921534  0.44487068  -8.979211
-0.13076286  0.41854823  -9.132937
-0.14878418  0.39935312  -9.328864
-0.1697485  0.40224957  -9.563887
-0.19733475  0.3976151  -9.813437
-0.21602428  0.3480325  -10.05367
-0.18491547  0.24322385  -10.263481
-0.091822535  0.14395617  -10.440837
0.04616953  0.09204874  -10.558759
0.17003901  0.09107182  -10.582744
0.24355839  0.09560919  -10.515132
0.27613637  0.08782341  -10.411209
0.30513835  0.07848156  -10.322637
0.3467307  0.083709896  -10.257797
0.38337836  0.09456602  -10.177667
0.41052118  0.09189393  -10.034164
0.43529657  0.10860506  -9.835236
0.4413012  0.15060972  -9.604389
0.3882788  0.20071751  -9.381859
0.27165046  0.20282327  -9.1784315
0.13726002  0.17521197  -9.03096
0.030794958  0.15742207  -8.956693
-0.039479688  0.16105114  -8.940032
-0.08049657  0.16815507  -8.965459
-0.09865209  0.16627769  -9.047189
-0.0992367  0.17252679  -9.195007
-0.09376306  0.21175276  -9.392011
-0.100172184  0.27688348  -9.590965
-0.12678866  0.3157651  -9.75661
-0.15761589  0.2890616  -9.915965
-0.15527676  0.23558223  -10.109454
-0.10894119  0.2157203  -10.332256
-0.0339064  0.2382416  -10.492242
0.0411773  0.25493452  -10.547769
0.11536703  0.25057626  -10.547031
0.19473203  0.23650976  -10.545559
0.26855782  0.23903142  -10.519573
0.31902674  0.24342151  -10.406032
0.34408197  0.22871786  -10.191261
0.3627869  0.18048507  -9.923604
0.38657013  0.1437818  -9.675515
0.40667084  0.15931334  -9.457849
0.38279364  0.22325087  -9.249401
0.30443677  0.28643143  -9.057798
0.18386726  0.31774753  -8.949842
0.078126095  0.3389902  -8.955582
0.022320936  0.37241483  -9.010193
0.0139249815  0.42798683  -9.039248
0.02144395  0.48092985  -9.051434
0.028845832  0.5177395  -9.092849
0.0321992  0.53726023  -9.195628
0.028799763  0.5410286  -9.357259
5.50511E-4  0.526597  -9.582387
-0.038880173  0.47570086  -9.843933
-0.047548145  0.40174866  -10.098817
0.013168238  0.31774294  -10.308378
0.13654383  0.25294796  -10.453504
0.26583388  0.19692071  -10.522405
0.34274995  0.14251566  -10.499538
0.3470018  0.087094486  -10.393907
0.315016  0.046346784  -10.228348
0.2861673  0.021814464  -10.062325
0.27502444  -0.0058688982  -9.925754
0.28513792  -0.039635923  -9.803397
0.31547427  -0.043206397  -9.676465
0.35518456  0.0016747084  -9.526128
0.36771867  0.054843698  -9.371247
0.34390053  0.07626621  -9.211773
0.2957891  0.07393282  -9.074126
0.24485226  0.09243465  -8.990533
0.18413198  0.13026148  -8.961587
0.106004536  0.1737361  -8.959132
0.015500043  0.20815377  -8.964819
-0.0683497  0.2508653  -9.017373
-0.13338065  0.30312347  -9.145192
-0.18807037  0.35979474  -9.323939
-0.2450791  0.3809382  -9.496722
-0.2881836  0.34536195  -9.682561
-0.28107587  0.27803925  -9.935771
-0.20982061  0.22388947  -10.221612
-0.10629251  0.20268036  -10.426603
-0.020068903  0.18047637  -10.484643
0.0321296  0.13820605  -10.469554
0.06596785  0.07113076  -10.469596
0.09957222  0.0083658565  -10.477585
0.12525158  -0.03834505  -10.436185
0.13658464  -0.06715103  -10.306825
0.1468598  -0.0787681  -10.099711
0.18520127  -0.07673237  -9.828168
0.24385194  -0.037187997  -9.542587
0.2835384  0.029500192  -9.290752
0.26094672  0.11518077  -9.090322
0.1745094  0.18334799  -8.932401
0.0685739  0.24598666  -8.828921
-0.0020674665  0.3133173  -8.827531
-0.012146652  0.3899438  -8.921752
0.0074167363  0.44861028  -9.063931
0.024471229  0.470747  -9.205548
0.024131827  0.4562373  -9.356548
-0.0015238269  0.42617032  -9.542099
-0.061337065  0.39883998  -9.752048
-0.14176083  0.36122093  -9.953458
-0.20209225  0.28807288  -10.131781
-0.20056963  0.17068176  -10.298796
-0.1383779  0.042739738  -10.462699
-0.046177715  -0.079598464  -10.574989
0.030393891  -0.1758749  -10.594257
0.071520716  -0.2447173  -10.527371
0.09549541  -0.282601  -10.439541
0.12541184  -0.30502835  -10.3573885
0.16855358  -0.3149595  -10.272266
0.21979856  -0.30468175  -10.159531
0.27698848  -0.2563859  -10.005162
0.315956  -0.17757165  -9.79019
0.30281597  -0.09658899  -9.53878
0.22483222  -0.05600163  -9.311226
0.1089991  -0.058340672  -9.144755
-0.0012450743  -0.05921738  -9.022961
-0.080536775  -0.017712994  -8.9222975
-0.13054478  0.052304655  -8.860672
-0.16381465  0.11034173  -8.855231
-0.18963785  0.14222148  -8.913678
-0.20600933  0.16919124  -9.024368
-0.21857423  0.2012291  -9.19775
-0.24957438  0.22401612  -9.43695
-0.29513195  0.19937678  -9.70635
-0.31097838  0.14692758  -9.965371
-0.26355758  0.095563315  -10.192813
-0.16988789  0.078270115  -10.3809395
-0.07906773  0.058117148  -10.515182
-0.0150113255  0.008230759  -10.574283
0.030229708  -0.07112279  -10.581428
0.06706754  -0.1431941  -10.556809
0.09925861  -0.17897867  -10.490616
0.123549946  -0.171097  -10.349571
0.15104485  -0.14997654  -10.122354
0.20035703  -0.1412604  -9.828824
0.26985082  -0.123266004  -9.532766
0.32960436  -0.050459534  -9.280341
0.33387852  0.07421609  -9.088414
0.2756448  0.19457905  -8.935111
0.1843258  0.2842372  -8.82331
0.109301426  0.34666374  -8.790351
0.070964254  0.3950039  -8.849689
0.04568985  0.4183551  -8.956012
0.012527821  0.41113636  -9.047925
-0.019897752  0.38092193  -9.128815
-0.03523077  0.34461316  -9.243962
-0.04746717  0.30951357  -9.43046
-0.07994486  0.2903271  -9.66528
-0.1178954  0.26319447  -9.865291
-0.1259828  0.23531006  -10.0
-0.05986574  0.1948853  -10.103969
0.06650359  0.15790105  -10.247642
0.20086007  0.108771145  -10.397633
0.2791892  0.05388232  -10.4581785
0.2947258  -0.0028770065  -10.413848
0.29852557  -0.04413262  -10.320703
0.32422236  -0.074704915  -10.2589035
0.36591434  -0.09651271  -10.209243
0.4070985  -0.10038606  -10.119404
0.42739716  -0.060785513  -9.951931
0.39743212  -3.8603632E-4  -9.715909
0.30705452  0.055000868  -9.4559145
0.19285429  0.07695434  -9.223889
0.101316035  0.09641317  -9.048608
0.034289286  0.12910038  -8.92573
-0.03411754  0.17308086  -8.827071
-0.105123274  0.21144308  -8.760325
-0.1604676  0.23193456  -8.753734
-0.19041376  0.23714297  -8.826797
-0.19641866  0.2461421  -8.95474
-0.19353664  0.28438082  -9.14424
-0.2061057  0.32985327  -9.377381
-0.23551802  0.33065265  -9.632816
-0.24223976  0.2853233  -9.874114
-0.18876906  0.24020033  -10.095315
-0.086234026  0.23888715  -10.284266
0.010507061  0.24217713  -10.399862
0.07334677  0.21514304  -10.425269
0.11331898  0.16139443  -10.402131
0.14976858  0.11999638  -10.36681
0.17908257  0.103503115  -10.304164
0.19471566  0.088359036  -10.17814
0.20958303  0.064020805  -9.99081
0.24123418  0.034727708  -9.800826
0.27093658  0.037968125  -9.662226
0.27741036  0.06407861  -9.5487585
0.2340423  0.110622935  -9.420424
0.16297773  0.15776077  -9.263
0.09216443  0.2165898  -9.14651
0.05871652  0.2890463  -9.100335
0.05589774  0.36603525  -9.102305
0.049433697  0.43225983  -9.109237
0.027615385  0.48389766  -9.115114
0.006387262  0.5320194  -9.139165
-0.0022679793  0.57460505  -9.207149
-0.0122675365  0.59440875  -9.343507
-0.020528674  0.55057937  -9.562942
0.0068991226  0.44117066  -9.839301
0.092907675  0.30479673  -10.122956
0.2181343  0.20130642  -10.354926
0.331287  0.14063717  -10.497964
0.39643896  0.09743749  -10.532495
0.40912688  0.049489558  -10.494428
0.39530483  0.006086335  -10.4372835
0.3813815  -0.029138604  -10.404756
0.37404552  -0.05468073  -10.400504
0.36807004  -0.085040666  -10.364349
0.3749049  -0.097866  -10.242305
0.3903226  -0.066485055  -10.020141
0.38275  -6.0423027E-4  -9.75241
0.32258704  0.056060594  -9.500392
0.22424845  0.0641055  -9.297505
0.13512051  0.053076316  -9.153117
0.07993785  0.060797866  -9.068192
0.049400628  0.098510034  -9.019816
0.017591566  0.14341357  -9.011126
-0.029649125  0.1732106  -9.0363035
-0.08132526  0.19048245  -9.101134
-0.10891869  0.23366159  -9.226113
-0.103611596  0.29435214  -9.398566
-0.07012082  0.33310875  -9.595017
-0.031249734  0.32206127  -9.798034
0.014509626  0.3005793  -9.998086
0.0603535  0.29645756  -10.180123
0.09976375  0.28535622  -10.290433
0.12846552  0.23438482  -10.340701
0.16464503  0.15871583  -10.368203
0.21965556  0.089660846  -10.385594
0.27766028  0.03262203  -10.354
0.31423667  -0.030108223  -10.243955
0.33392343  -0.09556043  -10.081722
0.36656058  -0.13986392  -9.911745
0.40243313  -0.11059623  -9.731144
0.39629483  -0.013867113  -9.517215
0.31616253  0.10837864  -9.272728
0.1913721  0.19997083  -9.051113
0.087899335  0.26785958  -8.911042
0.046610992  0.33340433  -8.875321
0.058050986  0.4006168  -8.913792
0.08675998  0.45353863  -8.982376
0.115384154  0.50210816  -9.043939
0.14079942  0.5545287  -9.103692
0.15329076  0.59830236  -9.178792
0.13223551  0.6087796  -9.312328
0.08291653  0.5799437  -9.519165
0.044881355  0.5075941  -9.775222
0.055108365  0.39872935  -10.036647
0.124462076  0.28272614  -10.261653
0.23088251  0.20167689  -10.42308
0.32461724  0.15414648  -10.479523
0.37513223  0.1160943  -10.443302
0.39720163  0.07929478  -10.362976
0.43345022  0.068522625  -10.305732
0.48906508  0.08742347  -10.286789
0.5242248  0.094467185  -10.245049
0.5207826  0.08324128  -10.131955
0.48838425  0.088912465  -9.934255
0.4532901  0.13557239  -9.684035
0.41349685  0.1852328  -9.430226
0.36858228  0.1953299  -9.211715
0.31723234  0.18772781  -9.068107
0.2645996  0.20215864  -9.00479
0.21178158  0.24171601  -8.984001
0.1556287  0.27325574  -8.98645
0.0980902  0.28570604  -9.020931
0.044499446  0.30076227  -9.121367
0.0032171777  0.33645615  -9.265934
-0.033501763  0.39013112  -9.410626
-0.07557253  0.43855906  -9.5677595
-0.11692088  0.45843568  -9.780464
-0.13072832  0.43753076  -10.048566
-0.1040018  0.37649235  -10.302678
-0.03697435  0.3197285  -10.48155
0.04142735  0.30283493  -10.564819
0.10722258  0.31673336  -10.547923
0.1348174  0.32965887  -10.448807
0.13465099  0.31401536  -10.301547
0.1258635  0.27942145  -10.145364
0.13313036  0.22949648  -9.99611
0.1771472  0.17157488  -9.841937
0.26054868  0.12266961  -9.707228
0.35135314  0.12116701  -9.59883
0.3958635  0.18052883  -9.500564
0.37154588  0.26997325  -9.373137
0.30311462  0.34739605  -9.220214
0.24262667  0.41040078  -9.099101
0.21981871  0.47103202  -9.039486
0.22035217  0.5206939  -9.022911
0.21231353  0.5363169  -9.009028
0.18737407  0.52793694  -8.995719
0.16156414  0.5226412  -9.027044
0.14829041  0.54193646  -9.115041
0.14171006  0.58039623  -9.251353
0.12770502  0.6335764  -9.436436
0.11156839  0.6627427  -9.672333
0.100943185  0.64579743  -9.947297
0.12633483  0.56030566  -10.1831255
0.18768616  0.44662628  -10.330629
0.27165094  0.3467075  -10.375676
0.3377497  0.28364813  -10.356042
0.37067518  0.24785078  -10.301224
0.3916087  0.22113484  -10.233232
0.42833737  0.20234865  -10.178257
0.48803028  0.19152789  -10.137667
0.55910885  0.18966651  -10.053412
0.6241402  0.20756514  -9.868728
0.66186327  0.2518498  -9.603946
0.66622925  0.31412864  -9.347793
0.63623935  0.35196957  -9.164308
0.59230775  0.34629294  -9.07167
0.5483741  0.31813815  -9.054212
0.5254521  0.29886782  -9.070245
0.5116687  0.29826525  -9.089114
0.5030846  0.31002933  -9.119909
0.49802145  0.34332302  -9.203219
0.48854598  0.39804864  -9.330691
0.46561804  0.46478072  -9.422289
0.42746377  0.5258205  -9.457883
0.39828303  0.5792298  -9.510246
0.3696591  0.61471015  -9.660365
0.33097196  0.61399287  -9.896964
0.30529872  0.57416564  -10.1395445
0.32126802  0.5167151  -10.323691
0.37405464  0.4733717  -10.425868
0.4145235  0.42963323  -10.443842
0.42923358  0.37218818  -10.399005
0.45319828  0.29161528  -10.316909
0.5173142  0.20756042  -10.2342005
0.6092395  0.12560885  -10.158535
0.6990698  0.04321666  -10.059814
0.76365495  -0.0070118657  -9.920983
0.8135608  -0.0029760848  -9.748027
0.83412033  0.076960094  -9.581887
0.8267045  0.17878278  -9.4206705
0.7853667  0.2647561  -9.291225
0.7540929  0.31693205  -9.210818
0.7532024  0.34653535  -9.194223
0.76596373  0.3610175  -9.193761
0.7529173  0.36331  -9.178763
0.7110713  0.36220273  -9.168601
0.67619205  0.35845503  -9.235622
0.6648851  0.35704863  -9.397626
0.6596775  0.3645645  -9.597556
0.63641644  0.40191945  -9.761466
0.5913783  0.44740617  -9.905238
0.5376101  0.4661264  -10.067899
0.49690604  0.4297481  -10.237463
0.47007272  0.33611605  -10.364013
0.46833315  0.2222215  -10.420826
0.480863  0.108859114  -10.424083
0.50216144  0.020455537  -10.3648
0.5219387  -0.03609942  -10.266521
0.5312731  -0.06945235  -10.174884
0.5321569  -0.0922977  -10.111122
0.5297239  -0.11901436  -10.014211
0.5486226  -0.1422879  -9.839809
0.5964018  -0.14225052  -9.62302
0.63994426  -0.12230584  -9.445863
0.6474684  -0.09189751  -9.338874
0.6166524  -0.06915917  -9.261742
0.5888476  -0.027541444  -9.188661
0.57975435  0.040874477  -9.125573
0.5658919  0.13432606  -9.088347
0.52177054  0.21549438  -9.063837
0.45783195  0.2737632  -9.044412
0.4054116  0.31267688  -9.048234
0.37195972  0.3427033  -9.096623
0.33806923  0.3606418  -9.187003
0.31155637  0.36672434  -9.326126
0.28828433  0.3760171  -9.523689
0.2488699  0.3748839  -9.746471
0.18617554  0.35168087  -9.945693
0.1304226  0.29881918  -10.077891
0.10951764  0.24926986  -10.156873
0.10281233  0.20708762  -10.162578
0.08810256  0.16237779  -10.110639
0.08013727  0.0962843  -10.028419
0.099646956  0.009386831  -9.988507
0.15360622  -0.08539161  -10.0111685
0.22493283  -0.18030941  -10.066436
0.29878536  -0.2495517  -10.05605
0.3644382  -0.27170274  -9.920081
0.41358432  -0.2345689  -9.685066
0.4505706  -0.14633341  -9.440339
0.46328887  -0.045672838  -9.252846
0.45234582  0.045031827  -9.114711
0.41064867  0.11143542  -9.017162
0.35870707  0.17134811  -8.94369
0.30679938  0.2355569  -8.895347
0.2590426  0.29220942  -8.882113
0.21916048  0.32257608  -8.935641
0.1907214  0.32570162  -9.069444
0.177683  0.32462755  -9.256497
0.16848134  0.3444434  -9.447716
0.14559627  0.3587319  -9.6027565
0.11455995  0.3339146  -9.742916
0.088741876  0.23003946  -9.905847
0.09223374  0.076278575  -10.1036825
0.0988097  -0.07972977  -10.266445
0.0787541  -0.19233125  -10.347861
0.01862879  -0.25208697  -10.359261
-0.049619257  -0.28271192  -10.354996
-0.09620283  -0.3034306  -10.339015
-0.11315069  -0.3224348  -10.283688
-0.1276716  -0.3416754  -10.16788
-0.140786  -0.3658069  -10.021169
-0.13071103  -0.37523916  -9.877867
-0.10044304  -0.3497827  -9.725552
-0.08417839  -0.27913615  -9.529365
-0.09885002  -0.20029245  -9.302571
-0.10227858  -0.13064693  -9.131694
-0.07134771  -0.0697513  -9.029658
-0.050060485  0.007861475  -8.945975
-0.078058414  0.105495386  -8.815304
-0.14266701  0.21603847  -8.708604
-0.20335968  0.31759232  -8.690441
-0.23582184  0.38433075  -8.796502
-0.2508037  0.41030216  -9.023242
-0.27986792  0.38913298  -9.36399
-0.32464465  0.3345603  -9.788457
-0.35320365  0.25957373  -10.184231
-0.3386929  0.18780212  -10.456392
-0.29701325  0.12613387  -10.604648
-0.2642324  0.048915174  -10.6935625
-0.23716848  -0.050750475  -10.773496
-0.20858973  -0.15280688  -10.81802
-0.18381618  -0.2278481  -10.790067
-0.1646599  -0.27058223  -10.694641
-0.14624523  -0.30321124  -10.547246
-0.123862304  -0.3406349  -10.350345
-0.089170255  -0.35917175  -10.123717
-0.042073395  -0.33398327  -9.890317
0.009718995  -0.24138542  -9.660545
0.03317078  -0.10859766  -9.416962
0.04001647  0.027297204  -9.184564
0.061680716  0.12965958  -9.023591
0.11812978  0.18361346  -8.950406
0.17219107  0.21787965  -8.924084
0.19904262  0.24599726  -8.931996
0.21673189  0.26848888  -9.014794
0.24807115  0.2767675  -9.178135
0.2742777  0.28513667  -9.358964
0.26299122  0.30400237  -9.511281
0.20141065  0.28709874  -9.667407
0.11976826  0.21239777  -9.876439
0.057120282  0.083785206  -10.111487
0.039681576  -0.05118416  -10.320934
0.050497066  -0.17367733  -10.472243
0.0529113  -0.27185223  -10.568581
0.03300375  -0.3365418  -10.62494
0.0023254787  -0.39069524  -10.629219
-0.012693509  -0.45306647  -10.5928955
-0.019122079  -0.5112317  -10.502641
-0.020661242  -0.5350421  -10.317267
-6.0316484E-4  -0.49144283  -10.021823
0.04419321  -0.40022096  -9.649277
0.08309085  -0.28681985  -9.308608
0.08349713  -0.19334434  -9.063003
0.06229566  -0.123011015  -8.903594
0.05435202  -0.05205284  -8.790811
0.054075837  0.03268404  -8.706673
0.045362085  0.12281531  -8.653589
0.02398234  0.20492972  -8.634042
2.7195612E-4  0.27184156  -8.658799
-0.013269539  0.31995562  -8.76767
-0.018692302  0.33924362  -8.974766
-0.04992481  0.33565724  -9.239025
-0.13928725  0.31584176  -9.511683
-0.22886486  0.2864804  -9.775578
-0.25068998  0.23117952  -10.023281
-0.18024474  0.15646313  -10.237035
-0.11852801  0.074368276  -10.380006
-0.11237621  0.009243715  -10.472847
-0.1375946  -0.06454351  -10.557462
-0.1361258  -0.15095945  -10.632265
-0.11680293  -0.23163576  -10.6322975
-0.1125428  -0.2795707  -10.5279875
-0.1170907  -0.30130732  -10.36699
-0.10059775  -0.32007456  -10.196746
-0.042577893  -0.2981906  -10.006364
0.03493086  -0.22771299  -9.777062
0.09325769  -0.11903513  -9.538472
0.09796887  -0.020185761  -9.327897
0.06918118  0.06284361  -9.173907
0.057171527  0.13362503  -9.065472
0.08247843  0.18680508  -8.982244
0.110462986  0.22972202  -8.90476
0.103463404  0.26420516  -8.868751
0.08596566  0.2872243  -8.909954
0.097784065  0.2934723  -9.035735
0.13419144  0.29656267  -9.20638
0.13506548  0.29509768  -9.385503
0.068136655  0.2627411  -9.584022
-0.00498929  0.16436063  -9.828083
-0.007625343  0.019082421  -10.115455
0.051030066  -0.13418818  -10.375693
0.10054905  -0.24837925  -10.52433
0.10394802  -0.3144846  -10.555644
0.09701076  -0.35044459  -10.535752
0.10145011  -0.3745656  -10.499901
0.10219396  -0.3925229  -10.414933
0.09025822  -0.39842257  -10.267661
0.10221835  -0.39900434  -10.09699
0.17178248  -0.3938938  -9.942741
0.24468505  -0.37393966  -9.779727
0.2554324  -0.32258162  -9.586685
0.17671661  -0.2553725  -9.390281
0.100188315  -0.18461616  -9.238644
0.07034034  -0.12212101  -9.1293955
0.07595393  -0.04034072  -9.021107
0.06262692  0.06173947  -8.897949
0.021653408  0.16785395  -8.812042
-0.024449205  0.2434984  -8.824195
-0.050459664  0.27851847  -8.923617
-0.04484849  0.2990612  -9.072545
-0.039252713  0.30129567  -9.246444
-0.03917409  0.2876694  -9.470837
-0.024766156  0.24477816  -9.726274
0.040311288  0.19170058  -9.964754
0.123290025  0.1379426  -10.143624
0.18048541  0.07196196  -10.279649
0.20504133  -0.014945135  -10.419559
0.2297597  -0.11877603  -10.562221
0.26458892  -0.2044388  -10.639626
0.28327605  -0.24862282  -10.59975
0.26307902  -0.2615738  -10.46391
0.2177345  -0.28523517  -10.2874975
0.20002438  -0.3152834  -10.117877
0.24542777  -0.31847298  -9.938008
0.2987698  -0.24185224  -9.73212
0.28973413  -0.112657346  -9.474978
0.22610576  0.026913157  -9.210269
0.18892522  0.12681834  -9.012827
0.21494311  0.17435332  -8.93167
0.25565764  0.18603198  -8.931485
0.2644878  0.18711181  -8.958736
0.25058672  0.19654672  -9.021034
0.24123628  0.20969146  -9.136661
0.22972374  0.22281365  -9.294479
0.20054407  0.24945645  -9.448654
0.13697188  0.27110723  -9.608371
0.06534805  0.25448656  -9.81451
0.017764065  0.17152454  -10.047557
0.0222959  0.059632212  -10.240371
0.056601543  -0.039167944  -10.340104
0.085391514  -0.11162094  -10.37801
0.08692258  -0.17509274  -10.404789
0.080964886  -0.2375275  -10.430306
0.08751432  -0.28610575  -10.425191
0.10269805  -0.30875596  -10.382263
0.1092073  -0.32210875  -10.296055
0.12565619  -0.32040516  -10.168088
0.15217768  -0.30690035  -9.978726
0.16591103  -0.25880578  -9.755918
0.122835346  -0.19288386  -9.53495
0.049374636  -0.12292033  -9.353519
-0.012695688  -0.049350414  -9.209615
-0.044572514  0.031775832  -9.08052
-0.067539506  0.12046925  -8.957127
-0.09143216  0.19372888  -8.866325
-0.107904576  0.23760699  -8.855634
-0.10362957  0.25564253  -8.921756
-0.08051229  0.26789233  -9.053554
-0.056759555  0.2915665  -9.220685
-0.08283705  0.3099418  -9.409798
-0.13804522  0.2992966  -9.621019
-0.16584964  0.25292197  -9.842874
-0.123148166  0.19900437  -10.055427
-0.05611545  0.15402317  -10.210488
-0.01981268  0.11154574  -10.3007
-0.0093254335  0.054033678  -10.367038
0.008897326  -0.019023059  -10.431747
0.032868236  -0.08697928  -10.452942
0.043391246  -0.12444957  -10.38275
0.046467334  -0.12745337  -10.215931
0.05651444  -0.12857437  -10.000594
0.09687858  -0.1373635  -9.783296
0.1521147  -0.13912766  -9.564433
0.19828303  -0.09897614  -9.36359
0.21275197  -0.027298978  -9.200746
0.21253978  0.050187144  -9.099599
0.22118647  0.10974588  -9.040045
0.24480152  0.15875597  -9.001791
0.25614882  0.21199316  -8.983334
0.250178  0.2686296  -9.000931
0.23921402  0.31233117  -9.048148
0.2259162  0.33624947  -9.116497
0.20551276  0.35219404  -9.230194
0.17611897  0.37623313  -9.414418
0.13885586  0.36895517  -9.651117
0.100265004  0.2977295  -9.895447
0.07258443  0.14651169  -10.103175
0.08357128  -0.027189689  -10.271137
0.11616526  -0.17843187  -10.381461
0.1421021  -0.27640235  -10.434875
0.14295383  -0.3231962  -10.437004
0.14214806  -0.33517936  -10.406297
0.15177296  -0.33406428  -10.377075
0.17474715  -0.33680263  -10.338809
0.20717955  -0.34613112  -10.258052
0.27565327  -0.34627745  -10.109733
0.36719355  -0.31855795  -9.896625
0.4314185  -0.26099637  -9.676751
0.41927052  -0.19953877  -9.488501
0.35233578  -0.15324564  -9.361347
0.28342408  -0.10492742  -9.270131
0.22536796  -0.03758659  -9.169301
0.1713937  0.04811367  -9.063055
0.12013324  0.1295116  -8.991846
0.08380965  0.19866125  -8.998174
0.05278663  0.24519964  -9.076653
0.018058702  0.264263  -9.200042
-0.00975077  0.26933315  -9.356111
-0.016545027  0.2976601  -9.554272
-0.019428695  0.33658686  -9.77658
-0.03740558  0.34337583  -9.997043
-0.049432468  0.2924522  -10.19045
-0.020882836  0.21821462  -10.344563
0.021562949  0.15698622  -10.436153
0.0367602  0.102806054  -10.443089
0.014516692  0.03921941  -10.382918
-0.00722805  -0.043778893  -10.312297
0.008016373  -0.13916679  -10.280609
0.0495481  -0.23613054  -10.256215
0.09154803  -0.31774983  -10.168487
0.11814588  -0.34225765  -9.99171
0.13950685  -0.28545442  -9.759636
0.1514434  -0.15137278  -9.532704
0.12964948  -0.0026992348  -9.339023
0.08744663  0.117385246  -9.211007
0.05477719  0.19265974  -9.140777
0.05147004  0.23411445  -9.110874
0.051865414  0.25334343  -9.0935335
0.03940393  0.2623818  -9.087047
0.011465233  0.27000746  -9.087554
-0.023344398  0.27248538  -9.102834
-0.060431004  0.27085286  -9.153218
-0.10758135  0.25608286  -9.254713
-0.15351893  0.23244642  -9.394864
-0.20702899  0.17689264  -9.533647
-0.26891163  0.07576839  -9.660567
-0.33020186  -0.08577482  -9.802712
-0.34903368  -0.27555874  -9.979685
-0.32605162  -0.46420887  -10.171206
-0.2912766  -0.6288624  -10.331658
-0.26865244  -0.7828941  -10.436705
-0.21961622  -0.9147906  -10.494916
-0.12790199  -1.0134903  -10.53051
-0.027074978  -1.0721074  -10.533332
0.032514274  -1.1188806  -10.465861
0.06075346  -1.1508496  -10.325623
0.079094164  -1.1610492  -10.139594
0.0762403  -1.1437732  -9.949754
0.026528204  -1.1211795  -9.776244
-0.019471038  -1.1021768  -9.6497755
-0.015049309  -1.0856386  -9.580055
0.036387827  -1.0648521  -9.54336
0.06666761  -1.0372425  -9.50924
0.053478688  -1.0032296  -9.462386
0.041863788  -0.96716  -9.424618
0.08467874  -0.92429715  -9.42987
0.15790574  -0.91104704  -9.492244
0.190498  -0.92014056  -9.61998
0.17649226  -0.9820859  -9.790227
0.16570944  -1.060483  -9.985263
0.18526192  -1.1546022  -10.164675
0.22662538  -1.2307471  -10.327435
0.26047185  -1.2789674  -10.426781
0.2889708  -1.2886461  -10.437926
0.28694448  -1.2871237  -10.347594
0.26569465  -1.3013953  -10.241503
0.24212189  -1.3512774  -10.182496
0.22653204  -1.4365478  -10.164017
0.21991314  -1.497212  -10.132606
0.21871097  -1.5191272  -10.055964
0.23941289  -1.4641385  -9.945586
0.29692337  -1.3729552  -9.84022
0.38559917  -1.2543292  -9.7436075
0.44625595  -1.1259967  -9.646962
0.48038146  -0.9983242  -9.510022
0.4993459  -0.88859254  -9.347844
0.52492696  -0.8176339  -9.218621
0.5248692  -0.7914215  -9.160613
0.46980342  -0.78544617  -9.155744
0.3939265  -0.7877698  -9.163324
0.32265827  -0.78881246  -9.181491
0.28691587  -0.79317856  -9.222706
0.26822242  -0.7834615  -9.283271
0.24886161  -0.7497222  -9.343295
0.23611407  -0.70523185  -9.412933
0.22282226  -0.682247  -9.510114
0.21795253  -0.6766179  -9.6054735
0.19005978  -0.66375107  -9.6967745
0.18164366  -0.6297577  -9.732313
0.17966302  -0.576412  -9.742528
0.17350851  -0.5435114  -9.723763
0.10333591  -0.5536057  -9.714271
0.022918506  -0.57605904  -9.729549
0.0028778065  -0.5857324  -9.743601
0.037901398  -0.5331668  -9.712074
0.059975106  -0.45428172  -9.6360445
0.042294785  -0.35750106  -9.544553
0.011778218  -0.28235924  -9.460305
-0.008474206  -0.23826294  -9.406471
-0.033344522  -0.24315584  -9.408015
-0.03603821  -0.2663606  -9.506854
-0.01715499  -0.2683995  -9.628346
0.0061120023  -0.22760661  -9.716468
0.023301074  -0.14774919  -9.74831
0.032665174  -0.08962368  -9.763781
0.041116323  -0.06690004  -9.802094
0.044920284  -0.09384066  -9.875243
0.05030726  -0.105237305  -9.942216
0.05196662  -0.0782309  -9.9656725
0.060219545  -0.028997308  -9.963059
0.05111899  0.0074005984  -9.98183
0.030022731  0.030554093  -10.020876
-0.0027509406  0.06830109  -10.009477
-0.046277583  0.12416143  -9.945614
-0.045412276  0.17966144  -9.869831
-0.03277481  0.21474189  -9.818543
0.003987361  0.23733778  -9.7831545
0.016965657  0.26009655  -9.756248
0.028054336  0.28861082  -9.764683
0.050263003  0.31234252  -9.813029
0.071736954  0.3198338  -9.870293
0.092021324  0.32455233  -9.871562
0.10114688  0.32854998  -9.849357
0.1272872  0.32718828  -9.809283
0.13491936  0.32265213  -9.794232
0.12786837  0.31285557  -9.773116
0.104039274  0.3206015  -9.756213
0.11271181  0.33655536  -9.739499
0.1322316  0.36860076  -9.731514
0.13602532  0.40225458  -9.729077
0.106295384  0.41352296  -9.7453985
0.08600155  0.41513994  -9.751909
0.07779787  0.4156281  -9.741363
0.07947265  0.43230686  -9.709107
0.0794313  0.44726738  -9.695964
0.088883646  0.45602247  -9.729397
0.11038986  0.46347108  -9.782962
0.11765283  0.4583651  -9.829289
0.10892883  0.45856157  -9.849296
0.099410236  0.4652535  -9.851326
0.10664869  0.4889581  -9.843824
0.12248089  0.5215226  -9.819774
0.13097031  0.5522799  -9.807832
0.13619238  0.56842357  -9.815146
0.1493802  0.56576186  -9.835911
0.15448283  0.564531  -9.81166
0.14083014  0.59133554  -9.74694
0.12193591  0.6298793  -9.695045
0.122583605  0.6622184  -9.69983
0.16467266  0.67759746  -9.725045
0.18978257  0.68262917  -9.717519
0.20323026  0.69653374  -9.661943
0.18559964  0.7063904  -9.612248
0.17329569  0.6962783  -9.609945
0.16027185  0.6487796  -9.657258
0.16131394  0.5872239  -9.706453
0.16778213  0.55127186  -9.718449
0.16884911  0.54100543  -9.704221
0.15604179  0.5382228  -9.686703
0.1466674  0.5319917  -9.681542
0.15988518  0.5246072  -9.692256
0.19378078  0.5164456  -9.719228
0.22141142  0.50179154  -9.754268
0.22467212  0.48704052  -9.767266
0.2127202  0.4841467  -9.734699
0.21612978  0.48617294  -9.6724825
0.24566615  0.50725585  -9.616559
0.26500592  0.52284616  -9.586488
0.29561785  0.5493354  -9.552229
0.31376922  0.5477913  -9.533893
0.34218493  0.53689593  -9.537259
0.34591126  0.52092785  -9.551655
0.32350898  0.52124923  -9.532233
0.30475712  0.5308292  -9.497012
0.31320587  0.5285061  -9.481639
0.33885288  0.5214767  -9.50162
0.3528608  0.5166282  -9.544536
0.35182977  0.5190415  -9.600147
0.36611834  0.5243051  -9.631581
0.39286932  0.5336931  -9.627742
0.40593365  0.5506846  -9.610284
0.4132625  0.5681409  -9.616307
0.4284849  0.5741387  -9.642267
0.44961357  0.5725433  -9.654829
0.45987594  0.57359236  -9.642231
0.45198378  0.58822674  -9.6256
0.4460349  0.61262697  -9.634606
0.44288996  0.63644296  -9.68065
0.44497314  0.66188765  -9.71352
0.45183516  0.7036371  -9.695325
0.46238038  0.7676995  -9.620542
0.46375442  0.83880186  -9.554765
0.46396044  0.8975772  -9.548381
0.46972212  0.9495473  -9.606706
0.47470438  1.0009223  -9.68496
0.46181598  1.0400529  -9.754825
0.42566666  1.049849  -9.803937
0.39225888  1.0294844  -9.838614
0.36789894  0.99371094  -9.87068
0.34070304  0.9576025  -9.905753
0.29669285  0.9228088  -9.934281
0.23538607  0.89571697  -9.935472
0.19712603  0.87208873  -9.921299
0.18739688  0.8525977  -9.907395
0.16607587  0.8184534  -9.930697
0.13579315  0.79364806  -9.952431
0.11213601  0.77854747  -9.961887
0.13085432  0.7811573  -9.942773
0.15696032  0.77890235  -9.908742
0.16250373  0.78504914  -9.856063
0.1381642  0.80154514  -9.771577
0.10043741  0.8231208  -9.668027
0.070934065  0.8364276  -9.555625
0.05498348  0.84450024  -9.454413
0.041915495  0.85405403  -9.383426
0.010302265  0.8617125  -9.35071
-0.028338008  0.86185026  -9.350549
-0.06862794  0.85148  -9.366428
-0.097424924  0.842153  -9.38549
-0.11810184  0.84381527  -9.389512
-0.13436475  0.854907  -9.389359
-0.1575462  0.8631881  -9.415002
-0.17466444  0.86147517  -9.483599
-0.16849785  0.8623161  -9.586578
-0.14263916  0.8558743  -9.692318
-0.14936832  0.82891697  -9.787599
-0.20661183  0.76568246  -9.870324
-0.27374247  0.6786248  -9.935603
-0.30329636  0.57812077  -9.973271
-0.29223087  0.4734912  -9.980536
-0.2705007  0.38044742  -9.966287
-0.256976  0.3172399  -9.941913
-0.2542588  0.2916995  -9.916171
-0.2609787  0.29950693  -9.883838
-0.25668678  0.32720837  -9.838351
-0.22663374  0.36065337  -9.7907295
-0.16781187  0.38631368  -9.773548
-0.10968395  0.3957528  -9.793264
-0.09077153  0.3983148  -9.80539
-0.10725077  0.40571535  -9.77769
-0.12080661  0.42191473  -9.720021
-0.11100513  0.43282142  -9.65953
-0.097733594  0.43513235  -9.6068535
-0.101432554  0.44091836  -9.564803
-0.11376629  0.4543396  -9.543708
-0.12390685  0.4622984  -9.547646
-0.09827143  0.46525416  -9.564003
-0.020116473  0.46515194  -9.602611
0.10833744  0.46191382  -9.676047
0.232073  0.44487998  -9.788941
0.30415544  0.41528496  -9.915643
0.32056156  0.39107952  -10.02704
0.2975527  0.36617935  -10.108081
0.27142003  0.31989208  -10.168181
0.26566818  0.2334037  -10.234714
0.28576556  0.11185157  -10.321061
0.31012893  -0.01908827  -10.40075
0.3160024  -0.13896646  -10.415127
0.29669392  -0.23137744  -10.345008
0.25672626  -0.3000615  -10.200832
0.2253507  -0.32970116  -10.022846
0.23603821  -0.32137635  -9.820408
0.29465696  -0.2754412  -9.622342
0.357403  -0.22450204  -9.476201
0.37852564  -0.18143077  -9.406644
0.35805032  -0.14293352  -9.374199
0.33501706  -0.08927245  -9.321253
0.33448878  -0.019098682  -9.244598
0.35887852  0.06743452  -9.176547
0.38500014  0.161771  -9.120816
0.3983499  0.25628635  -9.069
0.39811885  0.32550564  -9.046041
0.39854422  0.3430716  -9.093239
0.4281014  0.31039044  -9.215725
0.49848446  0.25791442  -9.377948
0.60789317  0.23180652  -9.540875
0.7084245  0.23296706  -9.697429
0.76097184  0.22206533  -9.859001
0.7661454  0.16188051  -10.0248575
0.77299243  0.06790497  -10.176968
0.8178418  -0.017977973  -10.291012
0.88405603  -0.06648024  -10.355979
0.9056895  -0.08721885  -10.391921
