0.74305636  1.2325692  -10.264588
0.6718241  1.190437  -10.159365
0.5818464  1.1147774  -10.074628
0.4399282  0.97963595  -9.932796
0.3487151  0.8547201  -9.8625345
0.3131431  0.7733206  -9.8282795
0.28504732  0.7026575  -9.799805
0.24232836  0.63856465  -9.780767
0.2122181  0.60310906  -9.812523
0.20240217  0.6129641  -9.887447
0.1967109  0.6335034  -9.954837
0.18508673  0.63649124  -9.976559
0.17760338  0.62061936  -9.957039
0.18136126  0.5960372  -9.914645
0.18278717  0.5669264  -9.858184
0.17357342  0.5359967  -9.801806
0.16085602  0.51295024  -9.759831
0.1558646  0.49980083  -9.741936
0.15161504  0.48934874  -9.736046
0.13959982  0.46898994  -9.728292
0.12293997  0.44230935  -9.71403
0.11212785  0.41826963  -9.698979
0.10631585  0.39882234  -9.685168
0.099138655  0.37531528  -9.671769
0.08891014  0.34537563  -9.660289
0.08037395  0.31089136  -9.650627
0.074837275  0.27453116  -9.641381
0.06923321  0.24263634  -9.639501
0.060251456  0.22371589  -9.652209
0.04955562  0.21588506  -9.673245
0.041450832  0.20590188  -9.683448
0.03785399  0.18488328  -9.679166
0.037441432  0.1604767  -9.672063
0.037344523  0.1432936  -9.677499
0.03332758  0.13299833  -9.6884365
0.029922748  0.11908885  -9.691108
0.021150343  0.086099565  -9.680902
0.016555266  0.041189216  -9.673987
0.019315496  -0.007465789  -9.672745
0.03917886  -0.048557427  -9.666459
0.06816787  -0.09010118  -9.646893
0.09950129  -0.12819466  -9.631309
0.12770408  -0.15889142  -9.633926
0.14572555  -0.18773359  -9.647813
0.14870769  -0.22442901  -9.6499605
0.1394375  -0.27516434  -9.638806
0.12765805  -0.32776728  -9.628006
0.11890304  -0.380886  -9.618337
0.11073374  -0.44029674  -9.59043
0.1049676  -0.5088351  -9.539262
0.10741352  -0.5747706  -9.488603
0.120551795  -0.6296976  -9.453839
0.14197297  -0.67893076  -9.430919
0.16358912  -0.7329331  -9.409611
0.18580158  -0.79111177  -9.393506
0.20644145  -0.84900767  -9.385638
0.22820361  -0.90264267  -9.391572
0.24962491  -0.94760627  -9.430872
0.26983622  -0.9761452  -9.5275755
0.28415492  -0.99476194  -9.6763525
0.29316628  -1.0187942  -9.827549
0.29021528  -1.0405604  -9.945884
0.26719287  -1.0283568  -10.05645
0.22822195  -0.95616955  -10.196452
0.1955506  -0.8415541  -10.363875
0.18749033  -0.7198386  -10.50242
0.19587308  -0.61722374  -10.575974
0.20114194  -0.54425305  -10.578052
0.19098496  -0.5010962  -10.5209255
0.16666575  -0.485116  -10.420679
0.14431928  -0.48390344  -10.302734
0.13118517  -0.48188403  -10.191955
0.126913  -0.4745315  -10.085296
0.11496878  -0.47313705  -9.961185
0.09148517  -0.48182988  -9.82023
0.058808565  -0.4925113  -9.6933365
0.02473267  -0.49105534  -9.601076
-0.005514782  -0.48744884  -9.523967
-0.026678085  -0.48897794  -9.441072
-0.033827197  -0.48784533  -9.367326
-0.034849606  -0.46933678  -9.3545065
-0.038339797  -0.43418196  -9.42526
-0.04554935  -0.40602994  -9.549393
-0.049140196  -0.3964344  -9.688372
-0.05353016  -0.38330373  -9.843856
-0.07574454  -0.33252218  -10.03081
-0.104979016  -0.22919929  -10.261659
-0.12852812  -0.09667349  -10.510844
-0.13632359  0.015667083  -10.714528
-0.12968238  0.083440654  -10.807242
-0.11102402  0.12428511  -10.791348
-0.07871902  0.18375619  -10.732938
-0.049865324  0.2806773  -10.674548
-0.031280566  0.38786665  -10.591968
-0.02261204  0.4685035  -10.450916
-0.0153364055  0.52020645  -10.251139
-0.008427906  0.5665834  -10.028873
-0.0043024444  0.60670775  -9.811951
0.003270707  0.61009127  -9.587911
0.02283457  0.5460451  -9.338876
0.04893938  0.42862234  -9.073868
0.053371105  0.2904193  -8.847923
0.031746473  0.15102611  -8.70483
0.0055575967  0.034160092  -8.666756
-0.0010897397  -0.03670487  -8.739379
0.013101287  -0.054145608  -8.906975
0.028128393  -0.04465757  -9.133197
0.03402644  -0.03404398  -9.377086
0.029681345  -0.0076367767  -9.625656
0.017622998  0.060515877  -9.885253
0.006891657  0.17218095  -10.141025
0.0010075894  0.30300966  -10.360778
0.0016694497  0.42159128  -10.517292
-0.00895927  0.5137124  -10.61859
-0.03843489  0.5756879  -10.682845
-0.07762633  0.6130326  -10.710143
-0.10167409  0.6250213  -10.663193
-0.09567528  0.6221934  -10.515754
-0.06562155  0.6227871  -10.290566
-0.028575711  0.647325  -10.045485
0.0043814774  0.6807266  -9.812159
0.033208836  0.6859005  -9.580045
0.053979088  0.6367015  -9.309955
0.06071304  0.5419639  -9.007262
0.04687688  0.45518374  -8.745118
0.015689874  0.41667452  -8.609252
-0.0210268  0.42163303  -8.620452
-0.056378167  0.423437  -8.71687
-0.09259641  0.38117597  -8.844314
-0.1303559  0.30980414  -8.992805
-0.159169  0.2438306  -9.174122
-0.1722884  0.19928724  -9.373135
-0.18469472  0.1816628  -9.574422
-0.198054  0.19449125  -9.794669
-0.19582973  0.23427998  -10.014476
-0.16661341  0.27951312  -10.189434
-0.12852415  0.3198481  -10.286647
-0.0881852  0.37032762  -10.334416
-0.043230608  0.46153402  -10.376302
0.007652434  0.5870077  -10.399579
0.0560974  0.7070001  -10.371934
0.094639994  0.77960944  -10.255829
0.12681021  0.8037436  -10.056603
0.14915197  0.8029923  -9.798921
0.15969618  0.77515364  -9.514205
0.15599118  0.7037789  -9.222495
0.14137559  0.59001017  -8.9571905
0.12393867  0.4562442  -8.748799
0.11120499  0.32694373  -8.607245
0.10627681  0.21904261  -8.550654
0.11720762  0.14359368  -8.598498
0.15035206  0.09723878  -8.740769
0.19670267  0.06386881  -8.930459
0.23157161  0.029466346  -9.134671
0.24177969  -0.0070103523  -9.36291
0.22939114  -0.02325649  -9.605129
0.20448427  -1.0292232E-4  -9.842139
0.17769961  0.07583216  -10.054081
0.14845176  0.18511586  -10.253081
0.12662844  0.31030324  -10.436721
0.11270299  0.42217338  -10.584678
0.105999686  0.5047767  -10.67588
0.08878938  0.5462139  -10.69134
0.05940211  0.5600068  -10.639202
0.046030138  0.5720613  -10.526092
0.065099396  0.59132046  -10.356048
0.099368565  0.6104763  -10.117752
0.11826036  0.62542146  -9.831992
0.1344827  0.62542367  -9.549975
0.15866007  0.6035733  -9.288747
0.17241038  0.5612712  -9.061202
0.1456733  0.515466  -8.866879
0.09691892  0.4720631  -8.732483
0.06055972  0.42992118  -8.679468
0.04057236  0.38493168  -8.709884
0.004322151  0.32168078  -8.815614
-0.048967484  0.23152722  -8.972817
-0.09295103  0.13953215  -9.196345
-0.10599453  0.07771864  -9.493983
-0.105826415  0.040659394  -9.824409
-0.10840718  0.03272197  -10.146332
-0.09208033  0.076418616  -10.442502
-0.03755878  0.17090397  -10.686872
0.039157074  0.27021685  -10.838002
0.09882865  0.34825715  -10.894875
0.13579339  0.42533424  -10.885296
0.1524986  0.5223768  -10.808463
0.14489098  0.63078743  -10.661118
0.1212466  0.73762923  -10.469546
0.105616204  0.8286212  -10.255416
0.110067  0.8912511  -10.0011015
0.11624953  0.9057207  -9.715904
0.10704237  0.8636692  -9.430112
0.09145135  0.7661244  -9.180496
0.08060565  0.6296689  -8.962318
0.08233879  0.4787265  -8.772077
0.09120709  0.3415234  -8.617491
0.10307414  0.24063718  -8.535878
0.12516461  0.18861525  -8.571776
0.1583562  0.16469544  -8.704364
0.19072051  0.13681127  -8.873223
0.1995049  0.092290364  -9.047115
0.18806617  0.048413534  -9.259608
0.17703956  0.028558044  -9.533569
0.16515885  0.047070336  -9.825894
0.13984744  0.09614549  -10.072383
0.111895084  0.1787705  -10.276122
0.10680556  0.2749796  -10.466613
0.12053738  0.37443197  -10.641192
0.1248036  0.45353928  -10.753211
0.11825341  0.50355405  -10.769146
0.13626987  0.5435123  -10.70205
0.18442094  0.5879825  -10.560945
0.23277809  0.6327227  -10.337654
0.24937217  0.66136956  -10.038608
0.25341657  0.68524194  -9.731656
0.27485716  0.6992912  -9.460855
0.3022598  0.68038607  -9.2286625
0.29146975  0.61791474  -9.032265
0.23901069  0.544338  -8.898641
0.18729688  0.48787978  -8.841165
0.16975565  0.43079305  -8.806151
0.16929871  0.34723333  -8.781676
0.16897744  0.2349117  -8.80247
0.17361037  0.12894948  -8.9216175
0.19652463  0.054722447  -9.119292
0.23345047  0.022785788  -9.3545265
0.27466428  0.011505579  -9.613719
0.32759896  0.0061383024  -9.887527
0.3789157  0.020759607  -10.175075
0.44201097  0.082707115  -10.44461
0.5112145  0.1844337  -10.645545
0.5949082  0.29831043  -10.760169
0.6699  0.39643946  -10.7823105
0.7140701  0.47508028  -10.7248125
0.7157373  0.5429931  -10.608943
0.6853034  0.61530524  -10.468185
0.6492763  0.7036733  -10.33294
0.62642163  0.7945605  -10.171881
0.61635804  0.86728376  -9.963626
0.61543673  0.9007213  -9.730252
0.6242883  0.88938016  -9.51755
0.6330439  0.82137877  -9.329332
0.63369393  0.72492045  -9.161752
0.6360513  0.6217233  -9.01323
0.65832955  0.5259368  -8.877441
0.6962541  0.42829657  -8.756555
0.72367305  0.33191988  -8.674615
0.73092896  0.26638797  -8.692037
0.7335054  0.24980593  -8.829322
0.7506504  0.26514348  -9.041333
0.779414  0.27210596  -9.266358
0.8094581  0.25135615  -9.485864
0.8378856  0.2308014  -9.723901
0.855807  0.24698345  -9.98542
0.8418177  0.31245753  -10.252724
0.78339964  0.41119537  -10.494355
0.70462245  0.5232802  -10.698979
0.6498355  0.632634  -10.828685
0.6255765  0.71754694  -10.851621
0.5975734  0.7573982  -10.749561
0.54480344  0.7711074  -10.574058
0.4815642  0.78896695  -10.3822
0.44047806  0.83679646  -10.187329
0.42329136  0.9032054  -9.979846
0.4280453  0.94744086  -9.741047
0.4257857  0.9413166  -9.495488
0.39934087  0.9018766  -9.305078
0.3365524  0.8598826  -9.19126
0.2622251  0.821789  -9.121632
0.20948188  0.77150273  -9.029008
0.19643052  0.7071416  -8.923444
0.21290356  0.6328096  -8.862122
0.24477307  0.5581659  -8.871829
0.27591982  0.50164974  -8.94923
0.30004904  0.4618771  -9.108375
0.31571963  0.43447718  -9.359895
0.34198225  0.42548075  -9.685085
0.39334872  0.44299302  -10.008171
0.44106996  0.47445586  -10.297925
0.44159746  0.49766803  -10.54242
0.39240122  0.5406919  -10.752902
0.3225497  0.6237505  -10.901937
0.26383004  0.7251198  -10.963478
0.20152938  0.79974794  -10.9215555
0.12485459  0.8306413  -10.790611
0.028083587  0.8566825  -10.613752
-0.06910329  0.9054665  -10.424811
-0.15188603  0.965233  -10.22118
-0.21230263  0.9882342  -9.975955
-0.2311033  0.9494045  -9.692533
-0.19779728  0.85947734  -9.390801
-0.12250055  0.7395969  -9.096793
-0.039786946  0.6130524  -8.827497
0.0302539  0.49853364  -8.611487
0.09416448  0.4212915  -8.471173
0.15535279  0.39144143  -8.421584
0.20153464  0.39173603  -8.464027
0.2210719  0.39942148  -8.598443
0.22028321  0.3942983  -8.804097
0.22004193  0.37549865  -9.057327
0.22938512  0.3438274  -9.33262
0.24236287  0.29996297  -9.6039
0.22475415  0.24880195  -9.866399
0.17253423  0.20225078  -10.110391
0.09721073  0.18333793  -10.326634
0.0320432  0.19970794  -10.502672
-0.016471656  0.25082126  -10.61477
-0.05581679  0.3256502  -10.671784
-0.10080081  0.4013344  -10.688254
-0.15358166  0.4500802  -10.683602
-0.19556896  0.47495246  -10.61596
-0.21561772  0.4874337  -10.437692
-0.22863907  0.49540305  -10.1526985
-0.2590333  0.5027543  -9.841907
-0.29117864  0.5208321  -9.553623
-0.30114898  0.5510928  -9.306582
-0.2887008  0.55212134  -9.092965
-0.26549774  0.50890905  -8.9306555
-0.24561541  0.45247483  -8.828003
-0.21298648  0.4145913  -8.785245
-0.15922403  0.38734683  -8.798978
-0.07418259  0.3365045  -8.861232
0.019126382  0.2658653  -8.963996
0.087782644  0.21397631  -9.112853
0.115023784  0.20614485  -9.325532
0.12065505  0.23661233  -9.599542
0.13440351  0.2734253  -9.891242
0.14521651  0.3011671  -10.17324
0.121570885  0.32721922  -10.456389
0.051564515  0.37067184  -10.724083
-0.029920919  0.432951  -10.910259
-0.088472724  0.4947013  -10.956557
-0.13355  0.538367  -10.90315
-0.19017577  0.5545854  -10.796893
-0.27083826  0.55027443  -10.652896
-0.3625538  0.5457849  -10.457404
-0.4420873  0.56523615  -10.213901
-0.4932247  0.6210492  -9.948101
-0.4857646  0.68791825  -9.663228
-0.42415762  0.7266858  -9.384089
-0.32646406  0.7119713  -9.153355
-0.23478194  0.6599306  -8.999648
-0.16505331  0.5915893  -8.931569
-0.10532559  0.51901317  -8.899701
-0.048230845  0.444201  -8.878175
-3.7524602E-4  0.38204846  -8.87631
0.027596407  0.33934963  -8.922362
0.046648394  0.31265965  -9.028091
0.07868043  0.2915996  -9.169324
0.11509789  0.27320477  -9.34558
0.15324599  0.25083688  -9.561492
0.1792825  0.21661222  -9.790455
0.18168764  0.17582454  -10.016786
0.1324618  0.14219262  -10.219377
0.04727517  0.120896794  -10.389934
-0.0384765  0.10762352  -10.4862
-0.108469956  0.110812925  -10.490378
-0.18168366  0.1326869  -10.444554
-0.26400343  0.1664821  -10.386874
-0.33902177  0.18931198  -10.322394
-0.38427126  0.19925411  -10.205776
-0.40561676  0.20195393  -10.017302
-0.42067632  0.20943351  -9.785784
-0.42694417  0.22938721  -9.543949
-0.40608013  0.2494996  -9.302566
-0.3545244  0.2419544  -9.088878
-0.30320284  0.19470699  -8.944711
-0.27227056  0.1262183  -8.889081
-0.24752307  0.06331739  -8.872697
-0.20604818  0.015483146  -8.8636675
-0.1382714  -0.028449593  -8.869746
-0.052543182  -0.07285263  -8.918181
0.022614727  -0.11107465  -9.024434
0.06274708  -0.1395746  -9.19252
0.05980809  -0.15659781  -9.426678
0.047051597  -0.16167858  -9.686349
0.021924853  -0.15239629  -9.934472
-0.0327779  -0.13293603  -10.1562
-0.12753995  -0.09856281  -10.330296
-0.23070519  -0.044212576  -10.431949
-0.31097266  0.022877509  -10.4437
-0.3719128  0.07717528  -10.392619
-0.43762758  0.10687786  -10.312458
-0.53336686  0.11177754  -10.238204
-0.6526366  0.09965866  -10.184293
-0.7498166  0.07618578  -10.111804
-0.8008747  0.051366296  -9.963941
-0.8030453  0.040204454  -9.746419
-0.77096033  0.042122383  -9.514883
-0.6963215  0.04191449  -9.330453
-0.5892677  0.027128069  -9.201142
-0.48199472  0.006613897  -9.123275
-0.39375207  -0.004360733  -9.078137
-0.3144467  -0.0031191541  -9.040398
-0.23229623  -0.0032798138  -9.012343
-0.15289353  -0.008863591  -9.001215
-0.10638305  -0.016479073  -9.0350685
-0.094964154  -0.018205693  -9.110038
-0.10056455  -0.014326219  -9.239147
-0.10242083  -0.009270827  -9.419229
-0.105160795  -0.005642234  -9.643998
-0.12655869  -0.0133561855  -9.873763
-0.18798591  -0.042187694  -10.088642
-0.2909607  -0.08735911  -10.295299
-0.41795352  -0.1348973  -10.480197
-0.5292023  -0.17153335  -10.603372
-0.6076694  -0.18994266  -10.631876
-0.66024387  -0.19631684  -10.581239
-0.703434  -0.2012322  -10.494968
-0.7423284  -0.21576639  -10.393977
-0.7698703  -0.23459685  -10.2689905
-0.7910807  -0.24691467  -10.124831
-0.78358823  -0.24886961  -9.954888
-0.7367018  -0.24557865  -9.766961
-0.65411067  -0.25276536  -9.584314
-0.58454114  -0.27727774  -9.457118
-0.5462733  -0.3104014  -9.398254
-0.5102708  -0.336385  -9.355018
-0.44710565  -0.3525034  -9.291123
-0.35696852  -0.36661884  -9.211368
-0.27350435  -0.38354048  -9.152804
-0.21438086  -0.3985785  -9.134648
-0.19131339  -0.40134835  -9.171747
-0.19307874  -0.38996997  -9.275329
-0.20355342  -0.36818075  -9.425633
-0.21092395  -0.33408704  -9.587695
-0.20939307  -0.2840531  -9.729817
-0.2178176  -0.24915838  -9.855815
-0.2566763  -0.26190105  -10.01244
-0.34266567  -0.3044343  -10.183881
-0.46337453  -0.32364157  -10.319633
-0.5856397  -0.30186942  -10.366779
-0.6869273  -0.2732022  -10.344989
-0.7722941  -0.26426572  -10.303723
-0.86627144  -0.2751728  -10.259563
-0.96609443  -0.30961585  -10.20969
-1.0493871  -0.35709444  -10.135094
-1.096041  -0.38126683  -10.037346
-1.0937375  -0.3511865  -9.913753
-1.0446377  -0.28576455  -9.768494
-0.9581031  -0.23009223  -9.618486
-0.87202716  -0.20548783  -9.492143
-0.81453246  -0.20140946  -9.41473
-0.7995226  -0.20086527  -9.383174
-0.8136428  -0.20487012  -9.379386
-0.8420051  -0.2160904  -9.389684
-0.8749568  -0.2311492  -9.408704
-0.9030742  -0.23595048  -9.422795
-0.9276468  -0.23414117  -9.431814
-0.9572783  -0.23771293  -9.464578
-1.0039293  -0.25079206  -9.550773
-1.050748  -0.26718175  -9.673589
-1.0811237  -0.2890496  -9.793931
-1.0972924  -0.32074046  -9.902055
-1.1147648  -0.3540473  -9.99921
-1.1327308  -0.3641499  -10.0646105
-1.1437877  -0.342536  -10.072018
-1.1526209  -0.30695936  -10.039377
-1.1683475  -0.28614366  -9.999755
-1.1917125  -0.2892692  -9.964879
-1.2150623  -0.30850804  -9.919202
-1.2357224  -0.3346418  -9.854967
-1.2664207  -0.3678362  -9.786847
-1.2946204  -0.38517842  -9.732102
-1.2960649  -0.37594673  -9.658936
-1.2514706  -0.35666645  -9.572553
-1.1755759  -0.35879537  -9.492887
-1.0994333  -0.38500902  -9.460823
-1.0296968  -0.41088113  -9.456919
-0.9605234  -0.42623973  -9.457122
-0.8792942  -0.42967948  -9.446798
-0.79616046  -0.4140867  -9.420527
-0.7218035  -0.387642  -9.379854
-0.66096616  -0.36873928  -9.346915
-0.61125404  -0.37025705  -9.346974
-0.5715139  -0.3816572  -9.380033
-0.54477507  -0.38366127  -9.431136
-0.52804273  -0.3690541  -9.492196
-0.5172995  -0.33876267  -9.560346
-0.502222  -0.30733678  -9.628047
-0.47380963  -0.28063247  -9.677886
-0.43054095  -0.25940374  -9.700469
-0.38011754  -0.24076104  -9.70004
-0.34429082  -0.23470847  -9.7068815
-0.32648572  -0.23883264  -9.741338
-0.31112084  -0.24428916  -9.77483
-0.2739204  -0.24794936  -9.771289
-0.2238956  -0.2549086  -9.733457
-0.18199588  -0.26146612  -9.699359
-0.16286701  -0.25640365  -9.680538
-0.15987258  -0.23442458  -9.678837
-0.1607728  -0.21207197  -9.695277
-0.15255864  -0.21177824  -9.737003
-0.15576623  -0.1906683  -9.794614
-0.15602183  -0.17152184  -9.84459
-0.15942483  -0.13587783  -9.877353
-0.159815  -0.106448375  -9.881593
-0.16238116  -0.0662613  -9.873714
-0.15519758  -0.039379973  -9.866954
-0.12481167  -0.048937142  -9.870769
-0.092362195  -0.06332586  -9.870828
-0.07194513  -0.06598767  -9.846505
-0.05019589  -0.06749635  -9.795333
-0.025432153  -0.080332704  -9.739763
0.001716141  -0.09140235  -9.704121
0.014894101  -0.09313127  -9.705373
0.011840501  -0.10530057  -9.723882
0.0049880943  -0.113889806  -9.746524
6.998849E-4  -0.124343954  -9.743653
0.014480672  -0.12478259  -9.71841
0.033758055  -0.13046496  -9.6783495
0.04442263  -0.13593371  -9.672716
0.028680852  -0.13152738  -9.7031145
0.0039026525  -0.1214947  -9.741016
-0.010981884  -0.118672155  -9.759324
-0.016641883  -0.11945493  -9.783868
-0.022150472  -0.1281882  -9.821872
-0.017766416  -0.13067043  -9.83046
-0.004753154  -0.15234594  -9.790515
-0.011713934  -0.18510453  -9.747287
-0.033305068  -0.22311936  -9.722608
-0.047059804  -0.25557122  -9.712997
-0.043397304  -0.28517088  -9.696351
-0.03873885  -0.30375454  -9.6855345
-0.043261692  -0.29101697  -9.6742735
-0.038991597  -0.260343  -9.675976
-0.020358784  -0.24441713  -9.680283
-0.0026924778  -0.26505527  -9.696808
-0.0058761407  -0.28827372  -9.711255
0.0073936447  -0.3199551  -9.711537
0.043007378  -0.31342617  -9.697656
0.105428636  -0.32830247  -9.668624
0.15450294  -0.34199628  -9.65605
0.18037663  -0.38305202  -9.65932
0.1756509  -0.4044678  -9.66709
0.14160323  -0.39111057  -9.643557
0.10081398  -0.3637493  -9.611534
0.0773502  -0.340546  -9.607445
0.060803313  -0.32869568  -9.651252
0.05293368  -0.32559097  -9.715245
0.04604983  -0.33140898  -9.770084
0.048812095  -0.34242395  -9.794162
0.060540657  -0.33481884  -9.786752
0.07271862  -0.3237101  -9.759449
0.08094732  -0.3098857  -9.756047
0.0724307  -0.3003296  -9.781094
0.061700147  -0.28615683  -9.817069
0.059362113  -0.26766983  -9.805814
0.08402458  -0.2686956  -9.767018
0.11593941  -0.2817723  -9.730447
0.14030059  -0.29982743  -9.717603
0.14929177  -0.31448555  -9.6955185
0.15572603  -0.31711975  -9.661141
0.15243582  -0.32083282  -9.664794
0.14394055  -0.3092545  -9.720744
0.15431322  -0.28663287  -9.780638
0.1742237  -0.24875486  -9.814136
0.18876076  -0.20939022  -9.821794
0.18642233  -0.175794  -9.831111
0.18683629  -0.15213512  -9.826088
0.19209261  -0.15499716  -9.8135
0.18973769  -0.17511578  -9.77921
0.17898197  -0.19917227  -9.742067
0.16999066  -0.20259447  -9.69871
0.17294697  -0.19557028  -9.668914
0.16894263  -0.21019058  -9.663382
0.14393865  -0.25875705  -9.687119
0.10082083  -0.29305527  -9.724154
0.07001475  -0.30349967  -9.749396
0.061284706  -0.28581247  -9.750891
0.07412885  -0.27450654  -9.742637
0.09800171  -0.2744244  -9.754017
0.13066259  -0.2869424  -9.78861
0.14611185  -0.3052032  -9.828858
0.1462229  -0.30675066  -9.845186
0.13464308  -0.29229233  -9.835233
0.13710111  -0.2822818  -9.811913
0.15001447  -0.28239724  -9.791312
0.15920246  -0.29249242  -9.784912
0.15507337  -0.29823127  -9.784598
0.14478213  -0.3011502  -9.785072
0.14020659  -0.30634162  -9.784088
0.14023364  -0.31034365  -9.791353
0.13530557  -0.31558228  -9.799276
0.12760569  -0.31098816  -9.789474
0.11855185  -0.30480576  -9.771862
0.11484433  -0.2942601  -9.759286
0.11989156  -0.28364298  -9.756436
0.1283022  -0.27671173  -9.749202
0.13606423  -0.27498314  -9.733832
0.14188509  -0.27617076  -9.716669
0.15018632  -0.2711842  -9.700309
0.16276877  -0.26001015  -9.690525
0.17318666  -0.2439216  -9.685719
0.18117498  -0.22301649  -9.691133
0.18147741  -0.20933641  -9.709567
0.18255574  -0.20250134  -9.741029
0.18560624  -0.20173144  -9.790131
0.201165  -0.19557828  -9.83456
0.22795196  -0.1848499  -9.859406
0.26303253  -0.18137854  -9.853919
0.29560766  -0.18441457  -9.842366
0.3100585  -0.1842788  -9.855065
0.3070549  -0.17792232  -9.871556
0.3004764  -0.16996229  -9.890191
0.29993  -0.17011404  -9.883925
0.30735782  -0.17214167  -9.86962
0.30746207  -0.15542789  -9.837905
0.29209736  -0.1346028  -9.813106
0.26676065  -0.118936904  -9.797589
0.25397456  -0.12161533  -9.800845
0.25471666  -0.1209775  -9.802199
0.25059506  -0.10919378  -9.805179
0.23173706  -0.10131728  -9.798878
0.21738912  -0.10302168  -9.794141
0.22068155  -0.11211958  -9.803403
0.24183428  -0.113762416  -9.799829
0.26130238  -0.10914409  -9.781268
0.27741465  -0.11468896  -9.745765
0.28999892  -0.12446966  -9.723599
0.29870787  -0.129357  -9.72248
0.30080208  -0.12143588  -9.731503
0.29292265  -0.112319194  -9.7426195
0.28701857  -0.11128783  -9.744782
0.28568926  -0.115022905  -9.741565
0.28591955  -0.120819815  -9.735816
0.2858837  -0.12543976  -9.731647
0.2844527  -0.13201143  -9.728473
0.28052136  -0.14517216  -9.7226
0.27243468  -0.16468306  -9.716568
0.26736227  -0.18932366  -9.703323
0.27319482  -0.20626432  -9.683292
0.28309724  -0.21451855  -9.658642
0.2888212  -0.21407408  -9.632458
0.28160772  -0.21508048  -9.612878
0.26894355  -0.22043593  -9.608241
0.2534897  -0.22571166  -9.6220045
0.24485433  -0.2241921  -9.625481
0.2548648  -0.22325142  -9.585949
0.28160736  -0.22619951  -9.5432005
0.31114545  -0.23869872  -9.504826
0.33083564  -0.24277554  -9.504555
0.33531967  -0.23909841  -9.510002
0.33925834  -0.24312828  -9.531512
0.3550801  -0.25491372  -9.539066
0.39079583  -0.26436237  -9.5332575
0.42264393  -0.25817892  -9.515961
0.4507711  -0.2561123  -9.508037
0.47742483  -0.26454315  -9.500729
0.5102364  -0.26986876  -9.497323
0.53956515  -0.26083064  -9.493062
0.5640731  -0.25033668  -9.487788
0.5838942  -0.24796759  -9.50171
0.6060529  -0.25518954  -9.526167
0.6307427  -0.2507919  -9.551404
0.66798884  -0.2462994  -9.563855
0.7074309  -0.24980469  -9.566558
0.7468992  -0.2643278  -9.569869
0.782393  -0.27367738  -9.577629
0.8075575  -0.27407205  -9.60024
0.82679844  -0.2658433  -9.640395
0.85236984  -0.24841116  -9.685547
0.8926778  -0.22893739  -9.738036
0.9383642  -0.21887226  -9.78716
0.9753911  -0.22568393  -9.825105
0.9958566  -0.23234618  -9.849532
0.9930172  -0.22671747  -9.870659
0.9641381  -0.21121264  -9.898473
0.91496116  -0.19516338  -9.919324
0.8636487  -0.18475942  -9.925225
0.8169562  -0.16784282  -9.913769
0.776642  -0.1437153  -9.885628
0.73804146  -0.11529436  -9.845931
0.70182496  -0.094234824  -9.8057375
0.6685354  -0.07825217  -9.778868
0.6357172  -0.06369703  -9.7656975
0.60172653  -0.04407464  -9.763055
0.5701508  -0.028007254  -9.762397
0.5460708  -0.023158072  -9.769839
0.53122145  -0.03464651  -9.777191
0.521542  -0.050721183  -9.774806
0.5143857  -0.06008848  -9.752521
0.5125124  -0.060263842  -9.71713
0.5111904  -0.049975336  -9.679033
0.51033765  -0.029018303  -9.6432085
0.51014334  -0.0017891029  -9.616969
0.5132355  0.018595707  -9.603883
0.52138186  0.022729998  -9.603768
0.523752  0.020517223  -9.60728
0.512928  0.02824791  -9.623162
0.48496142  0.044294816  -9.667313
0.45259938  0.054815356  -9.739947
0.4355576  0.044604596  -9.822899
0.44603467  0.014461495  -9.894334
0.46978197  -0.008849895  -9.95107
0.4803135  0.005523324  -9.992561
0.45439026  0.058237955  -10.013104
0.39549437  0.1012687  -10.013295
0.31583276  0.10023116  -9.988903
0.23116459  0.058479954  -9.952351
0.15525757  0.013733622  -9.915372
0.09639251  -0.023139805  -9.889166
0.057572786  -0.05014116  -9.872368
0.037653074  -0.070916645  -9.853984
0.039598793  -0.08744838  -9.832656
0.057081223  -0.10696614  -9.803827
0.08680641  -0.14496192  -9.77623
0.123641856  -0.19617419  -9.757823
0.16244952  -0.23631096  -9.741864
0.19628645  -0.24945587  -9.716939
0.21960342  -0.24297322  -9.676609
0.23823373  -0.24077268  -9.631228
0.25609183  -0.25360134  -9.588399
0.27482262  -0.27347526  -9.551064
0.29182348  -0.2852708  -9.517879
0.30543008  -0.28124812  -9.496155
0.31283194  -0.26470113  -9.4943285
0.31755698  -0.25119147  -9.522685
0.3140695  -0.24654455  -9.579042
0.3016155  -0.24704118  -9.662201
0.28270695  -0.24359918  -9.7692995
0.2687494  -0.22811282  -9.886491
0.2593025  -0.19857466  -9.993358
0.23951095  -0.15816382  -10.0700445
0.19629228  -0.120787084  -10.120201
0.12999125  -0.10581806  -10.150067
0.044958044  -0.11413989  -10.160324
-0.05141905  -0.13040489  -10.143291
-0.15406525  -0.12465323  -10.099093
-0.25991455  -0.08232449  -10.036565
-0.35491607  -0.030721026  -9.957982
-0.41706416  -0.015418511  -9.8685465
-0.42846438  -0.06136094  -9.77665
