-0.12888719  0.07361989  -10.468308
-0.15358153  0.17306879  -10.126971
-0.19157153  0.25365433  -9.872327
-0.24935167  0.3788123  -9.4795065
-0.26985875  0.43471065  -9.323663
-0.24312238  0.43898177  -9.304011
-0.19766212  0.434967  -9.315407
-0.1719945  0.43661705  -9.311771
-0.15201376  0.43549454  -9.324898
-0.1334524  0.42156005  -9.360858
-0.10125715  0.40212038  -9.426561
-0.07451869  0.38823748  -9.495842
-0.05731009  0.3830123  -9.539544
-0.06560488  0.37811828  -9.555409
-0.08249375  0.375106  -9.555192
-0.09074357  0.37594423  -9.553428
-0.08553883  0.3842268  -9.551078
-0.08009768  0.3960869  -9.5479965
-0.07757286  0.41308793  -9.536645
-0.074353404  0.43437096  -9.523633
-0.059971314  0.46129847  -9.513408
-0.040023915  0.48821315  -9.513968
-0.019244341  0.51556367  -9.526092
-0.00288958  0.5431537  -9.541007
0.014301271  0.57328993  -9.551899
0.03622665  0.604605  -9.559632
0.055137053  0.63574404  -9.561055
0.06451283  0.6628973  -9.559295
0.066061586  0.6850457  -9.553592
0.06988183  0.7024085  -9.547108
0.07814384  0.7159805  -9.542352
0.08700952  0.7250908  -9.540436
0.090646304  0.73108524  -9.539688
0.09161622  0.7364672  -9.532867
0.09123177  0.741957  -9.519762
0.08815869  0.7488506  -9.508555
0.07434953  0.7638529  -9.493683
0.051829707  0.7856044  -9.476949
0.031737085  0.80869675  -9.451867
0.02280479  0.83075905  -9.437818
0.028949833  0.8577425  -9.446156
0.0366436  0.89782923  -9.482509
0.04105564  0.94357723  -9.525941
0.040768463  0.987689  -9.557473
0.043964148  1.025407  -9.56696
0.050281912  1.0619097  -9.554568
0.046373468  1.101431  -9.516557
0.03468626  1.146544  -9.455204
0.022929676  1.1959645  -9.388719
0.01534764  1.2446116  -9.335971
0.0033866474  1.286324  -9.311839
-0.018831259  1.3199912  -9.325246
-0.043108355  1.3539119  -9.37012
-0.061388552  1.3955745  -9.423411
-0.07676767  1.4424464  -9.467149
-0.097834565  1.4854149  -9.499336
-0.13267086  1.511303  -9.551342
-0.17410302  1.5220245  -9.648728
-0.206748  1.5293347  -9.78008
-0.22606035  1.5404376  -9.905286
-0.23631252  1.5424986  -9.996877
-0.24531968  1.5096145  -10.0837145
-0.23833156  1.4379069  -10.191253
-0.20851715  1.3492541  -10.299288
-0.16689324  1.2763101  -10.36567
-0.13741936  1.2337908  -10.390468
-0.12844265  1.2170653  -10.385619
-0.13132757  1.2151012  -10.356048
-0.13170023  1.2175773  -10.289581
-0.12887049  1.2179153  -10.197972
-0.12689176  1.2045885  -10.091875
-0.12760681  1.1719173  -9.989481
-0.1132374  1.1227278  -9.901921
-0.07740002  1.0753703  -9.847672
-0.037769962  1.0461137  -9.808894
-0.016312165  1.0325676  -9.748677
-0.014299795  1.0288475  -9.646934
-5.981897E-4  1.0290706  -9.5170145
0.02713035  1.0321976  -9.414561
0.063557796  1.0281795  -9.387906
0.08721611  1.0149223  -9.451673
0.10597091  1.0054383  -9.582358
0.1374188  1.0102087  -9.74308
0.18527871  1.0179296  -9.920933
0.22375272  0.9963348  -10.114652
0.2381757  0.9352813  -10.308188
0.23166396  0.8385732  -10.467753
0.22248189  0.72826767  -10.559488
0.20885889  0.61554295  -10.574424
0.19838388  0.5153441  -10.52988
0.20036344  0.42689326  -10.462551
0.21888848  0.3472964  -10.399606
0.23930566  0.2810676  -10.317468
0.25076652  0.23405175  -10.1726265
0.25512698  0.19540878  -9.967067
0.25922152  0.1553757  -9.74794
0.25605845  0.12143135  -9.558265
0.23571174  0.120808996  -9.371694
0.1987306  0.16253309  -9.158988
0.16891383  0.23540659  -8.933099
0.15898651  0.3066003  -8.748105
0.1558863  0.3565154  -8.635659
0.13729481  0.38822803  -8.590465
0.10270372  0.41493312  -8.605625
0.077049695  0.44204822  -8.71113
0.067367524  0.46561494  -8.907986
0.063378595  0.4920857  -9.171309
0.041619852  0.525769  -9.458012
1.9088387E-5  0.5479955  -9.719478
-0.04790607  0.52008194  -9.934863
-0.0814755  0.43098906  -10.112491
-0.07752131  0.31382552  -10.274522
-0.04255404  0.20740008  -10.421159
-2.2974176E-5  0.11822655  -10.551003
0.026781728  0.030090606  -10.672395
0.028427126  -0.049983412  -10.760132
0.0091017075  -0.10951075  -10.754445
-0.030203527  -0.15284716  -10.629556
-0.08675337  -0.2022158  -10.418437
-0.14437181  -0.2634777  -10.171683
-0.17418717  -0.31020078  -9.913388
-0.16520688  -0.317382  -9.648649
-0.12488761  -0.27657422  -9.371818
-0.07350489  -0.20272796  -9.103673
-0.0096966345  -0.11859128  -8.881255
0.04651962  -0.05407084  -8.741231
0.077723294  -0.017014032  -8.691577
0.08818692  0.0062160133  -8.7274885
0.11018988  0.03791766  -8.844735
0.15459193  0.08773527  -9.020645
0.19021569  0.14527218  -9.237353
0.21022062  0.19519357  -9.499783
0.2378581  0.2135994  -9.820403
0.2679954  0.18025059  -10.179608
0.24732547  0.1010255  -10.523248
0.13856061  0.010660716  -10.776311
-0.006026602  -0.049559552  -10.884551
-0.100697726  -0.071592726  -10.838733
-0.11205796  -0.08475534  -10.70816
-0.08270141  -0.1165672  -10.550198
-0.07333017  -0.18672246  -10.37346
-0.08030699  -0.28815746  -10.198364
-0.0702949  -0.3932495  -10.045731
-0.010534347  -0.46616825  -9.879823
0.07314673  -0.47384515  -9.669103
0.14559953  -0.40933928  -9.412126
0.18702279  -0.29114684  -9.174927
0.17832346  -0.16328835  -8.991784
0.1323055  -0.05663016  -8.854816
0.06860147  0.021207444  -8.748162
0.020730464  0.079631865  -8.662507
-0.009515771  0.11356968  -8.650091
-0.036703568  0.12769003  -8.753866
-0.059346203  0.13890181  -8.961658
-0.056122165  0.17236428  -9.22628
-0.047457892  0.20699948  -9.48729
-0.030571109  0.20199694  -9.721588
-0.005571794  0.13658555  -9.926154
0.050564576  0.046897914  -10.119526
0.10578624  -0.025168998  -10.287635
0.11466753  -0.069188766  -10.406623
0.076243296  -0.10528199  -10.50352
0.02270995  -0.14327627  -10.604858
-0.017030818  -0.18281831  -10.673935
-0.03406633  -0.21653926  -10.622832
-0.043583993  -0.25611678  -10.437411
-0.048848134  -0.3036094  -10.158042
-0.06578351  -0.3565887  -9.839184
-0.09237325  -0.38680795  -9.500131
-0.099615216  -0.3620158  -9.1447115
-0.054964017  -0.28337315  -8.798923
0.045575052  -0.19462472  -8.525388
0.16066185  -0.13877188  -8.416827
0.23845188  -0.12145553  -8.505445
0.26395366  -0.1067953  -8.715226
0.27375925  -0.078830354  -8.947417
0.3330563  -0.014422613  -9.167939
0.4329715  0.08984801  -9.375197
0.4908006  0.21348794  -9.573834
0.45943594  0.30019265  -9.757373
0.359612  0.29594353  -9.9466715
0.26975656  0.18485455  -10.17821
0.19599001  0.021724507  -10.419419
0.1514784  -0.12120452  -10.597793
0.11385119  -0.20286267  -10.660873
0.09068508  -0.24865739  -10.638583
0.08173946  -0.28511524  -10.576887
0.10368556  -0.31222335  -10.46448
0.1522934  -0.33029082  -10.293004
0.20078342  -0.36053476  -10.091568
0.22620203  -0.41886318  -9.884332
0.24794126  -0.46817657  -9.680962
0.24982609  -0.46229276  -9.471492
0.22534327  -0.38507295  -9.261074
0.16312176  -0.2738439  -9.061957
0.112841286  -0.17897774  -8.914068
0.097706355  -0.120439686  -8.853114
0.11262766  -0.07183472  -8.834153
0.14196973  -0.004518363  -8.793263
0.16728878  0.08011264  -8.7390585
0.15848644  0.14803581  -8.774413
0.116302244  0.18749125  -8.967378
0.066581696  0.21738873  -9.2869215
0.04847325  0.24190883  -9.620028
0.06626212  0.23419088  -9.896224
0.098027706  0.16153729  -10.123715
0.13965118  0.04776666  -10.338162
0.174928  -0.061327573  -10.5374975
0.20188445  -0.13760035  -10.666352
0.2178908  -0.20148645  -10.711675
0.22490026  -0.2805834  -10.721324
0.21574469  -0.36661816  -10.728535
0.15209483  -0.4438435  -10.676628
0.037237544  -0.50409144  -10.486904
-0.053771723  -0.5579315  -10.155527
-0.07461438  -0.59535295  -9.802155
-0.026608443  -0.5842399  -9.50891
0.025882445  -0.487563  -9.255094
0.0864818  -0.32999015  -9.000123
0.13647385  -0.17743193  -8.78091
0.17404044  -0.09888572  -8.696732
0.18669014  -0.081421204  -8.770622
0.19824784  -0.06990049  -8.929429
0.19447397  -0.02206912  -9.079716
0.17074062  0.0591905  -9.178197
0.14726387  0.14528437  -9.271647
0.15556741  0.2208531  -9.430652
0.18552475  0.27539596  -9.649848
0.19611542  0.28313187  -9.898633
0.17652021  0.21493699  -10.159069
0.13226677  0.0892958  -10.421214
0.073729545  -0.031276986  -10.618626
0.01254411  -0.104151584  -10.687736
-0.021596065  -0.14830124  -10.651792
-0.028440693  -0.20553409  -10.591167
-0.011556409  -0.28834316  -10.5464
0.022012869  -0.37890995  -10.488933
0.07577214  -0.45481518  -10.347974
0.12637566  -0.51185274  -10.092753
0.14337683  -0.5348894  -9.766719
0.12044525  -0.49551728  -9.421184
0.0928001  -0.3774453  -9.077358
0.07288218  -0.22863215  -8.764122
0.06511139  -0.1085755  -8.559032
0.05322395  -0.041093443  -8.5204
0.028057277  0.00785064  -8.596892
-0.008012139  0.06371368  -8.705887
-0.051295478  0.1326051  -8.812222
-0.078315854  0.20209022  -8.946372
-0.07897152  0.26110354  -9.146516
-0.077004276  0.30806875  -9.426316
-0.08158799  0.334546  -9.706214
-0.04296842  0.31970358  -9.938095
0.033596557  0.2452659  -10.122136
0.1251703  0.12978949  -10.320259
0.16995966  0.02220693  -10.5177355
0.17555492  -0.037732366  -10.638258
0.15583356  -0.06563453  -10.630435
0.119517975  -0.101374604  -10.54069
0.09678877  -0.17917149  -10.452109
0.098459095  -0.28537092  -10.413409
0.105430014  -0.37932488  -10.351451
0.08062422  -0.4424052  -10.170419
0.03430965  -0.47370687  -9.888843
0.013326039  -0.4541839  -9.565366
0.01962419  -0.3664421  -9.243731
0.038714737  -0.2356685  -8.938106
0.06493997  -0.12188818  -8.706406
0.11394939  -0.0552603  -8.597672
0.15671685  -0.024015168  -8.615595
0.16941196  1.849903E-4  -8.718435
0.16948058  0.04163481  -8.86069
0.1900388  0.122223854  -8.998028
0.2243827  0.22911489  -9.141102
0.239892  0.32615796  -9.337375
0.22439115  0.35576698  -9.612263
0.19196512  0.28285524  -9.961535
0.15069398  0.12296865  -10.368864
0.10104153  -0.04831478  -10.748258
0.034423072  -0.15540789  -10.96714
-0.048125546  -0.19113354  -10.937205
-0.10591754  -0.20302975  -10.745346
-0.10421249  -0.23135294  -10.513031
-0.0337654  -0.2894342  -10.323928
0.052290287  -0.36412594  -10.16875
0.113036394  -0.4427396  -10.009918
0.16008973  -0.5094449  -9.801878
0.20959185  -0.54541117  -9.576053
0.21229519  -0.5222412  -9.362475
0.16909029  -0.4354571  -9.17163
0.093047835  -0.32039142  -8.9769945
0.046468157  -0.22214834  -8.799571
0.0375962  -0.15245996  -8.693504
0.059146494  -0.09022405  -8.689662
0.08782939  -0.02032244  -8.770312
0.091355585  0.06322106  -8.887553
0.07262484  0.14527203  -9.025508
0.060939025  0.2159641  -9.207596
0.06274982  0.24689555  -9.4520035
0.06983743  0.2268147  -9.733991
0.06976818  0.14983256  -10.011981
0.10365584  0.057016466  -10.256742
0.16633473  -0.025845006  -10.452189
0.22264867  -0.08873924  -10.592572
0.23228739  -0.14968775  -10.703312
0.21551682  -0.20835678  -10.780934
0.20616429  -0.25616089  -10.792815
0.1915011  -0.29412854  -10.710284
0.14814924  -0.34316626  -10.541924
0.08508284  -0.41082263  -10.324998
0.05057645  -0.48123714  -10.076636
0.062166154  -0.503915  -9.815665
0.08802169  -0.44448295  -9.532208
0.10292238  -0.30601147  -9.217992
0.12172381  -0.14643638  -8.914992
0.18052356  -0.033232074  -8.73325
0.26002005  0.010195094  -8.7435
0.3086687  0.02062457  -8.872193
0.30861554  0.04544789  -9.016956
0.3017242  0.106328964  -9.128283
0.31887415  0.18964463  -9.2565565
0.33946982  0.27837852  -9.438534
0.31678578  0.32403338  -9.671636
0.24130845  0.28569442  -9.954211
0.14237471  0.16954435  -10.240818
0.047455292  0.05091982  -10.4719095
-0.021587724  -0.01557386  -10.586425
-0.04002303  -0.044178903  -10.616897
-0.003996232  -0.086013354  -10.630627
0.047356192  -0.15087661  -10.640191
0.07689536  -0.2211482  -10.5967045
0.09050467  -0.27858785  -10.470536
0.11960611  -0.31978604  -10.248672
0.15545815  -0.35506704  -9.958843
0.17869179  -0.3649261  -9.642342
0.17449184  -0.33161712  -9.33426
0.16512795  -0.23801386  -9.050537
0.12983242  -0.12198871  -8.809033
0.064919904  -0.024387203  -8.660281
-0.014321151  0.033180665  -8.640424
-0.05032977  0.07469426  -8.71927
-0.03858854  0.12577222  -8.830415
-0.01939501  0.19503619  -8.930082
-0.031442005  0.26397863  -9.028764
-0.042015467  0.3203484  -9.193316
-0.037062846  0.36215878  -9.435955
-0.01560637  0.36519787  -9.724687
0.021854194  0.31328312  -9.992625
0.08132603  0.21307743  -10.207457
0.15614931  0.11018458  -10.370904
0.19240169  0.022765258  -10.478938
0.18651493  -0.049827784  -10.526748
0.18016708  -0.11447636  -10.533733
0.20125781  -0.1719148  -10.535588
0.23049898  -0.22065598  -10.513651
0.20581329  -0.26264226  -10.418542
0.14125896  -0.29896638  -10.208981
0.0967347  -0.33873114  -9.922
0.10880867  -0.35414055  -9.623813
0.15970674  -0.30450606  -9.326896
0.21570198  -0.19390057  -9.058248
0.27378783  -0.087059565  -8.858483
0.32546556  -0.034486704  -8.77627
0.35484627  -0.015231795  -8.788866
0.35223922  0.020427166  -8.8359
0.34535018  0.08511305  -8.890896
0.3491203  0.16192828  -8.964831
0.35954654  0.22827585  -9.077539
0.34927902  0.2773366  -9.251996
0.3160044  0.31474146  -9.494397
0.2703669  0.3203154  -9.758782
0.21670054  0.26073954  -10.019897
0.14913858  0.1280608  -10.284236
0.08396998  -0.02277714  -10.533059
0.047802627  -0.1277815  -10.694919
0.04318547  -0.18123019  -10.713347
0.048672263  -0.21707077  -10.616701
0.061264005  -0.26150012  -10.467019
0.10062492  -0.3209732  -10.319127
0.17055075  -0.38148102  -10.184608
0.23534036  -0.43490472  -10.018466
0.2834752  -0.47097918  -9.78938
0.3086762  -0.4641032  -9.50506
0.3112877  -0.40007734  -9.217124
0.2884131  -0.28673854  -8.968274
0.24455912  -0.17595935  -8.782703
0.21262948  -0.083594054  -8.682427
0.18630572  -0.0047073276  -8.660618
0.16075431  0.074751  -8.694735
0.1349198  0.14489253  -8.760319
0.10979742  0.19785076  -8.867169
0.081704706  0.23757048  -9.025954
0.044965852  0.26844883  -9.249829
8.8963076E-4  0.3026671  -9.522817
-0.021641405  0.31610414  -9.793938
0.0013640951  0.28075776  -10.043865
0.0501468  0.18785854  -10.259793
0.09203279  0.08168243  -10.445643
0.09801203  0.0034765725  -10.569946
0.0818786  -0.057686668  -10.618466
0.057971597  -0.1271017  -10.616394
0.0225586  -0.2082218  -10.590149
-0.016136492  -0.27842152  -10.524133
-0.051845852  -0.32427815  -10.390504
-0.07019447  -0.3526154  -10.178437
-0.06589217  -0.38055968  -9.907708
-0.03239904  -0.39143148  -9.6385355
0.022167439  -0.3481454  -9.396881
0.0860808  -0.24112664  -9.176124
0.14726092  -0.115751475  -8.983293
0.21947801  -0.016884793  -8.851805
0.2988765  0.05590735  -8.813901
0.34811246  0.12064127  -8.85155
0.3373861  0.18090291  -8.943833
0.28023908  0.23570085  -9.065979
0.22496654  0.29190952  -9.203403
0.18528122  0.34950268  -9.365667
0.14697559  0.39862478  -9.5749655
0.0852095  0.39170957  -9.844033
0.0048790793  0.3069608  -10.169265
-0.08198699  0.17090923  -10.479321
-0.1524543  0.05194919  -10.707688
-0.19651656  -0.020163633  -10.803261
-0.19798143  -0.0682477  -10.802174
-0.16064957  -0.114661135  -10.735295
-0.10304886  -0.15885022  -10.617976
-0.0394531  -0.19807716  -10.467019
0.02914468  -0.2401085  -10.299736
0.097598515  -0.28583202  -10.101182
0.15398476  -0.33156192  -9.853076
0.1756754  -0.34264246  -9.57903
0.14473458  -0.2924553  -9.302541
0.08999145  -0.17543598  -9.038608
0.042231455  -0.035472114  -8.795229
0.021017648  0.075259306  -8.63132
0.0078495685  0.14264911  -8.598916
-0.013810265  0.17864917  -8.690879
-0.02211384  0.20833814  -8.842011
-0.017365882  0.24579197  -9.008895
0.0014307039  0.2935493  -9.181284
0.017256228  0.34022775  -9.379428
0.026443599  0.3459042  -9.599719
0.05031061  0.29256454  -9.851761
0.09700347  0.1932571  -10.104563
0.17309575  0.09791678  -10.328477
0.25504717  0.029823916  -10.482555
0.29759386  -0.023720494  -10.580129
0.2858052  -0.080138616  -10.633109
0.24096553  -0.14055936  -10.643021
0.210096  -0.19273414  -10.585641
0.20388901  -0.23175262  -10.455114
0.19056891  -0.27220082  -10.263721
0.16924179  -0.3222699  -10.029465
0.15373462  -0.37754634  -9.777471
0.17395799  -0.3815616  -9.506593
0.21036328  -0.3104954  -9.202908
0.26042128  -0.19151181  -8.923039
0.32567477  -0.090011746  -8.742569
0.39738533  -0.032273356  -8.7098875
0.4295729  0.0037031963  -8.757885
0.3975326  0.03841203  -8.832277
0.35263896  0.07934853  -8.935339
0.33660606  0.13282683  -9.079825
0.3600714  0.20812471  -9.246888
0.37347457  0.29571974  -9.448856
0.36645827  0.3543409  -9.677296
0.32519218  0.32559088  -9.958735
0.2715408  0.20905189  -10.2497
0.20760126  0.06288072  -10.503222
0.1510042  -0.04226075  -10.650503
0.13252895  -0.094936125  -10.683127
0.17482756  -0.12379416  -10.641814
0.26350823  -0.15185025  -10.552899
0.34048745  -0.18421249  -10.437364
0.37355444  -0.22488827  -10.306884
0.3715949  -0.27550754  -10.17165
0.35892057  -0.3278117  -9.998061
0.3492609  -0.339182  -9.771062
0.3200355  -0.28262556  -9.478115
0.28143546  -0.16060287  -9.167668
0.23576075  -0.023873756  -8.880025
0.18155156  0.08200729  -8.672543
0.13126582  0.14103787  -8.576455
0.10182849  0.17015164  -8.594945
0.11565721  0.19811392  -8.707001
0.14721571  0.24167258  -8.865502
0.16264549  0.29850793  -9.046132
0.16461563  0.3605393  -9.249389
0.14494139  0.41101697  -9.480335
0.13204361  0.40785682  -9.72828
0.15053852  0.3311992  -10.002577
0.21833356  0.21227075  -10.262191
0.30365288  0.110827126  -10.471717
0.3631036  0.051456988  -10.570212
0.38998067  0.008355317  -10.585698
0.40915325  -0.042794663  -10.581624
0.4217454  -0.102627724  -10.582344
0.39807868  -0.15426584  -10.530547
0.33232698  -0.19809316  -10.367742
0.24671626  -0.2506545  -10.114334
0.18796504  -0.32586172  -9.82314
0.15525864  -0.39370683  -9.556637
0.16564214  -0.3891897  -9.284242
0.2025141  -0.29600504  -9.006456
0.26742363  -0.16512202  -8.768395
0.33803463  -0.075390294  -8.663621
0.3838015  -0.041189276  -8.720801
0.37595955  -0.020597676  -8.850686
0.32964864  0.024129586  -8.975812
0.29438424  0.09596331  -9.076683
0.30339846  0.18299074  -9.187745
0.3359958  0.2790432  -9.323452
0.36358318  0.37451616  -9.500934
0.356235  0.41793355  -9.710637
0.3315754  0.35331738  -10.000066
0.2915354  0.18635786  -10.3545265
0.25032988  -0.005427333  -10.711394
0.21763743  -0.14307952  -10.949463
0.20144372  -0.21057272  -11.00121
0.20661037  -0.2416888  -10.903127
0.21530603  -0.2700248  -10.7095995
0.21278846  -0.30950093  -10.480175
0.20458286  -0.3631842  -10.247479
0.21545565  -0.42076507  -10.015481
0.27152798  -0.46613026  -9.7839575
0.3490816  -0.4524953  -9.545754
0.38669452  -0.36821207  -9.287602
0.3606801  -0.2423877  -9.031314
0.2857169  -0.12338009  -8.807114
0.19552167  -0.031840265  -8.6814575
0.112226546  0.0404096  -8.658787
0.053592037  0.10125866  -8.691321
0.031641986  0.15703101  -8.748858
0.040600464  0.21230276  -8.86076
0.06665787  0.26670516  -9.053033
0.07775009  0.31662664  -9.316947
0.05378696  0.34818473  -9.580074
0.026094869  0.3322432  -9.817055
0.04308188  0.24823658  -10.056111
0.12027502  0.12114656  -10.306908
0.21330364  0.012554181  -10.522937
0.27839872  -0.044727314  -10.627579
0.30865514  -0.07290379  -10.6203375
0.3084012  -0.11911566  -10.57171
0.27674052  -0.19716753  -10.515399
0.21863447  -0.29270247  -10.426219
0.1432959  -0.3913679  -10.260182
0.07414854  -0.49177673  -10.028322
0.036355287  -0.57724327  -9.772216
0.04720651  -0.59083766  -9.536803
0.082836635  -0.48716655  -9.276996
0.12615228  -0.30278435  -8.976044
0.16065814  -0.12526323  -8.68065
0.19405936  -0.013420891  -8.508489
0.21934386  0.044698846  -8.508002
0.23535663  0.09095206  -8.618446
0.24523526  0.14747149  -8.767591
0.26502186  0.22028755  -8.931563
0.30237535  0.30517492  -9.129897
0.33440402  0.38548276  -9.393449
0.32687235  0.41979465  -9.69462
0.25036573  0.36037537  -10.024751
0.14816988  0.22135855  -10.348897
0.05303793  0.06790646  -10.621091
-0.0010561483  -0.04043339  -10.7651415
-0.041104972  -0.106015526  -10.745984
-0.05147132  -0.1557963  -10.64798
-0.025403263  -0.20604855  -10.55795
0.047060892  -0.25894025  -10.495651
0.12816276  -0.31379417  -10.404199
0.19353205  -0.36498773  -10.250047
0.24910922  -0.41417077  -10.031972
0.30209818  -0.44803938  -9.793017
0.31451845  -0.43454742  -9.551574
0.26322877  -0.33992016  -9.296151
0.18738823  -0.18152468  -9.027051
0.14101838  -0.029754229  -8.776288
0.11341143  0.060157154  -8.635606
0.05387035  0.1049343  -8.653123
-0.012751404  0.15064746  -8.798973
-0.032531444  0.22856128  -8.995357
-0.015734702  0.32355538  -9.178282
-0.003391924  0.4223783  -9.366969
-0.011622138  0.5011449  -9.59032
-0.003938276  0.52058005  -9.836984
0.04190229  0.44832623  -10.072761
0.09387443  0.3080257  -10.276211
0.12464738  0.17003238  -10.442082
0.115485884  0.073310345  -10.557433
0.099667884  0.008117759  -10.629401
0.09157335  -0.05372945  -10.674267
0.0874693  -0.1184267  -10.70092
0.06879784  -0.18362157  -10.68397
0.02898618  -0.25683144  -10.608607
-0.020052077  -0.34132525  -10.447636
-0.052069996  -0.42815253  -10.174384
-0.059219316  -0.46373177  -9.814579
-0.031222237  -0.400264  -9.396266
0.019190926  -0.25111106  -8.999722
0.08355099  -0.092975594  -8.712994
0.14175229  0.004350245  -8.614423
0.19604206  0.041881394  -8.694822
0.24062656  0.06758643  -8.83877
0.26834413  0.12140292  -8.953481
0.26192772  0.20398436  -9.020644
0.22413105  0.2832133  -9.0986595
0.17094415  0.33694604  -9.254841
0.1290677  0.37465358  -9.50246
0.10561279  0.38238177  -9.792052
0.09875399  0.33138695  -10.07904
0.07564269  0.21515746  -10.338213
0.025955578  0.07725525  -10.556701
-0.051097203  -0.038284484  -10.713239
-0.1085521  -0.12086823  -10.790535
-0.094108544  -0.18021925  -10.761796
-0.024521107  -0.22100456  -10.628196
0.04505446  -0.25883675  -10.425197
0.08802053  -0.29818952  -10.209592
0.13410544  -0.34618917  -9.979284
0.19747996  -0.38849118  -9.719334
0.2346239  -0.39267302  -9.444854
0.21329129  -0.3278679  -9.185449
0.16279094  -0.20686501  -8.96219
0.11831156  -0.07621903  -8.786637
0.10413227  0.03362492  -8.683515
0.10594664  0.1202803  -8.670283
0.11283509  0.18826032  -8.750564
0.104621924  0.23837785  -8.88298
0.084796526  0.28554997  -9.018455
0.06322402  0.34600222  -9.126336
0.049330484  0.42154083  -9.256766
0.02684865  0.4695158  -9.4502535
0.020908466  0.4427499  -9.721137
0.051141728  0.3377624  -10.022845
0.12365373  0.20868117  -10.295611
0.20915635  0.108563185  -10.489747
0.27627832  0.042336315  -10.593421
0.31299916  -0.013758105  -10.646226
0.30571756  -0.07389212  -10.664191
0.266623  -0.13838871  -10.646101
0.2160865  -0.19778728  -10.561404
0.18415074  -0.24040662  -10.378056
0.17385559  -0.27127674  -10.088959
0.17066097  -0.3075446  -9.737405
0.17975925  -0.31643772  -9.402408
0.2155054  -0.25387678  -9.107076
0.28133073  -0.12684232  -8.850646
0.3390751  -0.004226424  -8.662467
0.38627657  0.07146371  -8.605026
0.42833766  0.11808733  -8.677989
0.4629939  0.16512252  -8.824764
0.46378174  0.21995765  -8.960808
0.42809567  0.2775264  -9.071318
0.38654223  0.32851076  -9.195743
0.35673878  0.37005603  -9.4038725
0.32708767  0.37508932  -9.676951
0.27976117  0.3156201  -9.977256
0.21252538  0.18993938  -10.248112
0.14822648  0.049490053  -10.465658
0.09536553  -0.06500989  -10.597435
0.05723107  -0.15657286  -10.654134
0.033328082  -0.24089348  -10.652492
0.046950508  -0.30672026  -10.574643
0.11065548  -0.3459859  -10.426871
0.20093043  -0.37415585  -10.261193
0.28977898  -0.41217944  -10.117427
0.35659635  -0.4621136  -9.947717
0.405861  -0.48119926  -9.726172
0.41880322  -0.43158385  -9.453546
0.38779923  -0.3126693  -9.185866
0.30634606  -0.17547363  -8.956822
0.20828652  -0.054995  -8.794205
0.13008867  0.04328488  -8.709985
0.09609746  0.124184914  -8.696584
0.083014585  0.17644845  -8.769081
0.05199617  0.20177142  -8.915145
0.0038433715  0.22807343  -9.093926
-0.034515355  0.27045634  -9.269507
-0.04550289  0.33229738  -9.46876
-0.0494536  0.36641863  -9.711196
-0.04644714  0.33423313  -9.998676
-0.033883255  0.22360335  -10.277337
0.01853194  0.09635981  -10.518295
0.09281635  0.0073117646  -10.668956
0.15442213  -0.041981462  -10.710605
0.1658836  -0.09528517  -10.680028
0.14237513  -0.17357284  -10.626735
0.12535948  -0.25866657  -10.585044
0.13435866  -0.3228862  -10.514353
0.1459438  -0.3609927  -10.364932
0.14127637  -0.39360943  -10.103354
0.13053794  -0.4090624  -9.796843
0.1430316  -0.37288335  -9.490945
0.18987064  -0.27044877  -9.2177725
0.25132152  -0.14671315  -8.978861
0.31830844  -0.04888907  -8.825971
0.38419712  0.014677736  -8.778991
0.43030414  0.066322654  -8.802087
0.43170103  0.11928868  -8.850992
0.388131  0.1725296  -8.920136
0.33544675  0.22031444  -9.038649
0.28923368  0.26277137  -9.212982
0.24662392  0.3074881  -9.437981
0.20163058  0.36388674  -9.695025
0.15502714  0.3875105  -9.950093
0.09958595  0.32467106  -10.21531
0.04189438  0.17613773  -10.469176
-0.0062410333  0.0120262625  -10.669129
-0.0340566  -0.089325905  -10.723552
-0.04694817  -0.12763323  -10.60939
-0.03669202  -0.14698072  -10.404466
0.01948282  -0.18681896  -10.207398
0.10771533  -0.2646021  -10.09414
0.18160625  -0.36443648  -10.048263
0.2178946  -0.47047317  -9.9916315
0.23797816  -0.52735895  -9.870595
0.2543887  -0.49961904  -9.664821
0.26142606  -0.37880054  -9.406636
0.23419277  -0.22249608  -9.122437
0.18843316  -0.082168974  -8.884402
0.14679717  0.025108412  -8.747327
0.12499424  0.11566193  -8.698081
0.10362915  0.19648655  -8.689165
0.07077743  0.2609621  -8.709456
0.034349058  0.30799982  -8.782924
0.021705287  0.34981284  -8.932807
0.02854149  0.40126014  -9.147572
0.025732433  0.45625636  -9.396126
0.015017185  0.47817567  -9.656817
0.018143456  0.43110076  -9.9423275
0.047990084  0.32260454  -10.243256
0.09457467  0.19839017  -10.508461
0.13399638  0.10657621  -10.654691
0.15436876  0.049228866  -10.668129
0.1395507  0.0025425935  -10.603457
0.09484738  -0.047710497  -10.506734
0.044833746  -0.1012182  -10.374553
0.01644994  -0.15095182  -10.199454
0.018619014  -0.20398122  -9.995819
0.040650997  -0.27500868  -9.779185
0.06662878  -0.3252834  -9.579746
0.10602074  -0.29956427  -9.368234
0.16150738  -0.18886985  -9.149398
0.21457921  -0.061145198  -8.952103
0.25108832  0.011399246  -8.8656
0.29004097  0.04238606  -8.923477
0.33208108  0.08363154  -9.038703
0.33921656  0.15826845  -9.128368
0.2892515  0.24201165  -9.173253
0.22176503  0.3146516  -9.221118
0.18477416  0.39029536  -9.296523
0.18360697  0.47956204  -9.402928
0.17661284  0.5328049  -9.53916
0.14776026  0.47542608  -9.774624
0.09662294  0.30528447  -10.131236
0.03874567  0.100832164  -10.518052
-0.03993057  -0.05504686  -10.776558
-0.11609297  -0.14487892  -10.831646
-0.1469156  -0.19320185  -10.754909
-0.10680065  -0.2266469  -10.626252
-0.029977137  -0.26665792  -10.49331
0.034950368  -0.31877887  -10.349633
0.07690234  -0.3771895  -10.181766
0.12395183  -0.42367485  -9.979854
0.1680731  -0.42582306  -9.743922
0.18068933  -0.35505643  -9.467514
0.15020218  -0.2227215  -9.176248
0.08498875  -0.072464116  -8.92022
0.013748627  0.04976267  -8.757103
-0.045935016  0.12909883  -8.702351
-0.072141014  0.17270148  -8.734156
-0.06359255  0.19232172  -8.829067
-0.03966096  0.205337  -8.958228
-0.020820862  0.22590251  -9.098037
-0.015416951  0.26198936  -9.241517
-0.011695986  0.32098582  -9.414317
-0.004728447  0.3576256  -9.605731
0.028692009  0.3377547  -9.822211
0.08155157  0.24987404  -10.032818
0.15029465  0.15099461  -10.230267
0.20090283  0.07047302  -10.370602
0.20658553  8.933898E-5  -10.434072
0.18086661  -0.081161864  -10.437232
0.15270756  -0.16566943  -10.404374
0.14825684  -0.22968704  -10.328285
0.16419019  -0.27285704  -10.20602
0.17572017  -0.31948018  -10.050157
0.17586009  -0.38931954  -9.891475
0.17030974  -0.44467628  -9.753006
0.17306064  -0.41198555  -9.578636
0.18847509  -0.27912498  -9.325062
0.22352064  -0.11272245  -9.029885
0.2895395  0.0031028811  -8.8077
0.3697741  0.058018226  -8.734502
0.43959013  0.09521037  -8.763496
0.47629523  0.14855276  -8.824357
0.4819579  0.2119359  -8.894343
0.45305312  0.25886336  -8.994332
0.39281666  0.2848114  -9.143761
0.32194138  0.31643003  -9.340747
0.26251125  0.36388636  -9.583183
0.22087955  0.38270354  -9.85265
0.19478528  0.32494217  -10.138304
0.18580274  0.18740685  -10.401176
0.19153018  0.041204114  -10.617459
0.18490946  -0.054995015  -10.728551
0.15288697  -0.08757181  -10.693345
0.11659044  -0.092047505  -10.53312
0.103586465  -0.10889858  -10.324486
0.120490275  -0.15510492  -10.1529665
0.14685641  -0.22144437  -10.038035
0.15792437  -0.29609594  -9.931669
0.16025817  -0.32955196  -9.800898
0.14070688  -0.292948  -9.618037
0.10630407  -0.18316072  -9.420692
0.060472537  -0.061336678  -9.233238
0.026363118  0.04061302  -9.092369
0.010230272  0.1267104  -8.990116
8.576109E-4  0.21199326  -8.90853
-0.0015007281  0.28417507  -8.858572
1.05587766E-4  0.31875283  -8.8858
0.0036085285  0.32096422  -8.995911
0.00551156  0.3159037  -9.154019
-0.004616827  0.3266127  -9.322547
-0.015380602  0.36211205  -9.511829
-0.021574205  0.38402763  -9.719823
0.008035318  0.3596487  -9.953826
0.05990837  0.27408794  -10.1967
0.120518684  0.17947163  -10.428014
0.17156546  0.11383919  -10.589965
0.19597816  0.06995196  -10.652535
0.18331896  0.012078129  -10.640216
0.1421717  -0.06613519  -10.59093
0.1187584  -0.14295188  -10.530076
0.13904978  -0.20411555  -10.452
0.1843037  -0.26432765  -10.333575
0.21661937  -0.32826266  -10.143222
0.22538263  -0.36203873  -9.888141
0.21676822  -0.32611623  -9.592909
0.20738904  -0.21961541  -9.312995
0.20111257  -0.10863883  -9.074261
0.22187668  -0.033490054  -8.903813
0.27668732  0.009085909  -8.816377
0.35893956  0.05261365  -8.812153
0.42813602  0.10336608  -8.889693
0.4521068  0.14956336  -9.018567
0.4311453  0.1912375  -9.156236
0.39638552  0.2424906  -9.280108
0.37567964  0.30582654  -9.418262
0.36214995  0.35796073  -9.585439
0.33797327  0.36251846  -9.770121
0.29940364  0.29155004  -9.944911
0.24866454  0.1635196  -10.131424
0.20113601  0.022904774  -10.320871
0.15767013  -0.080103464  -10.467168
0.14337039  -0.13423412  -10.508816
0.16910881  -0.15212846  -10.438025
0.22241573  -0.15972929  -10.316297
0.2716056  -0.1744998  -10.204696
0.30705792  -0.19513243  -10.1069
0.33884978  -0.21732491  -9.955865
0.3721178  -0.21720748  -9.742721
0.3736272  -0.18528147  -9.500847
0.33187842  -0.11519569  -9.278195
0.2573044  -0.03219114  -9.073075
0.17862993  0.05002847  -8.884061
0.117259465  0.12851156  -8.73093
0.08026934  0.19729549  -8.635432
0.06405878  0.24097778  -8.621037
0.05191374  0.25963956  -8.686629
0.03166469  0.27111483  -8.808898
0.012961076  0.29238412  -8.969935
0.012396756  0.32916948  -9.180554
0.022491982  0.36009917  -9.43022
0.05093587  0.3588462  -9.698007
0.105283014  0.30300215  -9.945987
0.1839412  0.22661503  -10.169319
0.25418603  0.15337135  -10.356994
0.2907658  0.08068779  -10.502157
0.28874317  -0.009939536  -10.616741
0.26216358  -0.103165664  -10.695117
0.22937836  -0.17131567  -10.709613
0.21283735  -0.213781  -10.642373
0.2103271  -0.2562255  -10.50236
0.20903917  -0.30925253  -10.301234
0.2107166  -0.3547349  -10.062411
0.22793907  -0.35740212  -9.812573
0.25705966  -0.289202  -9.578213
0.29192087  -0.17618228  -9.341274
0.3287107  -0.056069333  -9.124779
0.3843011  0.028995832  -8.973235
0.43590286  0.08408207  -8.922671
0.4530023  0.12622197  -8.949414
0.4156587  0.16359137  -9.018928
0.3639414  0.20226224  -9.122376
0.3461689  0.24092293  -9.258172
0.35574088  0.2865835  -9.435094
0.35499927  0.32370776  -9.624583
0.3268542  0.3144485  -9.811618
0.29869175  0.23560238  -10.012811
0.2794035  0.10520503  -10.236252
0.25024554  -0.028624207  -10.457986
0.20390348  -0.13955991  -10.604592
0.1662577  -0.21781377  -10.656876
0.16590929  -0.2613133  -10.614502
0.20599957  -0.27526748  -10.504799
0.2614111  -0.28389075  -10.359006
0.30248114  -0.30555728  -10.209289
0.3074619  -0.3494662  -10.047933
0.30115196  -0.3857117  -9.866019
0.28508547  -0.38507673  -9.652413
0.2492822  -0.31984738  -9.417408
0.1865276  -0.22752202  -9.182594
0.11630549  -0.13960433  -8.992505
0.057404593  -0.060648452  -8.877408
0.009530339  0.032103058  -8.796032
-0.015840484  0.13688459  -8.715351
-0.00821304  0.22392344  -8.66335
0.01151538  0.27599883  -8.703831
0.019986153  0.30272755  -8.858308
0.02217316  0.32683516  -9.111995
0.022514723  0.34459412  -9.4179125
0.031679105  0.32049835  -9.728183
0.055210814  0.23266518  -10.0097885
0.113754846  0.1119257  -10.247806
0.19383167  0.013182786  -10.421388
0.23528118  -0.049197838  -10.499053
0.21632464  -0.09862185  -10.503925
0.16454825  -0.16481955  -10.49512
0.14196159  -0.23742843  -10.503471
0.15077102  -0.3034325  -10.488015
0.15547585  -0.34915662  -10.406657
0.1430165  -0.38488567  -10.233659
0.13444312  -0.40845105  -10.021199
0.14938353  -0.39394212  -9.809085
0.1755959  -0.32173645  -9.593002
0.20207459  -0.2113089  -9.3526535
0.23261328  -0.11037388  -9.113449
0.26487043  -0.041194033  -8.945901
0.29167506  0.012076079  -8.862651
0.3103892  0.072637655  -8.8315325
0.31475607  0.14179875  -8.831344
0.305892  0.20187499  -8.909694
0.2798778  0.24287403  -9.072917
0.25801563  0.27498052  -9.295846
0.2567759  0.32832664  -9.537314
0.27212697  0.38638034  -9.780261
0.27236912  0.3859417  -10.053841
0.23426509  0.27433753  -10.34319
0.17412595  0.1006527  -10.600003
0.12462161  -0.04647697  -10.733056
0.07497707  -0.11806723  -10.705838
0.025979659  -0.1551249  -10.575367
0.007122492  -0.20019875  -10.422947
0.06421912  -0.2734628  -10.318698
0.16520667  -0.35981974  -10.269036
0.24557686  -0.44278812  -10.219655
0.29033127  -0.4939543  -10.104034
0.32003874  -0.48118567  -9.9042635
0.34654224  -0.39456096  -9.647525
0.34210202  -0.26954898  -9.398037
0.29103342  -0.1680764  -9.207909
0.23985547  -0.099515684  -9.107503
0.21917777  -0.036316942  -9.045455
0.2290355  0.05348968  -8.951624
0.21941496  0.14944883  -8.808065
0.17636971  0.2160369  -8.690559
0.12451079  0.2367927  -8.695052
0.08117915  0.23327637  -8.840362
0.045528848  0.24212116  -9.056024
0.0042638523  0.2766445  -9.291294
-0.048212845  0.3071579  -9.549535
-0.0849036  0.3005825  -9.8500395
-0.07857648  0.23944275  -10.149137
-0.015909242  0.14797364  -10.399894
0.06117675  0.056380603  -10.571407
0.11172696  -0.015294845  -10.660293
0.12160049  -0.0777511  -10.663544
0.109813966  -0.14670765  -10.571584
0.10545415  -0.23311858  -10.431667
0.12572907  -0.32422233  -10.287002
0.15075643  -0.4214358  -10.14911
0.16289371  -0.4960772  -10.001859
0.16477291  -0.5068688  -9.803923
0.18605508  -0.41703734  -9.560111
0.23455721  -0.28498358  -9.315251
0.28982604  -0.19496195  -9.160799
0.34217545  -0.1906255  -9.144258
0.37438095  -0.21966346  -9.20652
0.3653413  -0.22750866  -9.26452
0.30493644  -0.19231518  -9.252507
0.23631704  -0.12933369  -9.16055
0.19571237  -0.05863661  -9.033218
0.17300491  0.003597765  -8.961661
0.119887866  0.047439594  -9.019437
0.032917287  0.075267695  -9.206071
-0.04457721  0.09435558  -9.452527
-0.07759645  0.10432706  -9.700971
-0.08451811  0.07563469  -9.931397
-0.101174586  -0.011374476  -10.168993
-0.13578923  -0.14830849  -10.401866
-0.162639  -0.30308536  -10.5896845
-0.16813833  -0.443687  -10.68314
-0.15256117  -0.56475383  -10.661347
-0.109954394  -0.6700597  -10.568857
-0.0479167  -0.77620643  -10.459759
0.014993526  -0.8847688  -10.340498
0.060524818  -0.969667  -10.193257
0.081474125  -1.0115745  -10.02048
0.082383096  -0.9999099  -9.868954
0.06704176  -0.9590378  -9.751541
0.05395895  -0.91812307  -9.658676
0.047051877  -0.9052519  -9.591977
0.050658673  -0.9169674  -9.557445
0.06329521  -0.9283158  -9.538003
0.08989874  -0.9209085  -9.495044
0.12088879  -0.90985876  -9.428771
0.1518674  -0.92110294  -9.382022
0.17566366  -0.96384716  -9.396451
0.19932406  -1.0168653  -9.47041
0.22370858  -1.0500079  -9.575667
0.25362003  -1.0449476  -9.68035
0.27975416  -1.0141228  -9.7703905
0.29479748  -0.98544174  -9.844161
0.28931054  -0.98423  -9.918857
0.27803132  -1.0137078  -9.994093
0.26956823  -1.0614773  -10.056344
0.26027063  -1.1212968  -10.100581
0.22819388  -1.1862978  -10.124415
0.17719476  -1.2527117  -10.120608
0.14019962  -1.3091748  -10.075924
0.12982765  -1.3618046  -9.996326
0.13043405  -1.41398  -9.902064
0.12254119  -1.4576896  -9.784728
0.116301  -1.4611244  -9.652352
0.13167576  -1.4176469  -9.511592
0.17722344  -1.3412968  -9.402722
0.24398522  -1.2484775  -9.340132
0.30442432  -1.1551522  -9.322257
0.3333193  -1.062123  -9.3181715
0.3220819  -0.9833675  -9.30495
0.30328038  -0.9155509  -9.28801
0.29930025  -0.8569414  -9.287075
0.31777367  -0.80505466  -9.292174
0.33925328  -0.7608302  -9.304371
0.35351303  -0.72828597  -9.317745
0.33902696  -0.69973063  -9.339658
0.29226014  -0.66687346  -9.369473
0.22844507  -0.63192606  -9.413154
0.16951765  -0.60489076  -9.478959
0.13168107  -0.5863764  -9.535824
0.0995545  -0.5660617  -9.570575
0.067520656  -0.53074974  -9.575824
0.03864148  -0.47290638  -9.568026
0.02350793  -0.4081349  -9.547769
0.033347208  -0.34843802  -9.557513
0.037261963  -0.30884424  -9.593993
0.029144943  -0.29529634  -9.643423
0.011858366  -0.2996219  -9.667664
0.014023312  -0.30059126  -9.679909
0.039004434  -0.27756086  -9.694604
0.07142809  -0.2259167  -9.694276
0.09021323  -0.1586893  -9.681233
0.10079711  -0.08807402  -9.668864
0.123891525  -0.034245055  -9.675397
0.1673476  -0.013113983  -9.702071
0.21239595  -0.023159044  -9.74318
0.24807881  -0.039471105  -9.786124
0.27323946  -0.037418835  -9.8224535
0.2901739  -0.017684812  -9.850929
0.295622  0.0038382814  -9.872825
0.2976658  0.020803496  -9.870064
0.29532576  0.0498137  -9.83651
0.2871584  0.08830445  -9.797996
0.2760249  0.1354579  -9.768988
0.26769146  0.16878647  -9.754553
0.26458776  0.18881543  -9.747981
0.25760934  0.18807183  -9.752097
0.25258908  0.1851822  -9.759694
0.24667425  0.18559241  -9.763305
0.24256308  0.1959337  -9.759299
0.22846694  0.20760866  -9.757087
0.22189455  0.2123367  -9.769517
0.22507095  0.2099524  -9.800252
0.2374539  0.20976365  -9.827271
0.24658406  0.22775884  -9.82031
0.24649964  0.2601717  -9.7893305
0.2503654  0.29792356  -9.7632
0.2539766  0.32135746  -9.769313
0.2478016  0.32866552  -9.789137
0.22802329  0.32846537  -9.814603
0.19427504  0.32421732  -9.803557
0.17847669  0.31318927  -9.776511
0.16995783  0.2988432  -9.757365
0.17131394  0.29473147  -9.7619295
0.1658215  0.30100867  -9.764454
0.16531616  0.31052718  -9.741967
0.16044573  0.30964884  -9.726463
0.15336864  0.3032966  -9.71317
0.14028949  0.29447553  -9.703252
0.1268614  0.287082  -9.698638
0.12256121  0.2928098  -9.700301
0.14001684  0.3213297  -9.694222
0.16454156  0.35859576  -9.67331
0.17188866  0.37839463  -9.651223
0.15778129  0.36459127  -9.64873
0.14846289  0.33499074  -9.656364
0.15112643  0.3106824  -9.67295
0.16024715  0.29202297  -9.695615
0.16538076  0.28563708  -9.710828
0.16867012  0.2842928  -9.714378
0.17006065  0.28296158  -9.709614
0.1635171  0.27089718  -9.708529
0.14799249  0.25609994  -9.713538
0.13130637  0.24862988  -9.71476
0.12868468  0.25290576  -9.719878
0.13774878  0.26416543  -9.716163
0.14979051  0.2800565  -9.705933
0.14461826  0.29091468  -9.682776
0.13706428  0.29157132  -9.652211
0.13803816  0.28796524  -9.627602
0.16107634  0.28670272  -9.626395
0.18634026  0.28961384  -9.646929
0.20089312  0.29036286  -9.666593
0.20192158  0.28840837  -9.660263
0.20161267  0.27621993  -9.649467
0.21048675  0.25999257  -9.647567
0.22720148  0.25024498  -9.661056
0.24143356  0.25930437  -9.665544
0.25442046  0.2825102  -9.650945
0.26236138  0.29785028  -9.639682
0.27772108  0.30443004  -9.6494255
0.28907135  0.30281118  -9.671394
0.2983742  0.30666623  -9.6805725
0.29898217  0.30981395  -9.682742
0.2925677  0.3068806  -9.684986
0.28737882  0.2982444  -9.683861
0.28242353  0.29231665  -9.675418
0.27360138  0.2867234  -9.663866
0.26319945  0.28388837  -9.666331
0.26300645  0.28044707  -9.664781
0.27734601  0.28647086  -9.662095
0.29684153  0.29593536  -9.65826
0.30467597  0.30032882  -9.681008
0.2977847  0.2995348  -9.71043
0.28155196  0.29412958  -9.716424
0.26959756  0.29003397  -9.700208
0.2679646  0.28387728  -9.688935
0.274561  0.2795628  -9.705918
0.28513205  0.2891492  -9.716667
0.28996006  0.31192854  -9.706103
0.28465948  0.3321607  -9.679272
0.27032474  0.33299637  -9.662135
0.25659683  0.31265545  -9.665933
0.2588704  0.302649  -9.678054
0.26672962  0.31091273  -9.695823
0.2686654  0.33193985  -9.708976
0.2543053  0.34281313  -9.709994
0.23588318  0.33644596  -9.712043
0.2257014  0.31897956  -9.716896
0.22869761  0.30506358  -9.735902
0.23723726  0.30325714  -9.750083
0.23871319  0.30818257  -9.757887
0.22621678  0.30498955  -9.757089
0.19763762  0.29068056  -9.750264
0.16982724  0.26831433  -9.747555
0.1474817  0.25443298  -9.745355
0.13239211  0.2452013  -9.742812
0.11923321  0.24161859  -9.735614
0.110870086  0.23289923  -9.731718
0.11151156  0.22430646  -9.73207
0.12068018  0.22025065  -9.736108
0.1295737  0.22418106  -9.741816
0.13650592  0.22879855  -9.748077
0.13868165  0.22981757  -9.748859
0.13684712  0.22620274  -9.739436
0.12740467  0.22495455  -9.739822
0.11191968  0.22239389  -9.752658
0.09230542  0.22177823  -9.773422
0.07966941  0.22906983  -9.767259
0.0801433  0.24281001  -9.743457
0.08858085  0.24998121  -9.736045
0.09172034  0.24238138  -9.748902
0.08679543  0.23808277  -9.76223
0.08393216  0.24711151  -9.750587
0.08748767  0.2577468  -9.742904
0.09323285  0.24623157  -9.756714
0.0983301  0.22134535  -9.781895
0.10630811  0.20290339  -9.79894
0.11474788  0.20617694  -9.793212
0.11599189  0.21134935  -9.780372
0.11153996  0.20704557  -9.757577
0.10989177  0.19086283  -9.731082
0.1151011  0.17685588  -9.701369
0.1265999  0.17804807  -9.674779
0.13497539  0.19080508  -9.662747
0.13669896  0.20210274  -9.662907
0.13329042  0.19999945  -9.674714
0.13231188  0.19017553  -9.687646
0.1388336  0.18457162  -9.699359
0.15894392  0.18419433  -9.715325
0.17727049  0.18813615  -9.73407
0.19174416  0.18758774  -9.759404
0.19465417  0.18799223  -9.77416
0.19474487  0.19044904  -9.77401
0.19201452  0.19780095  -9.758109
0.18566246  0.20146962  -9.746685
0.18122888  0.19849674  -9.747355
0.17640066  0.1919886  -9.751289
0.16573025  0.18647398  -9.749507
0.14707576  0.18062757  -9.74602
0.13287397  0.17302495  -9.746944
0.13180478  0.16771042  -9.745725
0.14215665  0.16813727  -9.735932
0.15357815  0.16938053  -9.7215
0.1587122  0.16857378  -9.714135
0.15891275  0.16300686  -9.714894
0.158114  0.15906905  -9.716675
0.16117962  0.15652476  -9.717743
0.1654763  0.15410912  -9.721124
0.17027102  0.15271223  -9.728874
0.16975625  0.15221444  -9.7343
0.16743648  0.15103807  -9.739722
0.16316415  0.14723317  -9.747758
0.16085418  0.14467363  -9.753173
0.16188325  0.1480584  -9.751693
0.16252595  0.15433653  -9.746264
0.15988697  0.15829605  -9.748389
0.15471183  0.16320832  -9.756934
0.15085237  0.17361915  -9.76836
0.14923726  0.18609293  -9.780494
0.14491948  0.19365977  -9.792466
0.14106338  0.19597448  -9.799432
0.13636641  0.20137246  -9.796858
0.13268502  0.20996583  -9.7914
0.12646367  0.21496002  -9.792022
0.120374  0.21350767  -9.800884
0.119953565  0.21185946  -9.801345
0.12691443  0.21850048  -9.777459
0.12785427  0.22710036  -9.74107
0.121135525  0.23204829  -9.711899
0.11253902  0.23158765  -9.701869
0.111700915  0.23526031  -9.692872
0.1077157  0.24521084  -9.679465
0.09567598  0.25677043  -9.664065
0.088528425  0.26650658  -9.657049
0.09501225  0.27273378  -9.657821
0.105210036  0.2777224  -9.6637125
0.10485221  0.27982125  -9.673669
0.100735866  0.28253886  -9.68163
0.10409065  0.288466  -9.682502
0.1242803  0.29599273  -9.679437
0.14545073  0.30298293  -9.677896
0.15560757  0.31030288  -9.676688
0.15568916  0.3205228  -9.670539
0.15655728  0.33212924  -9.662602
0.16205333  0.34124815  -9.654513
0.16381742  0.35138187  -9.644837
0.16162086  0.36638424  -9.62982
0.16293631  0.38410845  -9.619668
0.16913736  0.39854303  -9.619119
0.1721247  0.42100406  -9.6127825
0.17485356  0.44210768  -9.602874
0.18180959  0.46140948  -9.594167
0.19384742  0.46268085  -9.60188
0.20261413  0.45987687  -9.609565
0.19973534  0.46641752  -9.598301
0.1914389  0.48971  -9.569595
0.18313973  0.5214572  -9.540794
0.18392535  0.5475538  -9.526314
0.19153361  0.569601  -9.514793
0.19773078  0.600098  -9.492517
0.20141351  0.6350383  -9.479077
0.1980542  0.6665736  -9.486579
0.18778855  0.69195074  -9.517423
0.1807601  0.7271695  -9.545424
0.1826094  0.77115315  -9.575905
0.1880737  0.82027435  -9.610824
0.1872195  0.8623788  -9.652649
0.19061802  0.89628524  -9.695342
0.20924406  0.91976625  -9.740657
0.23425879  0.9331266  -9.785079
0.25223002  0.9356943  -9.815523
0.26480517  0.937668  -9.817863
0.27901557  0.9418442  -9.793476
0.28561568  0.93740726  -9.762528
0.28463057  0.91073364  -9.748389
0.26788703  0.8577006  -9.754037
0.23788364  0.7901066  -9.779312
0.19700511  0.72088057  -9.814467
0.15136303  0.6649757  -9.844939
0.12286664  0.6277794  -9.84388
0.087187625  0.6113627  -9.826848
0.058734328  0.60263616  -9.805362
0.027174508  0.60166115  -9.797395
0.010224373  0.6012007  -9.776918
-0.0021065082  0.6088118  -9.753735
-0.009742641  0.6019475  -9.745064
-0.016315902  0.5950043  -9.742389
-0.029362923  0.5905486  -9.722898
-0.053142976  0.604207  -9.674256
-0.07241813  0.62067443  -9.622913
-0.07544196  0.6245673  -9.596905
-0.0622057  0.61855453  -9.586186
-0.051140223  0.6077713  -9.573764
-0.053152695  0.6023534  -9.5522585
-0.061727613  0.60093385  -9.538886
-0.06721867  0.59478015  -9.542796
-0.069018066  0.5868096  -9.552014
-0.07277127  0.5718382  -9.580731
-0.07663089  0.5469005  -9.641357
-0.054356348  0.5122078  -9.73102
