-0.08169229  0.061492648  -9.650205
-0.07796162  0.06450036  -9.651037
-0.07096536  0.0619029  -9.649065
-0.05838963  0.06666246  -9.652211
-0.04161468  0.07555639  -9.662652
-0.027321478  0.09078077  -9.676928
-0.01739663  0.103098445  -9.691443
-0.0146127865  0.11411426  -9.701285
-0.015045484  0.12511082  -9.715352
-0.01595487  0.13339236  -9.723965
-0.015812298  0.13737607  -9.727795
-0.015723182  0.13671088  -9.724727
-0.01432244  0.13389356  -9.723382
-0.011917646  0.13041157  -9.726115
-0.007787989  0.12778763  -9.728994
-0.0043577193  0.12460152  -9.728568
-0.0026633767  0.12209564  -9.72511
-0.0020691247  0.12183764  -9.725659
4.3162203E-5  0.12362336  -9.734311
0.0033519547  0.12360432  -9.747407
0.005264418  0.12180223  -9.757743
0.004809167  0.119232096  -9.763237
0.0029643364  0.11755177  -9.764464
0.0025599524  0.11657902  -9.765946
0.0038845858  0.11773941  -9.768531
0.0067597297  0.1197323  -9.773719
0.008695777  0.120795526  -9.777004
0.008654068  0.119804144  -9.77496
0.007141024  0.11830974  -9.770859
0.0074389465  0.11598796  -9.772947
0.00865133  0.109145045  -9.782016
0.0067157154  0.09296883  -9.795701
-0.0035368877  0.069929376  -9.798543
-0.02118633  0.06590367  -9.788573
-0.02939715  0.05720515  -9.781217
-0.00910592  0.06513247  -9.777411
0.020622713  0.06669196  -9.787158
0.04740959  0.08186122  -9.792947
0.055794686  0.09024862  -9.796901
0.062448114  0.093897164  -9.789454
0.060298804  0.10092492  -9.770137
0.04723539  0.1086523  -9.746802
0.028060228  0.11638389  -9.723678
0.01089863  0.12339637  -9.708466
-2.8483281E-4  0.1315336  -9.705651
-0.0038580487  0.14042027  -9.71712
-0.0015369005  0.1510389  -9.737288
0.0056777415  0.16234677  -9.761746
0.0155694345  0.17033003  -9.785081
0.028588476  0.17075633  -9.8038435
0.0425398  0.16242705  -9.816773
0.055491675  0.14792326  -9.823831
0.06299764  0.12906809  -9.823415
0.06175028  0.10755972  -9.809957
0.049203757  0.085807316  -9.781033
0.027844535  0.068448156  -9.742359
0.005678667  0.05541383  -9.708233
-0.010866481  0.046014834  -9.68882
-0.018596755  0.03959975  -9.687813
-0.019412318  0.039823737  -9.700696
-0.013473749  0.04519743  -9.721586
-0.003344924  0.054326847  -9.744422
0.0068442635  0.06311053  -9.76532
0.0129897995  0.06986007  -9.781678
0.015028526  0.07388766  -9.792023
0.012917486  0.07595006  -9.791501
0.00808156  0.07920205  -9.784306
0.0036957057  0.084511586  -9.772144
0.0062215924  0.091902055  -9.771675
0.018265428  0.08336913  -9.783138
0.026169008  0.08765381  -9.791092
0.010268986  0.083640374  -9.793326
-0.012858321  0.08894513  -9.780222
-0.033153232  0.08216574  -9.767787
-0.035881132  0.083582826  -9.7539
-0.037869763  0.090649605  -9.74924
-0.033119384  0.09390038  -9.756177
-0.019817417  0.093464434  -9.769925
-8.3890994E-4  0.09062048  -9.788148
0.018943729  0.085297175  -9.809824
0.038113862  0.07677446  -9.829139
0.052216813  0.06576214  -9.838452
0.057047438  0.052199867  -9.831676
0.050387766  0.036992133  -9.809497
0.03417991  0.023215786  -9.777054
0.009746513  0.014764813  -9.744254
-0.019046975  0.012374182  -9.719058
-0.04659562  0.01439781  -9.708401
-0.06290408  0.020456018  -9.714234
-0.062133554  0.031977285  -9.736769
-0.04225287  0.048303995  -9.773814
-0.009901193  0.06562317  -9.818006
0.02418954  0.080769666  -9.8554945
0.04922251  0.09450313  -9.872708
0.059527222  0.10702177  -9.865769
0.05609672  0.11320937  -9.841119
0.043374747  0.11056272  -9.812434
0.029574856  0.09964938  -9.788327
0.022287764  0.08930284  -9.774403
0.024891118  0.08503261  -9.769688
0.033147726  0.08830378  -9.768834
0.043661337  0.09598101  -9.768239
0.05452435  0.10528836  -9.763284
0.06321143  0.11766339  -9.754453
0.06623555  0.13051416  -9.741713
0.062056173  0.1367579  -9.730603
0.053078443  0.13187112  -9.726857
0.042720895  0.120440155  -9.73418
0.03586757  0.109274246  -9.752487
0.03495146  0.10005175  -9.779077
0.040301837  0.08877548  -9.810193
0.048517805  0.07344755  -9.841195
0.057823274  0.05513416  -9.869134
0.06619054  0.037949283  -9.89322
0.07091955  0.019836618  -9.909219
0.06898803  0.002116793  -9.9116745
0.05978312  -0.014469773  -9.901473
0.050261002  -0.023702765  -9.890574
0.04749703  -0.026288435  -9.891061
0.054181397  -0.024310285  -9.904235
0.06661775  -0.019297164  -9.922946
0.080524035  -0.0047233296  -9.936008
0.09511017  0.019595293  -9.936884
0.10944746  0.046792265  -9.92011
0.119332194  0.06674986  -9.887463
0.11777488  0.08132633  -9.842338
0.09794411  0.09887451  -9.7897
0.066251166  0.11893899  -9.731719
0.031474564  0.13841692  -9.680917
0.007496491  0.14954086  -9.652524
0.001306138  0.15093094  -9.656678
0.012177334  0.14390828  -9.686676
0.03023384  0.13457501  -9.723995
0.04027615  0.1302263  -9.753758
0.03707994  0.12839562  -9.76739
0.024420006  0.12297229  -9.767891
0.0104408385  0.108694255  -9.762543
-9.4728236E-4  0.089079075  -9.7590685
-0.0073468494  0.06446308  -9.764575
-0.0077291  0.039252073  -9.779388
-0.003036592  0.015004617  -9.802349
0.005739477  0.0036715195  -9.822037
0.015284662  0.0034106243  -9.832111
0.02330404  0.013185412  -9.822465
0.026034301  0.023585327  -9.79672
0.023765406  0.032317642  -9.760277
0.017080138  0.038326286  -9.72808
0.0076109357  0.04262836  -9.7055025
-0.0038595088  0.04798756  -9.6938715
-0.013837461  0.05307126  -9.681548
-0.020111956  0.061162863  -9.66565
-0.021470377  0.073056474  -9.646343
-0.020059543  0.08678665  -9.629881
-0.02094456  0.09665823  -9.616151
-0.026695438  0.1034531  -9.603677
-0.036629226  0.10977471  -9.592874
-0.0462033  0.113744736  -9.58673
-0.05179335  0.103994034  -9.590291
-0.05497397  0.08316062  -9.605487
-0.060293555  0.06683036  -9.631244
-0.06970822  0.066873044  -9.659419
-0.077868156  0.0722391  -9.685519
-0.075883724  0.0684794  -9.7097435
-0.0669297  0.050740197  -9.739133
-0.056523692  0.02746676  -9.768859
-0.053983245  0.0067327116  -9.788776
-0.062482357  -0.0026479345  -9.787459
-0.08226788  -5.593144E-4  -9.767621
-0.10737554  0.007592745  -9.739278
-0.13006781  0.012853981  -9.71438
-0.14778937  0.015338431  -9.702217
-0.16429812  0.018137885  -9.703576
-0.18256283  0.02764041  -9.7111435
-0.20337944  0.043347728  -9.72032
-0.22606538  0.06949028  -9.727208
-0.24724476  0.10050429  -9.7328825
-0.26511836  0.13471462  -9.729192
-0.2801346  0.16178554  -9.719109
-0.29599413  0.1845998  -9.706951
-0.3132415  0.19706786  -9.705518
-0.3302289  0.20399986  -9.714724
-0.34557477  0.20750952  -9.731906
-0.36027625  0.21296008  -9.748374
-0.37322894  0.21700545  -9.760291
-0.38266978  0.21453862  -9.76401
-0.38695988  0.2097811  -9.768594
-0.38591275  0.20716083  -9.782669
-0.3825965  0.20560688  -9.8082285
-0.38007057  0.19947863  -9.833006
-0.3836532  0.18763357  -9.842156
-0.3948805  0.1743664  -9.833317
-0.4097463  0.16159858  -9.816486
-0.42271987  0.14533255  -9.808942
-0.43074715  0.12484238  -9.818179
-0.4404925  0.10718957  -9.833411
-0.45604  0.09558504  -9.842389
-0.4774941  0.0856139  -9.843655
-0.4996402  0.07459665  -9.847808
-0.5194554  0.06353397  -9.860383
-0.5345512  0.06042623  -9.877608
-0.54589933  0.05672905  -9.890769
-0.55779654  0.046039898  -9.892408
-0.57569605  0.02027907  -9.883761
-0.5990947  -0.012285684  -9.870321
-0.6273624  -0.04074466  -9.854775
-0.6578188  -0.059932828  -9.828536
-0.6914312  -0.07322206  -9.783613
-0.7272368  -0.084695846  -9.7281275
-0.76716286  -0.096281  -9.679246
-0.8152091  -0.10863549  -9.636985
-0.87277913  -0.12707204  -9.590795
-0.93631583  -0.15037648  -9.544289
-0.9982753  -0.17126215  -9.525269
-1.0528542  -0.18799834  -9.549918
-1.1006145  -0.21122938  -9.602848
-1.1395475  -0.24935788  -9.668023
-1.1605653  -0.29948828  -9.741235
-1.1677638  -0.3513062  -9.831096
-1.1626344  -0.40380836  -9.922123
-1.146685  -0.4431751  -10.008527
-1.1086181  -0.44268903  -10.086978
-1.0457484  -0.39426482  -10.152066
-0.97543734  -0.31491047  -10.189462
-0.9110675  -0.24088354  -10.188703
-0.8591184  -0.18380797  -10.167083
-0.8114841  -0.14517188  -10.1487055
-0.76603025  -0.12651192  -10.1454315
-0.72968644  -0.1287522  -10.146267
-0.7054439  -0.13986056  -10.128428
-0.69112116  -0.13418418  -10.080692
-0.673202  -0.10874486  -10.014972
-0.64374423  -0.07796156  -9.943875
-0.6061508  -0.056724917  -9.873316
-0.57498544  -0.044161096  -9.797978
-0.5642235  -0.036738694  -9.712459
-0.57264715  -0.03291038  -9.6216955
-0.5879076  -0.023363804  -9.5472145
-0.6019954  -0.005384903  -9.504311
-0.61222804  0.015206917  -9.496705
-0.6175914  0.035448156  -9.52803
-0.61736083  0.06560738  -9.591071
-0.6130988  0.107334964  -9.688382
-0.61062527  0.1518915  -9.812884
-0.6081291  0.18254204  -9.964858
-0.6065393  0.20006292  -10.111595
-0.57240677  0.21104978  -10.222699
-0.4796065  0.22114192  -10.314254
-0.32346597  0.22409551  -10.396939
-0.15565473  0.21215713  -10.443287
-0.019352825  0.19846793  -10.41586
0.08753089  0.20192908  -10.337489
0.18294697  0.22326742  -10.251672
0.26737046  0.24785404  -10.16812
0.3350909  0.26650128  -10.0668745
0.3750278  0.29042915  -9.944698
0.38291594  0.31080016  -9.797557
0.34940088  0.2977133  -9.630652
0.2789763  0.23797794  -9.463698
0.19544823  0.14466172  -9.317715
0.11502057  0.058472097  -9.206314
0.041705865  -0.0046636765  -9.1208315
-0.029155673  -0.04755478  -9.057099
-0.09336087  -0.08118992  -9.015508
-0.14055507  -0.106967986  -9.002342
-0.17345868  -0.12016221  -9.025668
-0.20171155  -0.12985271  -9.081773
-0.23598075  -0.14063577  -9.162379
-0.2739887  -0.15271235  -9.2742405
-0.30686536  -0.16284813  -9.429529
-0.32964566  -0.17611624  -9.626616
-0.34203383  -0.19712572  -9.82359
-0.3352889  -0.21462218  -9.983773
-0.29158053  -0.21680062  -10.100909
-0.1923393  -0.1965037  -10.207023
-0.055148304  -0.1522607  -10.31462
0.083409004  -0.10701352  -10.382949
0.2013125  -0.09456094  -10.3902025
0.30308455  -0.12686823  -10.344111
0.4046735  -0.18512149  -10.278345
0.50149506  -0.23031063  -10.1794615
0.58890367  -0.2502141  -10.046238
0.63452435  -0.25029114  -9.902282
0.6192394  -0.24262147  -9.757371
0.54013234  -0.23027332  -9.613159
0.44406757  -0.21051651  -9.474862
0.36455834  -0.18782122  -9.363366
0.30177963  -0.17048664  -9.277125
0.24029021  -0.15237476  -9.201069
0.1718626  -0.12207776  -9.139604
0.10386607  -0.07537746  -9.112464
0.048248764  -0.023089418  -9.146403
0.015498872  0.02234082  -9.254245
0.0076886844  0.050875563  -9.421073
0.017798552  0.056055117  -9.621406
0.031510692  0.048345804  -9.856965
0.023996465  0.043761123  -10.103157
0.025816938  0.04323773  -10.310173
0.07041366  0.043329474  -10.459187
0.18207364  0.047078047  -10.5861435
0.3156804  0.06375286  -10.699967
0.42306864  0.090090066  -10.759186
0.49370244  0.10858563  -10.730786
0.54181075  0.11470274  -10.647695
0.5822733  0.11436274  -10.533708
0.6128087  0.12423972  -10.394731
0.6341405  0.14486982  -10.22073
0.65787953  0.17233247  -10.032332
0.67844313  0.18749888  -9.852212
0.66857594  0.18449454  -9.690635
0.6029076  0.16584349  -9.527513
0.49404064  0.13348742  -9.346713
0.3720626  0.098472446  -9.167632
0.25911665  0.0725774  -9.019127
0.15861459  0.070802376  -8.921179
0.071578525  0.084990926  -8.872914
0.0044615236  0.09702983  -8.888187
-0.0391247  0.09599439  -8.975619
-0.06210481  0.0888797  -9.132867
-0.07475805  0.08564789  -9.329499
-0.089446716  0.087189935  -9.544555
-0.116995595  0.08117809  -9.766271
-0.1351466  0.052876294  -9.974109
-0.12018353  0.018961117  -10.150299
-0.049008664  0.007039715  -10.290049
0.061635163  0.02225705  -10.420917
0.18258797  0.038065825  -10.532345
0.28604746  0.027871704  -10.582406
0.36099628  0.0010483473  -10.540475
0.4060417  -0.014773049  -10.433084
0.42831168  2.4809875E-4  -10.294978
0.43776512  0.032764558  -10.1167755
0.47271404  0.048172545  -9.906212
0.5069728  0.04210488  -9.716923
0.50944954  0.025997885  -9.575547
0.44067132  0.016791118  -9.439896
0.33386922  0.014092028  -9.285634
0.23293953  0.017100012  -9.145149
0.15636012  0.030139549  -9.069808
0.10292926  0.033357788  -9.041786
0.057061683  0.023242513  -9.039951
0.017429043  0.00254823  -9.052146
-0.017341355  -0.0070017506  -9.0916605
-0.046360712  -0.01071813  -9.189572
-0.069591805  -0.0132595105  -9.361629
-0.089627005  -0.023060674  -9.587319
-0.11345748  -0.04674351  -9.839785
-0.12568295  -0.08120065  -10.064416
-0.0868268  -0.12790182  -10.259735
0.021653803  -0.163594  -10.435811
0.17128877  -0.19671124  -10.595657
0.30367255  -0.20796134  -10.694764
0.3901395  -0.20259261  -10.681096
0.44266033  -0.18213594  -10.574546
0.4859618  -0.1672445  -10.430074
0.53424793  -0.1679415  -10.303451
0.58408713  -0.17103279  -10.2018585
0.63426214  -0.16363035  -10.099798
0.6625307  -0.13325013  -9.978267
0.6489469  -0.09828741  -9.838744
0.5701916  -0.086073555  -9.691408
0.4450767  -0.113140546  -9.509103
0.30466345  -0.16575065  -9.299283
0.18100266  -0.21218711  -9.106153
0.08457857  -0.23552085  -8.980588
0.019137254  -0.24401593  -8.933184
-0.019970149  -0.25641456  -8.946782
-0.04252542  -0.2698034  -9.019198
-0.06774016  -0.25254184  -9.154303
-0.09598353  -0.20080371  -9.336465
-0.12496728  -0.138306  -9.532945
-0.15434207  -0.103477865  -9.722287
-0.16813815  -0.108921885  -9.900245
-0.1421699  -0.13356073  -10.076022
-0.053082976  -0.15383089  -10.24651
0.07586421  -0.1513775  -10.409061
0.20981853  -0.14372991  -10.544015
0.31657735  -0.154337  -10.637234
0.3959279  -0.18982714  -10.678863
0.4500251  -0.21643913  -10.6577635
0.48914218  -0.21662606  -10.572988
0.5190513  -0.18958755  -10.433308
0.5551608  -0.15060717  -10.244632
0.58154106  -0.09610445  -10.054382
0.5614692  -0.021720782  -9.8679285
0.47668418  0.04471871  -9.672761
0.35135785  0.098398566  -9.45481
0.23278482  0.11876881  -9.253913
0.14369716  0.119517595  -9.133956
0.08070234  0.10290619  -9.100433
0.029231122  0.095013924  -9.114899
-0.023076326  0.10918006  -9.125524
-0.07485286  0.14926438  -9.119088
-0.11670201  0.20391105  -9.136136
-0.14463414  0.2524345  -9.227821
-0.15285282  0.27275997  -9.403188
-0.14218496  0.26270065  -9.624879
-0.12220303  0.24791837  -9.868754
-0.084742844  0.25032184  -10.1016245
-0.012549673  0.24101608  -10.313758
0.106161214  0.18534909  -10.479686
0.23684146  0.10004421  -10.582408
0.3330464  0.048052926  -10.610944
0.38964915  0.051101025  -10.57047
0.4263092  0.059196252  -10.484069
0.4606044  0.03533341  -10.35896
0.49198318  -0.006282645  -10.21384
0.5239199  -0.022574028  -10.05985
0.5388369  0.009043051  -9.898721
0.51769733  0.055944715  -9.717922
0.43963507  0.08436104  -9.52126
0.3237187  0.08089684  -9.3258915
0.20111759  0.06763202  -9.145897
0.099375926  0.06772231  -8.990196
0.024251916  0.08063915  -8.883813
-0.024305882  0.081836805  -8.857575
-0.056295067  0.056984004  -8.912808
-0.07775712  0.014057682  -9.017924
-0.09860832  -0.014919385  -9.13398
-0.1176491  -0.027182378  -9.264226
-0.13370909  -0.029499412  -9.433289
-0.15715791  -0.042734962  -9.645282
-0.17340429  -0.07098969  -9.852758
-0.14611326  -0.09855994  -10.028156
-0.0382221  -0.1025965  -10.203265
0.122480266  -0.07797267  -10.41035
0.26471487  -0.0611456  -10.587341
0.33924356  -0.07073798  -10.649585
0.35919726  -0.11473543  -10.576354
0.37266326  -0.16658174  -10.446403
0.41489938  -0.22028773  -10.327271
0.4720423  -0.25966275  -10.220653
0.5171409  -0.28660965  -10.09084
0.54330754  -0.3034546  -9.913833
0.545466  -0.31427768  -9.729018
0.5149297  -0.29435274  -9.562788
0.43713748  -0.22931214  -9.423824
0.3324093  -0.14462723  -9.292938
0.22985882  -0.09032596  -9.164018
0.14051299  -0.0782607  -9.055505
0.06442026  -0.07363815  -8.983179
-4.648422E-4  -0.052554563  -8.962985
-0.056200016  -0.018035972  -8.984277
-0.10436808  0.019939633  -9.059219
-0.14160393  0.048629552  -9.2145815
-0.1633793  0.061558336  -9.450409
-0.18033206  0.049479555  -9.715157
-0.20607968  0.042462487  -9.941844
-0.18559265  0.033969373  -10.151723
-0.08897436  0.02365934  -10.383555
0.07386303  -0.008215356  -10.602252
0.21391904  -0.034714095  -10.707171
0.29369637  -0.046313714  -10.657897
0.33965385  -0.054209363  -10.523301
0.38231578  -0.072712064  -10.395619
0.4353721  -0.09575868  -10.2825775
0.4846917  -0.106476136  -10.153905
0.5320166  -0.08703079  -9.998029
0.5603144  -0.040657565  -9.859505
0.54116744  0.009882208  -9.750482
0.44175482  0.03303427  -9.61399
0.28306103  0.021984937  -9.391142
0.13101865  -0.004856144  -9.143973
0.03911431  -0.03260225  -8.984869
0.0038105163  -0.05605632  -8.962579
-0.023390172  -0.08360363  -8.998122
-0.075617895  -0.10795995  -9.018226
-0.14241661  -0.12374482  -9.029227
-0.200252  -0.121195674  -9.087696
-0.24349165  -0.11104124  -9.209727
-0.28434482  -0.10566837  -9.363051
-0.33084908  -0.11045428  -9.525604
-0.383806  -0.12790361  -9.701289
-0.40979138  -0.14544673  -9.887506
-0.36869776  -0.14314206  -10.092258
-0.24265218  -0.110616624  -10.308919
-0.075112484  -0.07155903  -10.51781
0.07325615  -0.05384168  -10.664269
0.17798041  -0.07127473  -10.713706
0.25452623  -0.12099385  -10.666898
0.32253566  -0.19074191  -10.545841
0.38356376  -0.25362694  -10.384835
0.43631324  -0.28305805  -10.222699
0.4861027  -0.3009105  -10.084052
0.4835727  -0.30454764  -9.9217415
0.40980545  -0.29241863  -9.691327
0.2736636  -0.24667132  -9.437393
0.15990654  -0.19911696  -9.260015
0.09751723  -0.1666923  -9.190032
0.06031449  -0.1459545  -9.15203
0.011069555  -0.12832804  -9.092242
-0.05888419  -0.12120118  -9.046687
-0.13040546  -0.13248096  -9.062999
-0.19078183  -0.15042245  -9.1395
-0.24087407  -0.1579466  -9.234014
-0.2855144  -0.14142151  -9.353263
-0.3158704  -0.122204155  -9.538688
-0.34221807  -0.11107563  -9.803448
-0.3504796  -0.10788721  -10.055676
-0.29318336  -0.12817691  -10.275428
-0.15389699  -0.16192396  -10.493595
0.035623465  -0.21309787  -10.712219
0.19516791  -0.24630578  -10.84238
0.2993643  -0.26714346  -10.808745
0.36475515  -0.26940724  -10.669702
0.4229052  -0.25362316  -10.516356
0.49427804  -0.21504605  -10.39914
0.5644639  -0.15848804  -10.296853
0.6232632  -0.08681622  -10.168899
0.6455187  -0.024183616  -10.016842
0.61276555  -0.011504651  -9.841972
0.513624  -0.06321384  -9.643752
0.3719814  -0.13843925  -9.418996
0.2355845  -0.18558495  -9.202151
0.13285899  -0.19166453  -9.0235
0.06588619  -0.17667603  -8.907631
0.017720068  -0.14909302  -8.868068
-0.028760025  -0.10855108  -8.906083
-0.07301432  -0.07068632  -8.9805155
-0.108957775  -0.059282046  -9.08059
-0.13727987  -0.08276841  -9.234142
-0.1738813  -0.1431437  -9.451617
-0.20196755  -0.20357777  -9.6793165
-0.1817758  -0.21144581  -9.8751
-0.08730909  -0.14495887  -10.083007
0.05358525  -0.051016584  -10.343595
0.18584196  0.018373713  -10.601124
0.28351286  0.053131353  -10.755454
0.3563962  0.065700896  -10.780552
0.42645046  0.05034927  -10.734638
0.50223106  0.011772116  -10.67316
0.57347083  -0.03635736  -10.584009
0.6261329  -0.068283334  -10.420034
0.6763425  -0.090749264  -10.172669
0.71463203  -0.109921895  -9.924042
0.6895984  -0.10557074  -9.680474
0.58222824  -0.07987421  -9.40282
0.42374995  -0.031104023  -9.101096
0.2929591  0.006673068  -8.870792
0.20604193  0.049572855  -8.789282
0.1427462  0.09169116  -8.808734
0.079010546  0.123999216  -8.867904
0.004296564  0.13049357  -8.938199
-0.069588035  0.11960789  -9.021039
-0.1347366  0.11468995  -9.145532
-0.18763532  0.13227414  -9.324377
-0.22376685  0.15949  -9.554309
-0.25498176  0.17243336  -9.8127775
-0.27895683  0.18787415  -10.043991
-0.25165737  0.1772157  -10.260636
-0.1391658  0.14864792  -10.489743
0.03367448  0.08712524  -10.71899
0.1875217  0.043335166  -10.848012
0.28399423  0.025864998  -10.815467
0.34397295  0.03203334  -10.6920805
0.39079484  0.06429558  -10.561488
0.43877086  0.11902201  -10.430947
0.4950185  0.19912682  -10.278036
0.5389882  0.26920938  -10.107296
0.52782923  0.28145325  -9.92759
0.43561587  0.2244283  -9.698477
0.2879834  0.14618994  -9.412106
0.15039916  0.08741608  -9.128726
0.057291996  0.04853827  -8.930211
0.0045300424  0.016099479  -8.837096
-0.031689435  -4.885434E-4  -8.815084
-0.071331866  0.003447187  -8.84099
-0.115618676  0.013029116  -8.915155
-0.16265546  0.019175792  -9.042872
-0.20861614  0.023867806  -9.214574
-0.24959911  0.03771304  -9.413074
-0.28319594  0.06742537  -9.624854
-0.31632137  0.10123655  -9.842784
-0.3496246  0.118626855  -10.039887
-0.35647455  0.13172783  -10.211951
-0.30584246  0.15299635  -10.37581
-0.18092632  0.19447987  -10.551263
-0.019585958  0.22438212  -10.706361
0.13202566  0.22664303  -10.7844925
0.24735034  0.20082839  -10.7691
0.33682486  0.15919858  -10.68629
0.41424596  0.109248675  -10.564564
0.47199538  0.07003344  -10.408985
0.5108838  0.05292946  -10.204487
0.53818417  0.02449897  -9.989908
0.517882  0.015293881  -9.768609
0.42146242  0.037173245  -9.541099
0.2653168  0.113155074  -9.297578
0.122582875  0.17255229  -9.088912
0.034843806  0.18286347  -8.95779
-0.020427832  0.1641491  -8.890263
-0.068024166  0.14063743  -8.845231
-0.12194443  0.11499539  -8.820571
-0.17675965  0.07876172  -8.846681
-0.23003006  0.04772154  -8.950566
-0.28128985  0.04099651  -9.130211
-0.32231137  0.0492487  -9.379817
-0.34441793  0.05281345  -9.692323
-0.34956756  0.05145304  -10.043342
-0.347667  0.072869696  -10.348571
-0.31856436  0.09399611  -10.567334
-0.23322923  0.082778  -10.704169
-0.08775055  0.0106657455  -10.786723
0.076055706  -0.07105277  -10.796521
0.21023567  -0.11923704  -10.700054
0.30316925  -0.12005044  -10.525266
0.36747336  -0.09917164  -10.335747
0.41893387  -0.07955229  -10.183525
0.4664855  -0.058677614  -10.070601
0.50935453  -0.019644352  -9.9763975
0.5250576  0.01270536  -9.8661
0.48972806  0.009050444  -9.712379
0.39009044  -0.04729036  -9.503364
0.2520701  -0.10587116  -9.275296
0.11527741  -0.144013  -9.076266
0.0032377215  -0.16436465  -8.929602
-0.08387805  -0.18402909  -8.830833
-0.14945842  -0.20100021  -8.78077
-0.19234268  -0.20700867  -8.795077
-0.2064995  -0.20563018  -8.889665
-0.2050281  -0.19196446  -9.067588
-0.20497988  -0.1703437  -9.30135
-0.22125876  -0.1497084  -9.552837
-0.2627277  -0.15390533  -9.78429
-0.29815313  -0.18088824  -9.98697
-0.28386673  -0.19747359  -10.178399
-0.18516506  -0.180533  -10.392132
-0.028065788  -0.13492739  -10.628298
0.13149695  -0.08685428  -10.826141
0.25291333  -0.053922426  -10.912517
0.33542255  -0.052112907  -10.86522
0.40198386  -0.08714285  -10.730086
0.46830106  -0.14102836  -10.552338
0.5319228  -0.19118309  -10.3425865
0.5848665  -0.23130246  -10.099387
0.6180668  -0.27371624  -9.853925
0.60304403  -0.28840917  -9.613396
0.5137698  -0.25284904  -9.381957
0.36598146  -0.16150247  -9.162459
0.21225823  -0.06910471  -8.993321
0.09850052  -0.010469795  -8.909149
0.023537008  0.0035263759  -8.901736
-0.033590384  -0.013060685  -8.937943
-0.08694855  -0.04224527  -8.988967
-0.1321971  -0.067480974  -9.0472
-0.1674747  -0.08835846  -9.136319
-0.19958073  -0.10804569  -9.2814665
-0.23477419  -0.12812656  -9.491145
-0.27057746  -0.1417896  -9.743918
-0.2905124  -0.15104602  -10.008502
-0.3012095  -0.14041646  -10.245156
-0.26453844  -0.12119367  -10.433427
-0.16232643  -0.11514477  -10.589165
-0.001772992  -0.13061313  -10.715556
0.15248857  -0.14577195  -10.769717
0.25048372  -0.13773079  -10.691188
0.30198017  -0.13379736  -10.498244
0.34133768  -0.149497  -10.280382
0.39399624  -0.18119629  -10.109132
0.46606836  -0.1863151  -10.003174
0.52131593  -0.15525173  -9.942209
0.5206112  -0.11630269  -9.877285
0.43982506  -0.11220234  -9.747882
0.31011465  -0.14094941  -9.547551
0.18101096  -0.16683578  -9.332362
0.08509096  -0.16977789  -9.164242
0.024068415  -0.15670256  -9.061547
-0.01684639  -0.14334184  -9.007379
-0.054339617  -0.13039504  -8.985576
-0.09807851  -0.115437746  -8.991558
-0.14520968  -0.09964665  -9.027475
-0.18486328  -0.09686458  -9.122443
-0.21040307  -0.1113063  -9.290168
-0.22383027  -0.14114486  -9.50715
-0.23348922  -0.17389113  -9.721451
-0.23785941  -0.19861697  -9.910546
-0.23369406  -0.21592575  -10.090512
-0.20035078  -0.20804101  -10.247369
-0.1363377  -0.16692944  -10.344616
-0.012771155  -0.100688964  -10.365235
0.1759519  -0.050218713  -10.383289
0.40826842  -0.04162902  -10.435928
0.6264469  -0.06357827  -10.488948
0.78183794  -0.09040186  -10.457268
0.8837629  -0.10679513  -10.317145
0.9645856  -0.10079924  -10.126701
1.0609183  -0.084546775  -9.971503
1.1417994  -0.06449201  -9.891827
1.1639028  -0.045301687  -9.832947
1.1129283  -0.029114107  -9.741855
1.0427915  -0.022435544  -9.636979
1.0092093  -0.037920263  -9.591755
1.0177964  -0.058607697  -9.611947
1.0447998  -0.06731344  -9.643615
1.0709785  -0.05402905  -9.654574
1.0975844  -0.029814536  -9.654532
1.1331676  -0.01698046  -9.658432
1.170114  -0.023500724  -9.675069
1.1898657  -0.040944878  -9.706575
1.1990767  -0.06678582  -9.745595
1.2217741  -0.0983024  -9.806531
1.2709187  -0.12617427  -9.911473
1.325886  -0.1229888  -10.058625
1.3530885  -0.086621046  -10.187341
1.3526503  -0.038417943  -10.240619
1.3477839  -0.0031380085  -10.223011
1.3644024  0.017780216  -10.177635
1.4068894  0.038102273  -10.12291
1.4638823  0.06397248  -10.052726
1.5250362  0.094876476  -9.967179
1.5818647  0.116294116  -9.886873
1.6317582  0.11636108  -9.825231
1.6715156  0.10501512  -9.766654
1.6848532  0.07985894  -9.708969
1.6618909  0.04559915  -9.67232
1.5741948  3.438623E-4  -9.661492
1.4194511  -0.037532043  -9.621852
1.2260016  -0.047539353  -9.526727
1.0503182  -0.033820108  -9.412752
0.9364903  -0.009027048  -9.350656
0.8733974  0.007445587  -9.359184
0.8253136  -0.003194384  -9.396278
0.7679009  -0.03823958  -9.424375
0.69351774  -0.07442361  -9.429454
0.6185593  -0.088966735  -9.432102
0.5523381  -0.07693807  -9.456874
0.50075984  -0.061090007  -9.512977
0.45669034  -0.045329347  -9.588748
0.41243085  -0.026650792  -9.664651
0.37062395  -0.010244857  -9.725904
0.32979926  -0.011284281  -9.759674
0.28900176  -0.039667558  -9.766279
0.24317415  -0.06786517  -9.760371
0.20130186  -0.08208882  -9.7525
0.17802393  -0.08337667  -9.751218
0.16469984  -0.07292568  -9.768851
0.14674556  -0.055375267  -9.794258
0.11001885  -0.034321446  -9.8041315
0.0699296  -0.03727289  -9.77637
0.05334037  -0.058128517  -9.745379
0.063825704  -0.08039228  -9.745727
0.08191131  -0.090961315  -9.765126
0.08192399  -0.09298935  -9.784762
0.062122155  -0.09480036  -9.794918
0.036037512  -0.09344051  -9.811611
0.00786117  -0.08770647  -9.828042
-0.020654054  -0.069326505  -9.83752
-0.052762765  -0.041415084  -9.832664
-0.082333185  -0.024967583  -9.822083
-0.11141161  -0.023992201  -9.823116
-0.13037036  -0.031021794  -9.834377
-0.14744465  -0.038144413  -9.845085
-0.16408516  -0.03954329  -9.838458
-0.19491076  -0.041628253  -9.816882
-0.23917468  -0.03041938  -9.76983
-0.28165832  -0.021451259  -9.720674
-0.3139582  -0.022813609  -9.684747
-0.3189778  -0.035033222  -9.68197
-0.31157437  -0.035311777  -9.679492
-0.29013458  -0.007426958  -9.655579
-0.26925614  0.028707504  -9.628552
-0.24466062  0.049222436  -9.619838
-0.21675204  0.045173008  -9.647658
-0.17941137  0.028362533  -9.696529
-0.14712979  0.0074120206  -9.758079
-0.13601165  -0.011166468  -9.805753
-0.14509273  -0.01744186  -9.821174
-0.15257539  -0.023926435  -9.82046
-0.15794337  -0.03219024  -9.819646
-0.15476508  -0.055833567  -9.839107
-0.15589856  -0.06589191  -9.851671
-0.15405077  -0.07446751  -9.848766
