0.00876883  0.004419912  -9.880741
-0.004248745  0.015175306  -9.945934
-0.015124443  0.018570803  -9.962651
-0.017336933  0.024933018  -9.940746
1.8974145E-4  0.028797887  -9.829087
0.013792404  0.05703262  -9.729379
0.0069794897  0.092669934  -9.669911
-0.012845933  0.11563068  -9.592471
-0.018968746  0.09377408  -9.465872
-0.02376843  0.054836627  -9.375171
-0.041359697  0.031029955  -9.388566
-0.074864306  0.056461547  -9.477356
-0.10602901  0.119364835  -9.574847
-0.11932099  0.18743555  -9.656433
-0.11180989  0.2371335  -9.722393
-0.09501049  0.27404025  -9.777316
-0.074976936  0.3095636  -9.814011
-0.052214455  0.33932436  -9.822703
-0.02613092  0.35703364  -9.813567
-0.0031235653  0.35617018  -9.803769
0.008608525  0.34445444  -9.81191
0.014632282  0.32616022  -9.815669
0.02180201  0.3134441  -9.801903
0.02968057  0.29930678  -9.784019
0.032381807  0.28411028  -9.779925
0.024282107  0.26970252  -9.776637
0.027758786  0.2578974  -9.756452
0.04081285  0.25175616  -9.724702
0.059037358  0.2433508  -9.714412
0.062308412  0.23679285  -9.729468
0.058905363  0.22678399  -9.75932
0.06099383  0.21650486  -9.783249
0.07405903  0.20601779  -9.7931
0.094134055  0.19471365  -9.786193
0.114257485  0.1849897  -9.7712755
0.12737934  0.17679001  -9.756516
0.13898723  0.17442612  -9.74547
0.15303649  0.17442846  -9.729132
0.17176002  0.17603971  -9.708668
0.18618526  0.17332508  -9.699382
0.19461334  0.17058754  -9.709162
0.20091672  0.16665204  -9.725286
0.2097997  0.1614349  -9.74093
0.22420835  0.15362985  -9.764335
0.24177013  0.15024196  -9.799812
0.2639049  0.15380995  -9.828685
0.29207847  0.15907516  -9.83448
0.32577434  0.15226175  -9.825138
0.35969558  0.13164678  -9.815998
0.38996765  0.1078642  -9.802868
0.41392434  0.09066966  -9.779857
0.43572235  0.07854774  -9.750453
0.45042405  0.065654635  -9.727038
0.4554918  0.053586002  -9.721325
0.44815478  0.04590103  -9.729006
0.43500686  0.04986849  -9.746574
0.4219571  0.06451591  -9.764148
0.40901855  0.08931198  -9.782814
0.39948544  0.11424438  -9.7918215
0.3975151  0.13943559  -9.777596
0.4006234  0.16017812  -9.753452
0.40428302  0.17528765  -9.752259
0.39719835  0.18811218  -9.780094
0.39399374  0.1988983  -9.809227
0.40369943  0.21127184  -9.808137
0.43395928  0.21891303  -9.787162
0.47078106  0.22769786  -9.760502
0.5020304  0.24038374  -9.736268
0.5250081  0.25897977  -9.713654
0.5425876  0.28556272  -9.698424
0.5608433  0.31686395  -9.691975
0.5861742  0.34942922  -9.688042
0.61860067  0.37359425  -9.676849
0.65794605  0.38884914  -9.664522
0.69936967  0.40184858  -9.662483
0.74573827  0.4196705  -9.668359
0.7981568  0.43742952  -9.670859
0.85131365  0.45051947  -9.662095
0.9006772  0.46431375  -9.658379
0.9323583  0.48653916  -9.680497
0.95071954  0.5125536  -9.751153
0.96884936  0.53176814  -9.835129
0.99552053  0.5519094  -9.904069
1.0175785  0.5752576  -9.948422
1.0042266  0.60125047  -9.9984255
0.9447868  0.61571914  -10.069408
0.85533696  0.6181143  -10.153741
0.76056266  0.6056387  -10.238678
0.68182963  0.5756654  -10.310921
0.62800443  0.5334301  -10.346125
0.60071135  0.49019846  -10.335756
0.5949703  0.44662347  -10.286725
0.60277045  0.39938688  -10.21564
0.61920303  0.35074103  -10.128847
0.6336987  0.31594744  -10.032782
0.63786405  0.29186365  -9.950576
0.6349721  0.26855016  -9.877056
0.6418368  0.2420971  -9.78553
0.6602872  0.22239435  -9.667727
0.6759076  0.21509218  -9.5658455
0.6785849  0.21490127  -9.510686
0.6769243  0.21003754  -9.489804
0.6799078  0.1980518  -9.471027
0.6790507  0.1797766  -9.480854
0.6606393  0.15789786  -9.54933
0.63482755  0.12710555  -9.672156
0.62001735  0.08886395  -9.808235
0.6302049  0.044976503  -9.939678
0.6572787  0.004297204  -10.069394
0.6596251  -0.007003225  -10.186431
0.61538416  0.0042649605  -10.300663
0.50402504  0.018110095  -10.429266
0.35514972  0.012239292  -10.574501
0.20701648  0.0058577876  -10.676953
0.08901667  0.01720584  -10.68705
0.014030151  0.03347386  -10.599892
-0.034293015  0.047628015  -10.442525
-0.07383296  0.062990755  -10.278709
-0.11188567  0.07533109  -10.126313
-0.13375945  0.08030168  -9.96648
-0.117272995  0.06989702  -9.762981
-0.06038421  0.053749368  -9.540044
0.02024286  0.040526506  -9.328056
0.10876525  0.042299394  -9.125282
0.19086944  0.065024786  -8.9413805
0.2517164  0.09761127  -8.825522
0.2923195  0.12721793  -8.801575
0.32249397  0.15122597  -8.842402
0.34871426  0.17456026  -8.920535
0.36129013  0.19536279  -9.056503
0.36363173  0.2017675  -9.260451
0.37925586  0.20685619  -9.47904
0.3984735  0.24017064  -9.682158
0.38577306  0.29015967  -9.897121
0.31539693  0.3117418  -10.141583
0.21502717  0.26983064  -10.370034
0.117591985  0.19798559  -10.523597
0.028940603  0.14414722  -10.6062
-0.059546422  0.11441479  -10.659356
-0.13795549  0.09335048  -10.663693
-0.19245116  0.075809695  -10.592072
-0.22993326  0.076869644  -10.44038
-0.27005255  0.09272162  -10.254527
-0.33051777  0.11112698  -10.060221
-0.41183844  0.11494923  -9.855341
-0.4718976  0.08798652  -9.634795
-0.48258352  0.045911193  -9.393627
-0.41924712  0.016920391  -9.142749
-0.3040736  0.02612932  -8.889816
-0.17446642  0.050827008  -8.707994
-0.07612888  0.05079292  -8.678377
-0.034817923  0.011680012  -8.81795
-0.024742654  -0.051536083  -9.029679
-0.0017407499  -0.11011008  -9.200123
0.039449375  -0.1593848  -9.335855
0.10288212  -0.21421342  -9.517398
0.118753314  -0.21575737  -9.731629
0.060874518  -0.17668891  -9.970948
-0.08673423  -0.12898965  -10.192729
-0.26038906  -0.13855445  -10.430256
-0.3999227  -0.17378849  -10.615846
-0.4866321  -0.19039857  -10.701917
-0.528531  -0.18714295  -10.679574
-0.5566444  -0.16945511  -10.590674
-0.5864189  -0.13742298  -10.482085
-0.6118142  -0.10209861  -10.344974
-0.6296621  -0.07315766  -10.173094
-0.6579314  -0.06891819  -9.991878
-0.68681145  -0.0995639  -9.8245125
-0.6910742  -0.1435226  -9.656805
-0.6415091  -0.1651  -9.468902
-0.5553813  -0.13398701  -9.276807
-0.45838323  -0.07966875  -9.111981
-0.37051156  -0.036165204  -8.997809
-0.2926377  -0.011168209  -8.938088
-0.22281636  0.009638481  -8.934169
-0.16467284  0.037017055  -8.985272
-0.12650746  0.055419326  -9.102838
-0.096744396  0.058535185  -9.267387
-0.04882716  0.06286273  -9.444016
-0.0047866474  0.10521519  -9.626639
-0.006107855  0.17340071  -9.857393
-0.07900409  0.22442587  -10.127811
-0.18982436  0.22350061  -10.385781
-0.3172461  0.1828649  -10.598522
-0.443835  0.12657918  -10.749679
-0.54210025  0.07858824  -10.784798
-0.5858146  0.060033973  -10.66949
-0.597466  0.06700749  -10.475743
-0.62726676  0.072655775  -10.314629
-0.6898547  0.0722413  -10.192283
-0.7890908  0.088575274  -10.044169
-0.84341955  0.07962378  -9.882183
-0.8132463  0.05236431  -9.693757
-0.68090415  0.01933469  -9.512765
-0.514261  0.029753027  -9.310268
-0.3738226  0.059591647  -9.147442
-0.28093502  0.077773474  -9.065589
-0.23544014  0.07780241  -9.08358
-0.20612526  0.056466106  -9.1675415
-0.16844912  0.009728042  -9.260699
-0.13331442  -0.043820594  -9.377694
-0.12440413  -0.08450218  -9.553681
-0.111918844  -0.099072516  -9.770888
-0.08143252  -0.066274874  -9.93444
-0.063506976  -0.0048440597  -10.029359
-0.118213415  0.051075906  -10.131513
-0.23718023  0.06846007  -10.272952
-0.35858515  0.06586505  -10.408891
-0.4443699  0.07385511  -10.469897
-0.5076744  0.09316534  -10.471219
-0.57675594  0.10533512  -10.457555
-0.64742917  0.1002461  -10.432782
-0.6922538  0.092499375  -10.360285
-0.7058365  0.096526645  -10.217574
-0.72341424  0.10622079  -10.039952
-0.7359481  0.09069877  -9.864223
-0.7153197  0.05427525  -9.673146
-0.6334667  0.031742778  -9.453305
-0.5207158  0.04773883  -9.224717
-0.4070541  0.088497736  -9.037159
-0.30925778  0.13268036  -8.915658
-0.23435746  0.17879452  -8.872162
-0.18416516  0.23188461  -8.910721
-0.1487848  0.28787068  -9.002847
-0.11918672  0.3442986  -9.105595
-0.09009997  0.3901657  -9.20656
-0.07027424  0.41722468  -9.334662
-0.04585116  0.4039497  -9.524187
-0.014574725  0.376412  -9.7342005
0.005357953  0.37203678  -9.932178
-0.025562802  0.38915348  -10.130963
-0.121716164  0.38890716  -10.351558
-0.23640768  0.34276178  -10.548409
-0.33687887  0.29128835  -10.658398
-0.41664362  0.25877285  -10.688506
-0.48693755  0.24503332  -10.6707535
-0.52859336  0.23253186  -10.582618
-0.51874906  0.21573465  -10.39049
-0.49820605  0.19990528  -10.129077
-0.4941297  0.15875195  -9.90435
-0.4860609  0.09963673  -9.740425
-0.4209431  0.048366386  -9.572449
-0.3070036  0.03593346  -9.367493
-0.20571215  0.046416793  -9.178772
-0.14575411  0.046766397  -9.084571
-0.107340835  0.036841013  -9.063882
-0.050480187  0.03017778  -9.059905
0.025639867  0.030834332  -9.047662
0.0900481  0.023049662  -9.071922
0.10878903  -0.0022948682  -9.186616
0.098378204  -0.04281955  -9.378816
0.094745  -0.08381787  -9.598048
0.12978716  -0.120542586  -9.804912
0.15828101  -0.12958519  -9.9824
0.13405472  -0.11121925  -10.1586485
0.028799688  -0.0772798  -10.334147
-0.108609356  -0.057628315  -10.503777
-0.23007351  -0.05785952  -10.620685
-0.30933705  -0.07096189  -10.65634
-0.35670784  -0.09682905  -10.623252
-0.3885462  -0.13942541  -10.544636
-0.4064537  -0.18680453  -10.432813
-0.4035736  -0.22243984  -10.273286
-0.4032068  -0.22510333  -10.060968
-0.422806  -0.21758932  -9.844074
-0.44647884  -0.23020911  -9.642316
-0.42621347  -0.24319287  -9.434221
-0.34032318  -0.22026777  -9.21219
-0.2304364  -0.14492579  -9.018634
-0.1245969  -0.066408224  -8.891488
-0.035964403  -0.002947307  -8.815356
0.035675902  0.04729134  -8.792981
0.07344094  0.09662509  -8.857859
0.070050396  0.13765962  -9.013612
0.044443484  0.172575  -9.217825
0.027959393  0.1934716  -9.429685
0.046290617  0.19338433  -9.642724
0.07621313  0.18901718  -9.864948
0.0863236  0.19471091  -10.093834
0.047601532  0.20802855  -10.319837
-0.02488859  0.20438786  -10.502254
-0.109482266  0.17335214  -10.623475
-0.1951292  0.13959791  -10.675061
-0.2673664  0.108908735  -10.684184
-0.3167403  0.08530471  -10.640555
-0.33910474  0.060054976  -10.536491
-0.35060182  0.037391577  -10.37434
-0.37539828  0.029759886  -10.172236
-0.4317054  0.041166384  -9.966224
-0.48190156  0.037527915  -9.802328
-0.4842268  0.009330002  -9.658249
-0.40542746  -0.03188258  -9.486755
-0.2801645  -0.056879103  -9.274671
-0.15516822  -0.07207347  -9.093975
-0.06508628  -0.08722902  -9.001686
-0.0052766115  -0.08783435  -8.978345
0.04469574  -0.06190127  -8.998753
0.095279686  -0.022863233  -9.064631
0.13930845  0.008377473  -9.201196
0.18007042  0.018151188  -9.392749
0.22331767  0.023396268  -9.597636
0.2867543  0.015996637  -9.801583
0.3004252  0.022677554  -10.005578
0.22543998  0.034969326  -10.22931
0.056489047  0.040490974  -10.434009
-0.122660995  0.006740719  -10.599418
-0.26015213  -0.061646525  -10.703445
-0.34438503  -0.124103695  -10.731921
-0.38320312  -0.16070694  -10.676895
-0.39205685  -0.17216283  -10.555648
-0.38545206  -0.17076962  -10.4134655
-0.3808725  -0.15107733  -10.262769
-0.39449415  -0.1062795  -10.085441
-0.41417563  -0.06461944  -9.880905
-0.41867056  -0.048928823  -9.663208
-0.3784975  -0.055552363  -9.439944
-0.3065316  -0.04799227  -9.232938
-0.22340001  -0.009885135  -9.07159
-0.143941  0.032436404  -8.967005
-0.07366514  0.072225325  -8.910255
-0.024907976  0.114720546  -8.9188385
-0.0038524384  0.1678843  -9.012128
0.0010658662  0.20376402  -9.166597
0.017311282  0.20121245  -9.323208
0.059143707  0.17471834  -9.4610615
0.13306446  0.1695983  -9.585668
0.2160974  0.21629333  -9.718937
0.2648365  0.28469777  -9.897992
0.23326425  0.33301044  -10.12898
0.12747338  0.3324555  -10.369196
-0.0015723606  0.30990514  -10.54888
-0.1153921  0.28396037  -10.656187
-0.20801175  0.25340116  -10.714081
-0.29097483  0.21228544  -10.72995
-0.3645363  0.17333186  -10.677223
-0.4261329  0.15604796  -10.544526
-0.4756808  0.1512175  -10.3527565
-0.5350027  0.15937825  -10.12888
-0.5534866  0.13885356  -9.899963
-0.49549556  0.096578486  -9.6375475
-0.3459507  0.059961673  -9.358594
-0.18796296  0.07594464  -9.097039
-0.079957  0.13698678  -8.917036
-0.024156617  0.18662955  -8.834245
0.009420748  0.19505186  -8.822345
0.041003663  0.17088282  -8.868031
0.061020765  0.13778673  -8.978573
0.0734144  0.09323784  -9.159379
0.090519436  0.036096368  -9.394858
0.13348992  -0.024451515  -9.653744
0.19699316  -0.061442483  -9.910937
0.22925635  -0.05145259  -10.153306
0.21054976  -0.027490469  -10.37445
0.13253014  -0.02301645  -10.546199
0.03623635  -0.061705157  -10.67133
-0.06242764  -0.10354405  -10.734798
-0.14134057  -0.12350365  -10.729812
-0.1957655  -0.11564883  -10.645557
-0.23707777  -0.07343971  -10.515824
-0.28186047  0.0015189601  -10.406264
-0.3354207  0.08677646  -10.315735
-0.40207633  0.126967  -10.203316
-0.4644976  0.090130605  -10.029782
-0.4921629  0.006901626  -9.780836
-0.44927093  -0.065179385  -9.486547
-0.34892297  -0.07738993  -9.199796
-0.232691  -0.050423857  -8.976184
-0.14120346  -0.02008899  -8.82315
-0.08145859  -0.0070110266  -8.730233
-0.04142195  -5.19149E-4  -8.7042465
-0.008066171  0.02002695  -8.759408
0.024448851  0.052550647  -8.8828535
0.05977894  0.08491508  -9.049939
0.103886485  0.108558856  -9.249223
0.16012116  0.1356502  -9.485885
0.21497928  0.17065613  -9.746148
0.22645462  0.20502563  -10.008518
0.18698065  0.20528947  -10.261842
0.11015669  0.16828156  -10.487155
0.031794295  0.12309153  -10.656774
-0.036937427  0.09750446  -10.750087
-0.0929902  0.09240747  -10.767116
-0.13504973  0.08264038  -10.713271
-0.18265797  0.07164106  -10.597407
-0.25039107  0.063536756  -10.443126
-0.33780113  0.064040534  -10.253484
-0.43292043  0.07167292  -10.0460825
-0.48732635  0.058594685  -9.837868
-0.4790422  0.030083025  -9.636298
-0.3920132  0.004136164  -9.435174
-0.28006506  0.023044033  -9.240006
-0.17626776  0.048582096  -9.095933
-0.09942991  0.050005723  -9.030177
-0.04545702  0.01434886  -9.025196
-0.004713164  -0.023583675  -9.06596
0.02588197  -0.051441878  -9.142976
0.046579104  -0.0725644  -9.262643
0.06932675  -0.09903803  -9.4146805
0.10249073  -0.12370282  -9.593932
0.14901523  -0.13902646  -9.825368
0.18717098  -0.14006199  -10.088721
0.1692463  -0.1201848  -10.311596
0.07610973  -0.099795185  -10.482399
-0.065106064  -0.07990245  -10.602127
-0.18780224  -0.06339974  -10.687489
-0.25529382  -0.03143182  -10.696513
-0.27897096  -0.007350501  -10.631148
-0.29447302  -0.0052891783  -10.531209
-0.3245957  -0.026869506  -10.433301
-0.37737605  -0.05260414  -10.338868
-0.44348574  -0.093450904  -10.226424
-0.50807035  -0.15585221  -10.080879
-0.5326416  -0.23501141  -9.910222
-0.5086441  -0.28415915  -9.714524
-0.4406482  -0.28452733  -9.507394
-0.36233282  -0.25139272  -9.313373
-0.2836378  -0.20966856  -9.143402
-0.20726167  -0.16090538  -8.993941
-0.12907  -0.108219855  -8.88227
-0.04951352  -0.064954005  -8.828918
0.025543993  -0.03727874  -8.827232
0.07502109  -0.0049430546  -8.873843
0.09575508  0.02415363  -8.981242
0.09451401  0.052696794  -9.158067
0.093295574  0.08804208  -9.369752
0.12070545  0.14906335  -9.588897
0.15790254  0.22755311  -9.815838
0.15710284  0.29888523  -10.069728
0.085155405  0.3404555  -10.314166
-0.01568835  0.35986125  -10.492132
-0.090783186  0.35237417  -10.567573
-0.12778348  0.32454595  -10.558785
-0.14967178  0.28735232  -10.497418
-0.18066628  0.2740021  -10.403607
-0.22363615  0.28380585  -10.288597
-0.2766532  0.29117283  -10.158139
-0.32645085  0.27726305  -10.008263
-0.33025196  0.2330368  -9.857688
-0.27170327  0.1816587  -9.682682
-0.169442  0.13206095  -9.508712
-0.08814586  0.09712073  -9.358229
-0.05771463  0.05912562  -9.25899
-0.053636596  0.018299757  -9.17242
-0.038334563  -0.017929103  -9.078338
0.0022312314  -0.03804948  -8.995278
0.05748054  -0.038572114  -8.972287
0.11497259  -0.0210257  -9.013013
0.17750037  0.0074913423  -9.119552
0.24688376  0.0361964  -9.277786
0.30840924  0.059572548  -9.495206
0.358229  0.06273947  -9.758752
0.3928388  0.053651124  -10.022403
0.37478188  0.06445838  -10.252877
0.28177074  0.0874056  -10.459305
0.12334263  0.10057063  -10.621196
-0.031283647  0.08905748  -10.713524
-0.14057209  0.08569252  -10.713573
-0.1950621  0.095088415  -10.655196
-0.21000619  0.09563436  -10.560074
-0.20669855  0.07306704  -10.42991
-0.21310681  0.03869078  -10.283559
-0.26219255  -0.0100978175  -10.145825
-0.3307363  -0.08294115  -10.003622
-0.3682362  -0.16134281  -9.813591
-0.3300223  -0.21664834  -9.573897
-0.24485101  -0.2364174  -9.34555
-0.15985821  -0.22663395  -9.163429
-0.09272981  -0.20412832  -9.00978
-0.033808224  -0.18594718  -8.876189
0.015278433  -0.1802339  -8.810132
0.043189693  -0.17600375  -8.837715
0.057934184  -0.15393494  -8.907062
0.0840323  -0.11251491  -8.988216
0.13289022  -0.059459675  -9.106213
0.19799082  -0.0013461603  -9.317166
0.2813042  0.042659733  -9.5894785
0.35815826  0.08254314  -9.850837
0.39168254  0.12403033  -10.093776
0.34361163  0.16080333  -10.340756
0.2317136  0.16799758  -10.587889
0.1011871  0.14245532  -10.768586
-0.009168112  0.110584944  -10.830073
-0.08753357  0.0933209  -10.778355
-0.14614443  0.09759396  -10.64941
-0.19893116  0.120255955  -10.479907
-0.23980142  0.13661163  -10.281028
-0.28415316  0.15121968  -10.049052
-0.34120855  0.16251077  -9.803169
-0.37914124  0.1519628  -9.586997
-0.36213842  0.11578348  -9.403152
-0.28123736  0.07721027  -9.249423
-0.1855036  0.07276812  -9.113158
-0.10694641  0.08463725  -9.016256
-0.045917004  0.082136005  -8.972467
0.014412309  0.06264184  -8.968371
0.08350312  0.034284417  -8.998215
0.1464029  0.011965052  -9.073781
0.18745108  -0.0037365088  -9.214259
0.21319835  -0.014375132  -9.418545
0.25901982  -0.03263635  -9.658459
0.31150332  -0.0355984  -9.89
0.32809466  -0.009796922  -10.095058
0.26308233  0.020808754  -10.305102
0.1339071  0.018245282  -10.530656
-0.0052296226  -0.0028606597  -10.722054
-0.10089318  -0.004415656  -10.798066
-0.14733341  0.022055404  -10.766131
-0.17008322  0.05051345  -10.701874
-0.20261605  0.06938472  -10.636741
-0.24453177  0.0733035  -10.547404
-0.28803363  0.05438691  -10.38494
-0.34523126  0.02454689  -10.170817
-0.39443645  -0.016134484  -9.946484
-0.40028796  -0.056781974  -9.715388
-0.33903733  -0.089051284  -9.482019
-0.23592909  -0.08971772  -9.255567
-0.1288563  -0.050081413  -9.071862
-0.031375047  0.0051559457  -8.947296
0.049308404  0.05496111  -8.894211
0.11089126  0.08117846  -8.906196
0.15473223  0.088645376  -8.959638
0.18125129  0.10501767  -9.032099
0.20402269  0.12807114  -9.139998
0.23575898  0.14354225  -9.326042
0.29416165  0.13616693  -9.560598
0.33304155  0.13945004  -9.802325
0.31751272  0.15610261  -10.041514
0.23271431  0.15689914  -10.292692
0.12441975  0.11592144  -10.536086
0.016868135  0.06174318  -10.707726
-0.08981877  0.03020188  -10.804245
-0.19649558  0.024685686  -10.843358
-0.27952713  0.021672579  -10.806096
-0.3232747  0.023200117  -10.667361
-0.3354824  0.037067343  -10.448804
-0.3604952  0.07580561  -10.20151
-0.39807782  0.09981072  -9.97659
-0.4133116  0.08695068  -9.763729
-0.36334088  0.056124914  -9.52143
-0.2679933  0.052386984  -9.270616
-0.18018003  0.073144205  -9.089555
-0.1296396  0.079919934  -9.018071
-0.09699205  0.054038066  -9.004151
-0.05411518  0.017311  -8.984378
0.002021006  -0.010896518  -8.989035
0.05593714  -0.0277849  -9.055546
0.11228085  -0.033212814  -9.18098
0.17230022  -0.02168248  -9.3519335
0.23698956  -0.008917659  -9.584882
0.28294164  0.0038259875  -9.856826
0.27587733  0.0379243  -10.1293335
0.20259486  0.083604276  -10.361244
0.082708  0.111911215  -10.546948
-0.026414074  0.0876305  -10.655013
-0.10073376  0.056147266  -10.659847
-0.16056442  0.04865781  -10.606308
-0.23278679  0.06485283  -10.562551
-0.3099557  0.07699903  -10.5325775
-0.36668167  0.077104636  -10.474876
-0.39189073  0.0708087  -10.3333845
-0.41496125  0.06076519  -10.139125
-0.4167979  0.030738594  -9.925136
-0.37335244  -0.0029420108  -9.683993
-0.26684156  -0.014422295  -9.409146
-0.14481866  0.010578704  -9.147796
-0.03987259  0.051420312  -8.964927
0.044965774  0.090868086  -8.852559
0.123453856  0.1331683  -8.778815
0.1842993  0.1761492  -8.762689
0.22076525  0.19841987  -8.8251505
0.23364328  0.19953287  -8.936694
0.24593689  0.1839105  -9.070676
0.27052948  0.16707851  -9.24258
0.29026106  0.16410463  -9.46569
0.28402022  0.1816951  -9.742775
0.24197628  0.20620884  -10.031078
0.19374776  0.20896836  -10.272113
0.1550564  0.18458432  -10.439973
0.11961392  0.14954008  -10.540669
0.06592303  0.11278502  -10.607419
-0.007998366  0.0700063  -10.625171
-0.09413007  0.026722744  -10.583611
-0.19020726  -0.014566072  -10.496135
-0.27876806  -0.05807027  -10.357872
-0.35433814  -0.090524696  -10.140954
-0.40509233  -0.11446998  -9.873553
-0.4032863  -0.14225  -9.594455
-0.33692062  -0.16462936  -9.33794
-0.22251916  -0.16802071  -9.128223
-0.12970142  -0.13355532  -9.007623
-0.08557677  -0.104943514  -8.993045
-0.062973805  -0.09286523  -9.0207615
-0.010356641  -0.09926492  -9.032472
0.07162204  -0.11306866  -9.042041
0.15379904  -0.13132264  -9.081779
0.20795822  -0.14766054  -9.159222
0.24545307  -0.15415438  -9.266313
0.27214658  -0.15200971  -9.434822
0.29786703  -0.15345907  -9.688176
0.28417778  -0.13945417  -9.990887
0.22220226  -0.10491901  -10.282653
0.1024245  -0.064250365  -10.518196
-0.031714972  -0.053678203  -10.7009325
-0.14918035  -0.07454467  -10.811954
-0.2265979  -0.090220414  -10.832756
-0.26669207  -0.08226293  -10.770348
-0.28571272  -0.059323166  -10.661603
-0.30265507  -0.03406031  -10.525323
-0.32479846  -0.015085567  -10.348218
-0.33617878  -0.021467375  -10.135346
-0.32230338  -0.059223507  -9.898112
-0.27348134  -0.10948368  -9.652576
-0.21566387  -0.13519041  -9.423726
-0.17226543  -0.12771006  -9.246942
-0.14567296  -0.10358191  -9.135822
-0.11566279  -0.07278171  -9.0632925
-0.06583905  -0.03666283  -9.01251
0.0013657709  0.008856384  -8.995763
0.07761902  0.064197764  -9.025723
0.15444617  0.12388491  -9.097165
0.2221721  0.17953925  -9.204799
0.26894623  0.22194378  -9.35414
0.29972365  0.24256164  -9.559327
0.33120695  0.24350858  -9.802932
0.34083232  0.24909954  -10.045339
0.3150508  0.24655288  -10.2640295
0.24086471  0.21109731  -10.443269
0.15191655  0.12654345  -10.575011
0.052562088  0.0419798  -10.644627
-0.04362135  -0.015445097  -10.657894
-0.1374349  -0.04318708  -10.631499
-0.22111244  -0.053202614  -10.58552
-0.29583105  -0.042907  -10.518939
-0.34317014  -0.016909854  -10.388434
-0.3715268  0.019405702  -10.174197
-0.35396695  0.03881627  -9.909359
-0.2889326  0.03748697  -9.6259575
-0.16323578  0.025528535  -9.352979
-0.022529649  0.03000473  -9.1097355
0.08868799  0.045035552  -8.950923
0.15029712  0.04449056  -8.889206
0.17952652  0.026768265  -8.900735
0.20359458  -0.001011286  -8.963196
0.22756505  -0.028578585  -9.075074
0.24573655  -0.04693505  -9.227117
0.261515  -0.043782797  -9.400009
0.28607872  -0.023242122  -9.579006
0.34583497  -0.012401894  -9.7659235
0.39664397  0.014633234  -9.937658
0.40135586  0.071467094  -10.106591
0.31447554  0.1445347  -10.289204
0.18368407  0.18042575  -10.472857
0.059457656  0.18426429  -10.591647
-0.028757125  0.18905741  -10.602117
-0.0989606  0.20889543  -10.544308
-0.17107897  0.22836643  -10.478631
-0.242734  0.23719616  -10.413129
-0.2926811  0.23131084  -10.317695
-0.32598922  0.21043892  -10.163986
-0.3700621  0.17437947  -9.975472
-0.40451574  0.12009364  -9.787944
-0.40402722  0.08101847  -9.609403
-0.33860397  0.08773458  -9.4438715
-0.2394392  0.14650887  -9.293395
-0.1310979  0.2075909  -9.168735
-0.039094955  0.25494  -9.079434
0.03474148  0.2917209  -9.042803
0.095184185  0.32561514  -9.062245
0.15011545  0.34526888  -9.109596
0.1909309  0.3482984  -9.175078
0.20693056  0.33891773  -9.279082
0.20657904  0.31444785  -9.445634
0.21364862  0.27590778  -9.660397
0.21241152  0.24231766  -9.895344
0.1773672  0.2265703  -10.127485
0.10215952  0.21585035  -10.33566
0.020534249  0.18586476  -10.4951105
-0.05310748  0.13549387  -10.59746
-0.124945164  0.08906144  -10.637561
-0.19226784  0.06465095  -10.613215
-0.2458204  0.056205604  -10.522326
-0.28373158  0.04666713  -10.385888
-0.31330636  0.0314856  -10.229466
-0.3648064  0.028107854  -10.057591
-0.40582657  0.008766352  -9.883174
-0.4054315  -0.03491546  -9.675868
-0.3217604  -0.08842418  -9.436305
-0.20721157  -0.10192115  -9.208194
-0.112071216  -0.091405034  -9.066715
-0.056677688  -0.101010285  -9.022868
-0.008553773  -0.1479501  -8.999133
0.053429957  -0.20773244  -8.954564
0.118234165  -0.25950873  -8.943221
0.15922892  -0.28255317  -9.035919
0.17940955  -0.26705262  -9.232226
0.2155674  -0.22150563  -9.457637
0.28796437  -0.17081548  -9.654362
0.3998234  -0.14970393  -9.813401
0.47289348  -0.1270115  -9.954762
0.456988  -0.09359924  -10.127015
0.33429226  -0.054496318  -10.344653
0.17982572  -0.05614357  -10.54359
0.053208325  -0.09532938  -10.631257
-0.032388102  -0.13778639  -10.591989
-0.10027421  -0.16099498  -10.507378
-0.16629685  -0.17307508  -10.433618
-0.2186786  -0.18304281  -10.3603325
-0.25449553  -0.18879451  -10.256088
-0.29011616  -0.18553992  -10.128076
-0.31264755  -0.18353517  -9.9916525
-0.29682252  -0.1928265  -9.83991
-0.23037802  -0.19178034  -9.658707
-0.14490934  -0.15655304  -9.464463
-0.06456116  -0.09025847  -9.2808275
0.006334407  -0.021314882  -9.127322
0.06705573  0.031056276  -9.022422
0.117502  0.06644238  -8.990518
0.15970778  0.093886964  -9.033205
0.19520432  0.120960556  -9.123357
0.2218469  0.15521647  -9.242734
0.23676467  0.19433723  -9.402907
0.24649425  0.22695844  -9.618606
0.2792225  0.24581687  -9.851201
0.3265654  0.2657124  -10.0443
0.35467467  0.2886932  -10.19691
0.32208142  0.29621232  -10.336091
0.22759022  0.2724551  -10.484248
0.111569226  0.22468233  -10.617501
0.013618019  0.18013544  -10.680284
-0.04158623  0.12816061  -10.625726
-0.07483993  0.06417682  -10.46511
-0.12851296  -0.0021033036  -10.285894
-0.22191145  -0.051936835  -10.142131
-0.35402456  -0.062236767  -10.023561
-0.45067906  -0.07913746  -9.895368
-0.4657015  -0.11195972  -9.72557
-0.37824228  -0.14800878  -9.508508
-0.25617042  -0.14131562  -9.290827
-0.15414649  -0.10053582  -9.142299
-0.08586592  -0.06097134  -9.0980835
-0.029391134  -0.037553873  -9.105993
0.040846244  -0.025724841  -9.10065
0.11907339  -0.02279008  -9.083332
0.18166363  -0.0278237  -9.108857
0.21440522  -0.026368484  -9.213361
0.22270735  -0.0055400445  -9.353041
0.23654677  0.023701563  -9.495221
0.27384496  0.03764062  -9.648386
0.2942808  0.0450861  -9.846973
0.25326827  0.063289  -10.094371
0.15138543  0.07734838  -10.339999
0.048900813  0.058236767  -10.514442
-0.021790186  0.012583156  -10.5751
-0.06485589  -0.028349916  -10.554259
-0.11758507  -0.034317166  -10.4843645
-0.17584217  -0.030523695  -10.392394
-0.22616951  -0.022084648  -10.277753
-0.26447865  -0.028038165  -10.153576
-0.31890008  -0.04213515  -10.02733
-0.39698824  -0.08405068  -9.929618
-0.44301805  -0.14204033  -9.829727
-0.41825798  -0.17228393  -9.709759
-0.32664308  -0.1443777  -9.555865
-0.22578304  -0.06995078  -9.404904
-0.14553553  0.010497369  -9.284249
-0.09351165  0.089947365  -9.196891
-0.044579957  0.16084374  -9.151076
0.01510549  0.21930502  -9.126315
0.079041176  0.25943816  -9.122226
0.13067597  0.28596035  -9.15796
0.15968375  0.30695736  -9.256263
0.17364967  0.3187064  -9.411757
0.19315267  0.31951925  -9.599025
0.21466608  0.32360297  -9.801131
0.21332331  0.34825316  -10.012728
0.1688848  0.37228206  -10.224224
0.093805194  0.36238876  -10.40825
0.006946149  0.31931832  -10.55399
-0.083627194  0.2799135  -10.640252
-0.16851352  0.258842  -10.644382
-0.24070467  0.23731975  -10.562623
-0.29913  0.19103663  -10.4512615
-0.3612907  0.14173652  -10.348539
-0.43647704  0.11428604  -10.243022
-0.48206648  0.09772716  -10.097539
-0.46222392  0.064116865  -9.90091
-0.3830152  0.02424354  -9.673054
-0.3048623  0.024428388  -9.473218
-0.2645943  0.07202731  -9.347089
-0.2612083  0.12668672  -9.307014
-0.26042122  0.1326728  -9.321329
-0.24889529  0.100441776  -9.350076
-0.21884982  0.043726116  -9.3624115
-0.16935061  -0.007868064  -9.343559
-0.110555746  -0.052633952  -9.3314085
-0.03894534  -0.0781612  -9.330922
0.020307114  -0.08222151  -9.358352
0.069710776  -0.08899903  -9.4207
0.09389038  -0.11304609  -9.550602
0.11374406  -0.15816636  -9.737676
0.12650023  -0.19198161  -9.928903
0.123294  -0.1968648  -10.097001
0.065614425  -0.16490492  -10.244045
-0.042767387  -0.13153267  -10.388918
-0.17128456  -0.11940384  -10.506917
-0.27631184  -0.13143408  -10.552002
-0.34931126  -0.14107007  -10.51036
-0.40186492  -0.13909495  -10.412347
-0.46385336  -0.13014019  -10.3024435
-0.5192266  -0.13804214  -10.18494
-0.53663677  -0.16964929  -10.041152
-0.5039455  -0.19994636  -9.863481
-0.4500781  -0.19822793  -9.694557
-0.40865985  -0.1606401  -9.573426
-0.3792646  -0.1191513  -9.499528
-0.35309175  -0.084528714  -9.452487
-0.32039142  -0.054287355  -9.409561
-0.2812255  -0.019627249  -9.369167
-0.24367493  0.010063679  -9.329389
-0.2113362  0.03105604  -9.294865
-0.18355514  0.050919324  -9.275146
-0.15453024  0.0805524  -9.282379
-0.12554152  0.115768276  -9.35174
-0.10402223  0.12912036  -9.463103
-0.079968505  0.1088804  -9.5801
-0.05122657  0.07799976  -9.649974
-0.0069823847  0.06496731  -9.712524
0.033740245  0.072209075  -9.809108
0.045483183  0.089259654  -9.943584
-0.0028321526  0.12040988  -10.086932
-0.10589823  0.15232696  -10.218137
-0.22991003  0.16142787  -10.343972
-0.34804416  0.1369163  -10.43559
-0.45340946  0.10488981  -10.447637
-0.5500124  0.087675266  -10.37472
-0.65378773  0.0919013  -10.256615
-0.7567  0.0897938  -10.14925
-0.8369863  0.063005045  -10.060261
-0.85495836  0.00631983  -9.958363
-0.81167346  -0.04770906  -9.826194
-0.7384072  -0.07939616  -9.686695
-0.6806094  -0.08519853  -9.585137
-0.65518075  -0.083140925  -9.543274
-0.65991825  -0.0785902  -9.5458765
-0.6742961  -0.08290872  -9.571719
-0.69425815  -0.09674441  -9.605775
-0.7145528  -0.121723354  -9.640349
-0.7323847  -0.14979815  -9.668998
-0.74382544  -0.17227739  -9.683891
-0.75125664  -0.1864984  -9.692494
-0.7626262  -0.19135046  -9.713519
-0.7805663  -0.1938107  -9.760221
-0.8026988  -0.19995362  -9.828804
-0.8201681  -0.21139097  -9.900062
-0.8279075  -0.2236871  -9.958272
-0.83589333  -0.23205473  -10.011815
-0.85318583  -0.24442069  -10.060771
-0.8815333  -0.26594576  -10.099233
-0.91149473  -0.2900931  -10.110307
-0.9386427  -0.30274537  -10.110309
-0.96957093  -0.30261886  -10.113627
-1.0057671  -0.30139813  -10.12051
-1.0500944  -0.30379704  -10.092541
-1.0908928  -0.30377465  -10.016801
-1.1116977  -0.30299005  -9.917625
-1.0883273  -0.30795312  -9.816054
-1.0167313  -0.30276048  -9.70375
-0.92207676  -0.2670208  -9.572449
-0.8407194  -0.20251293  -9.474819
-0.78639245  -0.14088698  -9.454881
-0.7413354  -0.10001645  -9.491614
-0.6843726  -0.07490387  -9.523192
-0.61646855  -0.05413739  -9.530472
-0.55469745  -0.036085647  -9.537867
-0.5098052  -0.022806665  -9.564038
-0.48085773  -0.014860828  -9.605389
-0.45698056  -0.009924118  -9.647887
-0.43031657  -0.010294414  -9.687066
-0.39254138  -0.018901601  -9.71124
-0.34506717  -0.034165632  -9.71754
-0.29233655  -0.045785803  -9.708676
-0.24235626  -0.045262847  -9.697787
-0.20212133  -0.029395828  -9.696161
-0.17427637  -0.0016652212  -9.703086
-0.15577416  0.026627218  -9.71886
-0.1445456  0.0459244  -9.744111
-0.13428366  0.052055057  -9.771487
-0.12041644  0.05099401  -9.783486
-0.099551745  0.050883967  -9.774381
-0.078670144  0.056649294  -9.754172
-0.066528805  0.06395039  -9.742806
-0.06079185  0.06366945  -9.741565
-0.05370288  0.053857584  -9.745762
-0.042823773  0.045714915  -9.753091
-0.033736736  0.04483527  -9.770663
-0.024612194  0.04808004  -9.786511
-0.011093172  0.04794371  -9.791007
0.010923852  0.045236778  -9.7814245
0.033834532  0.044274148  -9.775582
0.053061556  0.045100484  -9.775584
0.06812145  0.043294493  -9.773103
0.07916965  0.03524591  -9.766945
0.082319915  0.021210467  -9.775139
0.07794706  0.003580517  -9.798261
0.08048683  -0.014267507  -9.812133
0.09753259  -0.025038207  -9.804402
0.12143781  -0.024899716  -9.790669
0.13450478  -0.0157383  -9.798903
0.13511264  -0.0049045724  -9.821168
0.13276875  0.002797012  -9.833553
0.13432355  0.006142352  -9.833779
0.13888969  0.008728453  -9.835705
0.14249544  0.012687825  -9.850484
0.14866178  0.0168669  -9.862843
0.15958224  0.017955214  -9.859172
0.17587072  0.017762072  -9.842677
0.19015475  0.02113252  -9.826013
0.19897199  0.030939981  -9.82242
0.2022007  0.042445626  -9.8293915
0.20526195  0.052881718  -9.843318
0.21252422  0.058238596  -9.851895
0.22593455  0.060874045  -9.852451
0.24115908  0.06220947  -9.848255
0.25448784  0.067128435  -9.841243
0.274033  0.075906135  -9.837418
0.29454044  0.07947987  -9.828411
0.3110284  0.07387351  -9.822188
0.29817936  0.08198461  -9.82341
0.2797437  0.10040911  -9.834305
0.2654738  0.103850745  -9.848304
0.27011013  0.06645157  -9.8635435
0.27747416  0.022796957  -9.861565
0.28600276  0.009927482  -9.83528
0.29085696  0.023141673  -9.800349
0.2934433  0.033000614  -9.78769
0.29629454  0.02959642  -9.798236
0.30177757  0.029039199  -9.804043
0.30945483  0.04116589  -9.797332
0.31607234  0.0594003  -9.783952
0.32500526  0.072685115  -9.774543
0.32663345  0.07787975  -9.77393
0.32150355  0.084963225  -9.781537
0.31680045  0.095551215  -9.78268
0.31652346  0.10754124  -9.786233
0.31397867  0.11240504  -9.799237
0.30405372  0.11252754  -9.827803
0.29833493  0.12121001  -9.838608
0.30444357  0.13911696  -9.820706
0.31597236  0.15649843  -9.788839
0.32141733  0.16003884  -9.775439
0.31831354  0.15904988  -9.788316
0.313329  0.16521157  -9.809674
0.30880737  0.17718534  -9.829436
0.30513862  0.18456815  -9.83661
