0.4278602  -0.2620635  -9.626595
0.37730807  -0.25108773  -9.610634
0.35780692  -0.24841684  -9.597286
0.31151786  -0.2523882  -9.565593
0.282822  -0.25153098  -9.559655
0.23840539  -0.25222808  -9.578702
0.19746722  -0.25119314  -9.633885
0.1654204  -0.25314042  -9.695694
0.15064318  -0.2435552  -9.752242
0.13880092  -0.22998631  -9.781704
0.13069238  -0.2299943  -9.778064
0.12424069  -0.23910874  -9.761028
0.12059817  -0.24106236  -9.755729
0.118364125  -0.23253389  -9.768912
0.113900356  -0.21546407  -9.784913
0.11081058  -0.19785519  -9.790666
0.11575568  -0.18528883  -9.782275
0.123290144  -0.17466258  -9.770077
0.12722044  -0.15950723  -9.766295
0.12092784  -0.1393783  -9.77509
0.1103403  -0.12382271  -9.789676
0.09824886  -0.1210059  -9.801353
0.08171347  -0.12578791  -9.812913
0.059918266  -0.13174622  -9.828336
0.036794815  -0.13028584  -9.839203
0.023682766  -0.12549406  -9.839297
0.022206597  -0.121281944  -9.826262
0.026280196  -0.114738934  -9.81085
0.027395548  -0.10003936  -9.801192
0.023110077  -0.07328228  -9.795612
0.017496655  -0.04144686  -9.78997
0.012834775  -0.013099808  -9.781262
0.011452992  0.0077917003  -9.771472
0.014301387  0.020326024  -9.764355
0.021962078  0.024550704  -9.761643
0.03224899  0.024534302  -9.762174
0.039389897  0.025565758  -9.764365
0.042938445  0.025592795  -9.760451
0.04738142  0.019492432  -9.753791
0.057692796  0.008694033  -9.747808
0.07239751  -0.0046602185  -9.741637
0.08751135  -0.015791971  -9.73113
0.09880061  -0.026060512  -9.7144
0.104381114  -0.03302154  -9.702301
0.10442516  -0.037683193  -9.703002
0.10539829  -0.03696033  -9.716374
0.112036675  -0.026058575  -9.735303
0.12328935  -0.011199529  -9.751796
0.1371963  8.522589E-4  -9.756547
0.15300268  0.003033423  -9.751323
0.17180099  0.002031866  -9.744337
0.1923101  3.290477E-4  -9.7448
0.21269716  -7.870987E-4  -9.754939
0.23628926  -0.0069877096  -9.766421
0.26562175  -0.020098304  -9.77121
0.30209646  -0.040450126  -9.770583
0.3398277  -0.061975908  -9.770715
0.37494278  -0.07794903  -9.773281
0.4083712  -0.08739457  -9.768432
0.44054452  -0.09372922  -9.750525
0.46868074  -0.102724195  -9.735443
0.485993  -0.11407847  -9.73297
0.4930996  -0.12438547  -9.740933
0.49636066  -0.13427831  -9.743264
0.50555557  -0.14732327  -9.733102
0.52303463  -0.16478173  -9.720191
0.5450731  -0.18089835  -9.715694
0.56546164  -0.18165009  -9.728002
0.5831898  -0.1678549  -9.753257
0.6011956  -0.14638816  -9.778413
0.62222713  -0.13072683  -9.790475
0.64949566  -0.1202749  -9.788039
0.67850417  -0.11305963  -9.778193
0.7064488  -0.0992625  -9.775274
0.7258473  -0.07770871  -9.7755575
0.73901385  -0.05134217  -9.774483
0.74703056  -0.020818291  -9.772809
0.75601155  0.013398188  -9.782619
0.7726764  0.05201645  -9.803775
0.80457956  0.08437712  -9.813891
0.85254055  0.109172165  -9.798634
0.9097101  0.12615044  -9.764889
0.9677727  0.13600361  -9.7334175
1.0258204  0.13929845  -9.71145
1.0841894  0.13842137  -9.705132
1.1403942  0.14402834  -9.712479
1.1873293  0.1584981  -9.733869
1.2181556  0.17551047  -9.766274
1.229116  0.18333794  -9.818213
1.2219825  0.18840438  -9.89182
1.200453  0.20813607  -9.978271
1.1714827  0.24415947  -10.05676
1.1397743  0.27483702  -10.11215
1.09723  0.28029487  -10.152539
1.0418956  0.26099864  -10.199534
0.9763208  0.23322852  -10.261317
0.9211243  0.20822483  -10.314168
0.88318306  0.19541842  -10.334774
0.8604226  0.1940338  -10.326446
0.8460645  0.20140044  -10.305096
0.83367443  0.2139916  -10.268416
0.8235676  0.21689183  -10.204972
0.81287813  0.20426087  -10.111804
0.8018327  0.17648236  -9.997429
0.7870617  0.15123206  -9.877851
0.76968235  0.13244863  -9.775261
0.75007015  0.12364051  -9.691608
0.72826487  0.120321654  -9.621101
0.71634334  0.1171219  -9.55724
0.72106725  0.102972806  -9.51821
0.7401131  0.08319014  -9.518426
0.7598432  0.06990909  -9.55367
0.7750168  0.05307867  -9.615105
0.7868717  0.009445271  -9.702776
0.8030873  -0.062857755  -9.824279
0.8145316  -0.12990622  -9.956503
0.7819786  -0.16949077  -10.092328
0.6800253  -0.19494362  -10.245237
0.518336  -0.22125714  -10.403202
0.35635933  -0.23239517  -10.51083
0.22442758  -0.20718856  -10.516994
0.11957284  -0.1583881  -10.448344
0.027654259  -0.12311408  -10.359661
-0.051618014  -0.11193609  -10.275355
-0.10923042  -0.11274884  -10.184805
-0.14603786  -0.11951378  -10.071284
-0.16819994  -0.14487065  -9.934421
-0.18050331  -0.18282656  -9.78444
-0.1859024  -0.20658003  -9.63683
-0.17448719  -0.19982535  -9.492071
-0.14191847  -0.1702457  -9.341073
-0.08613483  -0.1396795  -9.186929
-0.021159172  -0.1089628  -9.052005
0.053024847  -0.08399614  -8.956822
0.13381676  -0.06635742  -8.89861
0.2034881  -0.059050065  -8.880421
0.24159269  -0.05825974  -8.930001
0.24178465  -0.040318787  -9.065452
0.23293538  6.740556E-4  -9.269011
0.24051102  0.05153373  -9.505788
0.2877566  0.0853525  -9.73199
0.338473  0.104825996  -9.904626
0.34290397  0.100813866  -10.040082
0.26027122  0.07259404  -10.179656
0.11834743  0.03629062  -10.3434725
-0.024933333  0.02322787  -10.472739
-0.13258058  0.03298001  -10.519595
-0.21258895  0.033224173  -10.496684
-0.28397408  0.026437094  -10.441077
-0.3524438  0.033615645  -10.359373
-0.41957065  0.07014394  -10.235286
-0.48047784  0.10229325  -10.083218
-0.49878845  0.124577306  -9.898355
-0.4473032  0.14673264  -9.667671
-0.33104023  0.18994243  -9.409219
-0.2132317  0.2202217  -9.1889715
-0.13099027  0.20563304  -9.060123
-0.08430467  0.15763694  -9.001796
-0.050576568  0.12117225  -8.978029
-0.011660743  0.12101809  -8.973348
0.035714287  0.1489732  -8.985902
0.09072996  0.17354035  -9.016883
0.14428501  0.1725897  -9.081911
0.18399085  0.14369912  -9.21106
0.20088081  0.11544929  -9.42183
0.20933942  0.10580387  -9.680617
0.23395795  0.10750111  -9.921058
0.24633873  0.121359505  -10.107528
0.20138891  0.13864909  -10.284256
0.07055103  0.16269499  -10.485314
-0.0978845  0.18555392  -10.664578
-0.2344578  0.20107561  -10.733246
-0.3148856  0.20419009  -10.662036
-0.35412022  0.17952786  -10.520791
-0.39196336  0.13894711  -10.372417
-0.4411169  0.09800499  -10.230319
-0.5075522  0.06709505  -10.087134
-0.56032056  0.037187666  -9.953976
-0.5644231  0.022220103  -9.827151
-0.487295  0.022211142  -9.684833
-0.36286226  0.029342031  -9.513125
-0.24645537  0.026500538  -9.350598
-0.16597229  0.021503648  -9.22718
-0.1024346  0.03015971  -9.137063
-0.03513488  0.045203943  -9.067635
0.030779986  0.064539604  -9.024447
0.08463172  0.08128382  -9.025483
0.12411412  0.11092436  -9.085384
0.14979866  0.12959437  -9.21396
0.1657235  0.13339841  -9.400895
0.17940886  0.1275249  -9.608499
0.1776536  0.13968603  -9.818036
0.14254616  0.16954432  -10.036266
0.05990736  0.1831005  -10.272298
-0.040753756  0.15662123  -10.475219
-0.13958432  0.09528237  -10.591118
-0.2278914  0.01886873  -10.608399
-0.31794962  -0.04294589  -10.580412
-0.40845254  -0.062952764  -10.544289
-0.48504102  -0.035081103  -10.4792
-0.5267698  0.007634027  -10.340251
-0.5421221  0.03167146  -10.127168
-0.56419295  0.03907974  -9.898509
-0.5799728  0.041842733  -9.704061
-0.5524917  0.041410673  -9.506525
-0.45897022  0.024726907  -9.275364
-0.34152508  1.286047E-4  -9.054286
-0.24814914  -0.009180731  -8.93873
-0.17655106  -0.007810956  -8.953731
-0.10713827  -0.007947389  -9.022533
-0.028643752  -0.020342868  -9.086922
0.04124434  -0.03138703  -9.157695
0.08566598  -0.041032027  -9.281747
0.10642224  -0.059363086  -9.4648485
0.13936  -0.08830881  -9.676219
0.16540493  -0.087426186  -9.859624
0.14130251  -0.043908935  -10.057774
0.044309605  0.007115306  -10.277236
-0.08386446  0.03684701  -10.494568
-0.18776183  0.052328635  -10.634744
-0.27016118  0.08134508  -10.665053
-0.3369557  0.10406131  -10.6261
-0.40363047  0.1012731  -10.554357
-0.4643507  0.073365055  -10.477412
-0.51778746  0.040833343  -10.391803
-0.5598629  0.009339006  -10.274301
-0.5984562  -0.040588994  -10.12156
-0.61780655  -0.10199323  -9.944147
-0.5934932  -0.15634505  -9.753807
-0.5084948  -0.17131121  -9.5476265
-0.3965032  -0.15808927  -9.342042
-0.28971422  -0.13009079  -9.17197
-0.20626803  -0.092375346  -9.069763
-0.13817155  -0.043106586  -9.041319
-0.07858301  0.0020742614  -9.061215
-0.030813063  0.035063278  -9.115982
-0.002451722  0.054368645  -9.207277
0.005485371  0.063476056  -9.365842
0.01654078  0.064049795  -9.584752
0.029640293  0.049929857  -9.8123255
0.02590213  0.030041397  -10.006679
-0.022191102  0.015749399  -10.166665
-0.10137325  0.015617582  -10.327706
-0.18639708  0.016311271  -10.474262
-0.26349935  0.021781534  -10.563703
-0.33586526  0.03931888  -10.580063
-0.40666416  0.06539689  -10.550618
-0.46855223  0.07437513  -10.48108
-0.5129408  0.06452412  -10.349414
-0.5384932  0.0677518  -10.148927
-0.5764223  0.10201136  -9.912683
-0.606781  0.13347875  -9.6948805
-0.5839315  0.12930135  -9.456657
-0.48653272  0.099496104  -9.194264
-0.36237088  0.06791459  -8.946031
-0.27537093  0.043066468  -8.800502
-0.21949315  0.011644512  -8.790511
-0.17276968  -0.015356342  -8.866868
-0.108121276  -0.027184054  -8.965636
-0.03157905  -0.023837047  -9.048898
0.046135355  -0.012766369  -9.128995
0.10705313  5.8288727E-4  -9.259258
0.14654858  0.017431712  -9.467042
0.18790846  0.020234037  -9.7044
0.21147954  0.023729758  -9.901813
0.18493235  0.037233423  -10.067688
0.08894995  0.06887856  -10.262145
-0.037944946  0.09641384  -10.472522
-0.14232926  0.10378527  -10.621343
-0.20915711  0.105116926  -10.631805
-0.24702942  0.11069619  -10.537065
-0.2742637  0.10513709  -10.397666
-0.29732743  0.076050915  -10.265518
-0.31508398  0.035622608  -10.1354
-0.33691883  0.0022383367  -9.98988
-0.3556949  -0.016469425  -9.828221
-0.35457167  -0.025301775  -9.68035
-0.30828565  -0.026593015  -9.558463
-0.22923402  -0.031157734  -9.437173
-0.13951975  -0.039835114  -9.303283
-0.061362553  -0.04986942  -9.174969
0.005036022  -0.049609978  -9.080615
0.06014343  -0.036233112  -9.033309
0.10718813  -0.010646611  -9.040563
0.14350404  0.019628659  -9.102724
0.16414459  0.038061917  -9.219676
0.17370056  0.041881215  -9.3775215
0.18462269  0.04362737  -9.583205
0.21687765  0.058185022  -9.81796
0.24721964  0.08791915  -10.046241
0.2387188  0.10689952  -10.246948
0.16661763  0.09283631  -10.435766
0.05914938  0.04988563  -10.600831
-0.042952657  0.009071012  -10.698619
-0.12863977  -0.009881838  -10.696727
-0.20324548  -0.009605541  -10.62135
-0.27642003  -0.003981423  -10.508836
-0.34354052  0.0027159697  -10.365616
-0.39847064  0.011560979  -10.189442
-0.45769286  0.031043373  -10.003921
-0.5013574  0.042180836  -9.840129
-0.49290004  0.02573019  -9.679172
-0.40756807  -0.0138470335  -9.483609
-0.28178298  -0.04651923  -9.27778
-0.16823737  -0.054423537  -9.126792
-0.08311618  -0.06322595  -9.071927
-0.0202479  -0.08417246  -9.086226
0.031384595  -0.09346881  -9.122296
0.07196266  -0.069280624  -9.161461
0.10110435  -0.015747437  -9.213802
0.12162772  0.026358282  -9.305608
0.14064676  0.0466457  -9.448775
0.16582428  0.04889986  -9.628549
0.20709944  0.042235542  -9.815552
0.23326047  0.034369785  -9.984807
0.20320137  0.030074328  -10.161063
0.09899626  0.03445441  -10.356444
-0.030174902  0.038065147  -10.540581
-0.1338646  0.04115237  -10.646695
-0.20109303  0.05065587  -10.641319
-0.25451016  0.071859755  -10.568912
-0.29918382  0.090670265  -10.467374
-0.3314793  0.09000924  -10.359203
-0.35453776  0.05832343  -10.222081
-0.39287284  0.0017531607  -10.059165
-0.433776  -0.0531403  -9.8991165
-0.44193408  -0.07842095  -9.7549
-0.38047025  -0.062063515  -9.593377
-0.275134  -0.018648813  -9.4062395
-0.16947919  0.0314253  -9.218675
-0.08486745  0.07037244  -9.090034
-0.017717052  0.093526065  -9.025834
0.045320373  0.10332901  -9.006014
0.10259012  0.110923104  -9.010137
0.15091555  0.1204019  -9.036094
0.19039486  0.13140722  -9.1039915
0.22839426  0.14871652  -9.22223
0.27272758  0.18374734  -9.392174
0.3208407  0.24301212  -9.601083
0.33652225  0.2956202  -9.827443
0.28577513  0.30366096  -10.0488405
0.16280453  0.26199186  -10.259567
0.014375933  0.19452561  -10.438621
-0.10480797  0.12314976  -10.562474
-0.17689085  0.057172015  -10.602103
-0.2146193  0.0031377382  -10.560693
-0.25187224  -0.020796156  -10.469819
-0.29780033  -0.02620461  -10.362564
-0.35006404  -0.022370078  -10.245928
-0.408103  -0.008181679  -10.108425
-0.44171223  0.01763845  -9.949623
-0.41746977  0.0415345  -9.756563
-0.32377535  0.04637414  -9.536852
-0.21196759  0.03922345  -9.3127775
-0.12077704  0.02049935  -9.126768
-0.05821569  -0.018227095  -9.027069
-0.010705866  -0.07835668  -9.0167055
0.029190088  -0.1258251  -9.074264
0.06245421  -0.13135506  -9.151932
0.09625244  -0.1037366  -9.245863
0.12717879  -0.06875662  -9.377503
0.1602689  -0.052174512  -9.553727
0.20749097  -0.05161884  -9.750321
0.27424142  -0.056907102  -9.923862
0.30226982  -0.041793887  -10.067118
0.2432824  -0.026334336  -10.236218
0.09559991  -0.010458785  -10.430009
-0.053635184  3.218061E-5  -10.591817
-0.15370491  0.02330671  -10.639832
-0.20671594  0.064554736  -10.583748
-0.24989732  0.09875986  -10.495083
-0.30081415  0.10696324  -10.407496
-0.36059597  0.06471468  -10.328245
-0.4264051  -0.01039372  -10.220839
-0.4963497  -0.097838975  -10.068463
-0.5355429  -0.16895919  -9.894194
-0.5078961  -0.20236562  -9.712882
-0.39943245  -0.18576564  -9.508076
-0.25730902  -0.12834959  -9.281921
-0.14030714  -0.06175214  -9.09732
-0.0692172  -0.0059325728  -9.012913
-0.030258397  0.034663375  -9.020896
0.013136608  0.0633683  -9.059224
0.06964778  0.086156465  -9.091168
0.12597723  0.10271665  -9.12593
0.1671822  0.11711794  -9.204727
0.1932901  0.12699872  -9.348796
0.22738467  0.1411794  -9.540547
0.27449754  0.1683321  -9.738587
0.2943397  0.18832064  -9.938249
0.24415545  0.18592197  -10.168654
0.124272786  0.15994893  -10.403331
0.0038403508  0.14552243  -10.561498
-0.079824366  0.13957208  -10.586785
-0.12665527  0.12694772  -10.513896
-0.17209984  0.10940685  -10.411369
-0.22512718  0.106452234  -10.30275
-0.28217575  0.12600513  -10.176888
-0.34294462  0.15057078  -10.026026
-0.4161993  0.1618889  -9.883019
-0.4497606  0.1376905  -9.754228
-0.40218544  0.101914465  -9.59161
-0.272816  0.059307117  -9.392874
-0.14689755  0.022611061  -9.217003
-0.069311686  -0.019921774  -9.140015
-0.025946751  -0.07192547  -9.146989
0.023220323  -0.11002991  -9.172867
0.08634955  -0.120827876  -9.199521
0.15332387  -0.094026744  -9.230999
0.20901473  -0.054358874  -9.299077
0.258126  -0.006847894  -9.422381
0.30463228  0.045830965  -9.591672
0.3461028  0.10000362  -9.795643
0.37614277  0.11662817  -10.008174
0.3644534  0.11299041  -10.220932
0.2975818  0.11249637  -10.431171
0.18245226  0.13160616  -10.599252
0.061219603  0.14468338  -10.683907
-0.039035935  0.14433794  -10.6561575
-0.12007246  0.14875902  -10.557607
-0.19119374  0.15591735  -10.439226
-0.25544265  0.14922343  -10.32261
-0.31278026  0.11429989  -10.207535
-0.37609842  0.060623568  -10.0897
-0.44407246  5.216678E-4  -9.975253
-0.47733578  -0.040156383  -9.846322
-0.44172117  -0.044106916  -9.668918
-0.32992187  -0.011586552  -9.441226
-0.19663589  0.026651427  -9.217427
-0.085676454  0.057616323  -9.059762
-0.018551037  0.08169525  -8.983619
0.022626057  0.10197177  -8.957471
0.06430597  0.11187378  -8.960742
0.117167614  0.104911305  -8.991282
0.17224668  0.091656156  -9.061526
0.22252311  0.08608218  -9.174899
0.26590982  0.103943944  -9.338257
0.31159365  0.14424467  -9.55338
0.35610747  0.20130853  -9.789281
0.36802527  0.24239056  -10.007218
0.31513202  0.2458111  -10.2099085
0.19801879  0.2074415  -10.409694
0.06469012  0.15451516  -10.57775
-0.046070486  0.118007354  -10.650006
-0.12900247  0.098854445  -10.615792
-0.20513166  0.09358686  -10.523575
-0.28759038  0.07910022  -10.406648
-0.37382445  0.056870233  -10.276055
-0.4515127  0.035304558  -10.129319
-0.5169583  0.045947105  -9.992062
-0.537564  0.062230986  -9.860378
-0.48999622  0.06596451  -9.687489
-0.37798575  0.043442518  -9.476293
-0.25516793  0.026684856  -9.280168
-0.16478996  0.031851258  -9.177533
-0.100467585  0.043720376  -9.147221
-0.034877446  0.05739483  -9.122247
0.039233882  0.06748007  -9.069416
0.10386825  0.08115032  -9.023425
0.13978599  0.09174812  -9.044269
0.15582336  0.10133982  -9.152649
0.17685954  0.104582064  -9.338032
0.21804179  0.09077287  -9.568005
0.27528867  0.05504318  -9.833024
0.3171325  0.012446635  -10.092074
0.29472658  -0.001805033  -10.3482275
0.19652028  9.983924E-4  -10.59779
0.056092206  0.010493126  -10.797702
-0.06275184  0.022839526  -10.885288
-0.13895556  0.06310696  -10.819055
-0.19143535  0.121476986  -10.654452
-0.25038737  0.1561488  -10.464147
-0.32826313  0.14601026  -10.296505
-0.4191164  0.102232456  -10.149936
-0.50477666  0.04491368  -10.010293
-0.54694766  5.90163E-4  -9.86369
-0.5212572  -0.012098451  -9.697008
-0.43230447  0.008947031  -9.508385
-0.32615757  0.043260857  -9.324712
-0.23202163  0.06364868  -9.185999
-0.15424918  0.074988104  -9.101246
-0.07612279  0.08440908  -9.040619
0.004779654  0.09807543  -8.992706
0.08509789  0.11092705  -8.970172
0.15172935  0.12161901  -8.997881
0.20151144  0.12908965  -9.084984
0.23747899  0.1364611  -9.212509
0.26673535  0.13849972  -9.364183
0.2942034  0.13811994  -9.535007
0.33126307  0.14211918  -9.717778
0.37119365  0.14806235  -9.881788
0.37057757  0.15081857  -10.024993
0.28712034  0.12938553  -10.196841
0.13574016  0.08693967  -10.4228
-0.014339845  0.039835673  -10.6416235
-0.11587741  0.0010728808  -10.751786
-0.1764282  -0.036794703  -10.735978
-0.23042129  -0.06893021  -10.637157
-0.29643425  -0.08201588  -10.504204
-0.37965617  -0.05206831  -10.336507
-0.45563614  0.0029961532  -10.158013
-0.47095796  0.04530247  -9.956661
-0.40350187  0.07051704  -9.731396
-0.28380617  0.07767532  -9.510541
-0.1874457  0.07334295  -9.348953
-0.1444845  0.045262735  -9.294384
-0.1326127  0.0116465865  -9.307148
-0.110898755  0.0055420273  -9.332585
-0.05576622  0.02843371  -9.325592
0.018962191  0.062491555  -9.291867
0.0948843  0.094267465  -9.272052
0.1585115  0.12489598  -9.302696
0.21322554  0.14609571  -9.394565
0.2577827  0.14863552  -9.540246
0.29133692  0.1298365  -9.730698
0.32019702  0.10297973  -9.951835
0.35822168  0.081879705  -10.160396
0.35055265  0.08445834  -10.325143
0.26068607  0.09665028  -10.481357
0.08373135  0.104020275  -10.619425
-0.089816265  0.09655917  -10.685338
-0.2053379  0.098236956  -10.611537
-0.27449694  0.1206758  -10.453582
-0.33917215  0.14754595  -10.305598
-0.41504374  0.15467426  -10.199645
-0.49734965  0.121133484  -10.118358
-0.561549  0.05981705  -10.054623
-0.5733537  -0.006549195  -9.992261
-0.5083466  -0.04045107  -9.886604
-0.38762107  -0.039527185  -9.714438
-0.27090123  -0.015261427  -9.509723
-0.18766999  0.019534063  -9.33248
-0.12740125  0.06646527  -9.194595
-0.06823737  0.11909002  -9.081197
-0.0051668473  0.16994667  -8.98726
0.05354057  0.20147966  -8.929849
0.102834165  0.21188658  -8.921674
0.13887966  0.19639982  -8.978238
0.16369392  0.1694716  -9.096318
0.17841852  0.14874804  -9.265218
0.18916623  0.14051662  -9.474528
0.21971263  0.13866648  -9.704297
0.26235774  0.14018533  -9.918218
0.28097212  0.1366577  -10.098279
0.22376291  0.11402146  -10.2490015
0.09372016  0.057958663  -10.38647
-0.061262023  -0.015767934  -10.493178
-0.19796447  -0.07720605  -10.540768
-0.30480027  -0.09990112  -10.514985
-0.39866754  -0.08280187  -10.432835
-0.49223325  -0.039591905  -10.320748
-0.5938087  0.0080926325  -10.200916
-0.7038548  0.04218273  -10.093402
-0.7595808  0.04428896  -10.002303
-0.72686607  0.029385103  -9.876458
-0.6062715  0.016881991  -9.710951
-0.48683143  0.018729318  -9.555061
-0.41893598  0.014171693  -9.48429
-0.3928949  -0.009520989  -9.48036
-0.37396514  -0.03330085  -9.487369
-0.3464756  -0.0378371  -9.483905
-0.3154916  -0.015606254  -9.477055
-0.29422078  0.024601927  -9.478653
-0.28292808  0.07040795  -9.503711
-0.2793444  0.11143425  -9.559148
-0.27672783  0.14080995  -9.636591
-0.26842818  0.15434764  -9.725797
-0.25807428  0.14863475  -9.825638
-0.25764284  0.12789857  -9.942183
-0.27347267  0.10119245  -10.07857
-0.27921033  0.0665831  -10.203053
-0.28902307  0.051891103  -10.271054
-0.34566525  0.05909297  -10.311161
-0.477971  0.08169197  -10.35193
-0.6369355  0.07354825  -10.376677
-0.75606316  0.034679633  -10.32961
-0.8258629  -0.012631136  -10.209542
-0.89705676  -0.04384148  -10.072331
-0.9886375  -0.06769366  -9.960499
-1.0698773  -0.07642194  -9.867448
-1.0857452  -0.05729476  -9.779136
-1.0277281  0.0019626138  -9.674796
-0.94414854  0.07555031  -9.564633
-0.87303233  0.13260978  -9.484993
-0.83032805  0.15861332  -9.44192
-0.80031747  0.16078676  -9.424523
-0.77627534  0.14703691  -9.4090805
-0.758292  0.12843752  -9.3938265
-0.75402814  0.11532264  -9.39424
-0.76090926  0.11135321  -9.420943
-0.76578903  0.108072676  -9.472771
-0.76381904  0.10086739  -9.54073
-0.7609723  0.09299419  -9.617612
-0.7695864  0.087751694  -9.708922
-0.7907624  0.08105325  -9.813693
-0.8131854  0.065046914  -9.917103
-0.8267897  0.04539196  -9.986951
-0.83259106  0.03027682  -10.009755
-0.8395615  0.022247538  -9.996863
-0.85397416  0.01584192  -9.968854
-0.87395287  0.0071570673  -9.936103
-0.89839715  0.0016587161  -9.90239
-0.927423  0.0048040855  -9.868991
-0.9598858  0.017882604  -9.839695
-0.98878527  0.03449968  -9.812328
-1.0105505  0.045318604  -9.778493
-1.0476931  0.05404396  -9.749026
-1.0783807  0.033548873  -9.748276
-1.0576917  -0.0083672395  -9.742767
-0.95765644  -0.052732278  -9.704013
-0.82661706  -0.050130174  -9.647681
-0.7301698  -0.011463976  -9.626939
-0.67830557  0.028674582  -9.639964
-0.6434753  0.042635098  -9.649438
-0.6015447  0.038021926  -9.65168
-0.5519441  0.025085201  -9.664969
-0.50293404  0.013136822  -9.686948
-0.46139634  0.00236625  -9.708362
-0.42479777  -0.008130201  -9.732471
-0.39298102  -0.021399824  -9.756467
-0.36447  -0.034340654  -9.787211
-0.33690107  -0.044556707  -9.81337
-0.30553102  -0.04630198  -9.83339
-0.2697372  -0.044537485  -9.84533
-0.23000915  -0.043251593  -9.853181
-0.19167595  -0.047612578  -9.858918
-0.15948291  -0.04956256  -9.855183
-0.1345985  -0.051334944  -9.845185
-0.11041529  -0.052918594  -9.834064
-0.08542895  -0.054156005  -9.82309
-0.055012744  -0.049851567  -9.805996
-0.026605293  -0.03655274  -9.776608
-0.0025676927  -0.02381581  -9.750179
0.01198366  -0.019181976  -9.742336
0.021474862  -0.024905248  -9.758058
0.032284383  -0.033216473  -9.783326
0.046816736  -0.0370031  -9.803878
0.0648777  -0.03579318  -9.814017
0.08553835  -0.035188816  -9.817995
0.107434995  -0.0342919  -9.819427
0.12940347  -0.032895308  -9.816033
0.14967673  -0.027099052  -9.803993
0.16348323  -0.019959262  -9.793526
0.17052323  -0.011069191  -9.794164
0.17140329  -0.0029142483  -9.8026705
0.17357785  0.004622564  -9.809277
0.1798861  0.007312823  -9.809443
0.19385703  0.005774066  -9.805687
0.20995472  0.0053008  -9.799939
0.22547166  0.011005384  -9.790278
0.23568368  0.02017049  -9.779209
0.24192037  0.024874283  -9.768599
0.24525167  0.023568103  -9.763271
0.24545343  0.020873517  -9.763984
0.24287325  0.024578204  -9.770919
0.23885591  0.03349818  -9.778697
0.2399742  0.043261692  -9.780239
0.24696405  0.050646815  -9.775352
0.25519308  0.05641618  -9.772683
0.26110828  0.061249375  -9.775289
0.26435912  0.06412979  -9.778951
0.26959503  0.064549066  -9.778838
0.2760269  0.06413526  -9.780515
0.28193685  0.068014525  -9.787804
0.28189152  0.07835236  -9.7996645
0.28499848  0.08822689  -9.804432
0.29288298  0.09396558  -9.799577
0.3067313  0.093073845  -9.7897835
0.31337515  0.09114977  -9.786159
0.31320596  0.09441786  -9.7893
0.31241715  0.09766826  -9.791095
0.32103482  0.10401151  -9.777538
0.32832345  0.10236749  -9.766171
0.3278112  0.09848052  -9.769172
0.31471804  0.09281364  -9.790988
0.3037252  0.0872489  -9.808864
0.29682007  0.081090875  -9.81701
0.29183686  0.069876574  -9.820303
0.28863314  0.057786956  -9.818291
0.28775024  0.0500235  -9.809414
0.2895491  0.047869325  -9.800496
0.28878894  0.045833692  -9.7982
0.28725815  0.039018188  -9.799195
0.28532004  0.029640496  -9.797406
0.28515208  0.021690212  -9.792281
0.2834431  0.01724699  -9.793714
0.28230256  0.014270765  -9.801312
0.28303754  0.011345662  -9.807056
0.2868457  0.0080635  -9.802372
0.2891885  0.005354309  -9.79428
0.28804296  0.0033348363  -9.790297
0.2845456  0.004201547  -9.79181
0.28230295  0.0076051713  -9.795421
0.28145084  0.013820932  -9.798518
0.2836158  0.016704885  -9.796643
0.28623044  0.015962794  -9.790929
0.28618404  0.012854208  -9.790428
0.28121433  0.016391339  -9.797943
0.2745384  0.025361888  -9.8037
0.26597944  0.031974368  -9.804504
