0.2392542  -0.36717018  -9.98633
0.20368081  -0.37325376  -9.908539
0.18108606  -0.35443047  -9.861951
0.15082519  -0.3192639  -9.782578
0.15627362  -0.27604938  -9.769264
0.18125403  -0.25588173  -9.785885
0.19780888  -0.25281468  -9.802981
0.19224405  -0.24468704  -9.798942
0.17553271  -0.22990002  -9.785904
0.16440903  -0.21768117  -9.787299
0.16280225  -0.21587789  -9.79724
0.16087164  -0.21816075  -9.798743
0.15378493  -0.21489012  -9.789662
0.14840537  -0.21006387  -9.780763
0.14671177  -0.21225815  -9.778733
0.15122204  -0.22746067  -9.776908
0.15554874  -0.2446388  -9.773742
0.15734972  -0.25564405  -9.766175
0.15287668  -0.2582564  -9.754463
0.14378361  -0.26002553  -9.737096
0.13443469  -0.26318547  -9.722953
0.12650023  -0.2665315  -9.714196
0.11751304  -0.26795214  -9.709894
0.10583473  -0.26637194  -9.705912
0.09211099  -0.264302  -9.698953
0.079365045  -0.2616168  -9.690288
0.067665406  -0.2586694  -9.683038
0.05456276  -0.25398123  -9.677673
0.037253063  -0.25047764  -9.671042
0.015402492  -0.2476914  -9.663693
-0.007145326  -0.24394071  -9.661135
-0.029471964  -0.2369228  -9.665012
-0.051579524  -0.2264568  -9.675145
-0.071887024  -0.21686046  -9.690673
-0.08852043  -0.20940913  -9.711617
-0.10074779  -0.20289974  -9.7347355
-0.1169901  -0.1863765  -9.75571
-0.13657261  -0.16244525  -9.779025
-0.16127384  -0.14122729  -9.800839
-0.18808152  -0.13713287  -9.808575
-0.2203099  -0.14576837  -9.790589
-0.2531959  -0.1589453  -9.757911
-0.2802463  -0.16853507  -9.727726
-0.2974775  -0.17347632  -9.708711
-0.31111977  -0.1697591  -9.695316
-0.32377437  -0.15753618  -9.684296
-0.33287248  -0.14120996  -9.682065
-0.33449396  -0.12985797  -9.690254
-0.3287582  -0.12915275  -9.706582
-0.32383034  -0.13359742  -9.721124
-0.31950343  -0.1336216  -9.740826
-0.3156478  -0.12915342  -9.777489
-0.30739328  -0.13418508  -9.832629
-0.29921696  -0.15189926  -9.887173
-0.2979708  -0.17382962  -9.914494
-0.3108296  -0.18785603  -9.908409
-0.33997098  -0.19730575  -9.879079
-0.38056985  -0.20984258  -9.844842
-0.42363605  -0.22612233  -9.813686
-0.46122468  -0.24002616  -9.789482
-0.49034396  -0.24448408  -9.778876
-0.5136547  -0.24282783  -9.785264
-0.53486043  -0.24381407  -9.799101
-0.5574082  -0.255712  -9.801767
-0.5809094  -0.27588227  -9.784228
-0.6049238  -0.3002205  -9.748528
-0.6283324  -0.32665208  -9.704829
-0.65370274  -0.3544911  -9.6587305
-0.68645793  -0.37943292  -9.610127
-0.7345788  -0.39365888  -9.559077
-0.7949033  -0.39801988  -9.513127
-0.8597972  -0.39946726  -9.489093
-0.91160303  -0.41802278  -9.496446
-0.9464331  -0.4553213  -9.535069
-0.9609377  -0.49741045  -9.599268
-0.9632742  -0.5229849  -9.694984
-0.9515555  -0.5349846  -9.822764
-0.9214305  -0.54107326  -9.971277
-0.86615515  -0.54243916  -10.120559
-0.78892297  -0.5298751  -10.253398
-0.70688146  -0.50758696  -10.362325
-0.6378824  -0.48262537  -10.434596
-0.5926  -0.45965886  -10.459048
-0.56412333  -0.43847135  -10.439374
-0.54523736  -0.42232397  -10.39381
-0.5312914  -0.4183636  -10.343684
-0.5300974  -0.42690456  -10.281026
-0.5437781  -0.43664435  -10.186454
-0.56991315  -0.42977604  -10.0447
-0.59290427  -0.40338862  -9.890201
-0.598821  -0.37046182  -9.767226
-0.58733517  -0.34386468  -9.688808
-0.56357473  -0.32780027  -9.632667
-0.53971773  -0.30895695  -9.580945
-0.51761913  -0.28082803  -9.54871
-0.50988907  -0.25686797  -9.546559
-0.5148194  -0.24839537  -9.55603
-0.5309929  -0.2561812  -9.578961
-0.54257184  -0.25237632  -9.631129
-0.54675055  -0.22540164  -9.738911
-0.5502977  -0.17915636  -9.89259
-0.57565427  -0.122398816  -10.063437
-0.59217554  -0.076035894  -10.215873
-0.5502755  -0.031405456  -10.383804
-0.4198049  0.009373817  -10.565412
-0.25145075  0.04276553  -10.722759
-0.10121626  0.034840304  -10.776627
0.009309543  -0.019998081  -10.705012
0.0993992  -0.07170678  -10.568666
0.18113567  -0.07195827  -10.416772
0.25669023  -0.024287688  -10.287272
0.3221062  0.018299999  -10.173987
0.36841166  0.03159995  -10.058066
0.38244843  0.025519274  -9.919627
0.35589334  0.016145436  -9.757197
0.28901637  -1.5422453E-4  -9.571246
0.20812589  -0.017929656  -9.37782
0.12944265  -0.04101817  -9.20313
0.06593532  -0.07334902  -9.0757475
0.010034717  -0.11389793  -9.010347
-0.04666276  -0.14541481  -8.987278
-0.10082946  -0.1604498  -8.989845
-0.1375138  -0.17629282  -9.018059
-0.14462589  -0.20752352  -9.093085
-0.13083847  -0.24459302  -9.234754
-0.1176  -0.27046642  -9.429394
-0.12987663  -0.28831363  -9.6514845
-0.14975661  -0.31967804  -9.863137
-0.14604694  -0.33856544  -10.058907
-0.085042186  -0.3215879  -10.219674
0.0130542265  -0.2703427  -10.335236
0.11644756  -0.22134186  -10.383641
0.19718681  -0.19539206  -10.380595
0.26503217  -0.17538603  -10.331964
0.33192787  -0.16270213  -10.256951
0.41238892  -0.16388784  -10.169125
0.49954975  -0.18413807  -10.074758
0.5983007  -0.22082455  -9.962379
0.66559577  -0.24695103  -9.827762
0.6620931  -0.2730701  -9.629977
0.5719936  -0.30417177  -9.395188
0.45831743  -0.3429962  -9.173045
0.37195492  -0.34427568  -9.03804
0.3254359  -0.2973139  -8.999443
0.2850612  -0.24791634  -9.001327
0.23359899  -0.24422705  -9.016381
0.16128452  -0.26933876  -9.029021
0.08131686  -0.2654137  -9.056301
0.0017560404  -0.22058614  -9.114921
-0.06376354  -0.16489364  -9.223587
-0.11282235  -0.12518315  -9.390297
-0.1493064  -0.093317084  -9.6194315
-0.19111292  -0.06099156  -9.858533
-0.18391971  -0.053337008  -10.091155
-0.09169343  -0.079442196  -10.329579
0.08354553  -0.13811652  -10.54901
0.2564781  -0.19421433  -10.686298
0.36875415  -0.22663516  -10.683705
0.42850208  -0.22810853  -10.595836
0.46704826  -0.20415188  -10.486107
0.50563747  -0.17007668  -10.377785
0.5420082  -0.13921043  -10.257061
0.5772679  -0.10410798  -10.1012945
0.604748  -0.05367631  -9.924411
0.6076699  -0.013559244  -9.734398
0.56294465  -0.015038283  -9.562352
0.47889686  -0.06396381  -9.410773
0.38955104  -0.12097814  -9.295775
0.3219192  -0.15976603  -9.218067
0.26931795  -0.18452029  -9.175759
0.20869927  -0.19655155  -9.165061
0.122496784  -0.19451083  -9.162197
0.028389001  -0.18698186  -9.162432
-0.044658195  -0.19154721  -9.194084
-0.075332545  -0.21217978  -9.296384
-0.07280087  -0.23602237  -9.48241
-0.06722894  -0.25321618  -9.701268
-0.056048438  -0.27079803  -9.896992
-0.012020671  -0.28736007  -10.069417
0.08499035  -0.27575338  -10.243927
0.20860411  -0.22935641  -10.4179535
0.31963387  -0.1627238  -10.538963
0.41126108  -0.11589488  -10.582709
0.4986894  -0.09811056  -10.582354
0.59531397  -0.097664535  -10.572757
0.68890923  -0.10735748  -10.542172
0.7573955  -0.123012125  -10.449161
0.8004373  -0.15761673  -10.269913
0.8380584  -0.21409933  -10.050103
0.82993597  -0.24849789  -9.806653
0.7391061  -0.23194051  -9.523843
0.5647552  -0.15344416  -9.228232
0.39196268  -0.06855462  -9.001436
0.27481818  -0.016223826  -8.91319
0.19759847  -0.0073683183  -8.901886
0.1229868  -0.01805993  -8.90758
0.045866936  -0.028872708  -8.940236
-0.011661681  -0.025125772  -9.034313
-0.035733502  -0.017174521  -9.200786
-0.046778876  -0.009641687  -9.412332
-0.061661724  0.0028938872  -9.65862
-0.10888486  0.03647312  -9.904004
-0.13800633  0.06800848  -10.099137
-0.09264657  0.061584562  -10.2871475
0.04664873  0.02258624  -10.479949
0.21416979  -0.024560407  -10.659036
0.3387616  -0.068793975  -10.718395
0.42611888  -0.12420822  -10.660023
0.50120986  -0.16367982  -10.558334
0.5690365  -0.15510127  -10.458625
0.6150288  -0.10889915  -10.351971
0.6318143  -0.05409829  -10.210572
0.6413807  -0.013952325  -10.038292
0.6398372  0.019205773  -9.857311
0.6053702  0.04575156  -9.671076
0.51606613  0.05415647  -9.48088
0.3978844  0.046485156  -9.300771
0.29480186  0.021909902  -9.157602
0.21907549  -0.0056341086  -9.067815
0.14467293  -0.039096292  -9.010777
0.056773465  -0.068883315  -8.966862
-0.03311741  -0.089489944  -8.935722
-0.095991075  -0.108757794  -8.945057
-0.12747984  -0.12924016  -9.03014
-0.14150237  -0.15069899  -9.201852
-0.16191934  -0.16857566  -9.4436035
-0.18952824  -0.18879335  -9.699029
-0.1861356  -0.20221137  -9.935772
-0.11169803  -0.18780947  -10.162677
0.03974286  -0.13801928  -10.401638
0.21699087  -0.06211425  -10.62722
0.3654983  0.021026487  -10.763355
0.4550084  0.09027243  -10.757072
0.5063782  0.12022404  -10.647015
0.5487414  0.107013695  -10.497445
0.59918594  0.07639856  -10.351795
0.6432875  0.04167785  -10.18999
0.69522923  -0.012864429  -10.007452
0.71715003  -0.06693453  -9.8354225
0.66924024  -0.079393856  -9.633966
0.5399725  -0.046179757  -9.415379
0.3944889  0.0016516809  -9.205821
0.29532588  0.034891948  -9.08733
0.22790384  0.06033979  -9.051896
0.16016425  0.066855006  -9.039043
0.0822544  0.05074491  -9.031635
0.014604293  0.024895234  -9.041213
-0.028240176  0.007631512  -9.090407
-0.048491996  0.012309059  -9.197328
-0.06304761  0.04135413  -9.384451
-0.09704987  0.07961851  -9.641468
-0.1524807  0.090976834  -9.88737
-0.17376484  0.068125345  -10.100854
-0.103847235  0.04034817  -10.328198
0.05608411  0.02979804  -10.592347
0.22840028  0.017869085  -10.794326
0.34695527  -0.017768418  -10.839791
0.40991828  -0.052288365  -10.741897
0.45099112  -0.058065895  -10.586595
0.5000723  -0.022613883  -10.414599
0.56474876  0.029696757  -10.246047
0.6455434  0.08585065  -10.0856695
0.7277856  0.13343185  -9.957569
0.7661212  0.1535653  -9.843799
0.720185  0.13284795  -9.694873
0.59113914  0.083015345  -9.477477
0.43708888  0.03219739  -9.243783
0.3121176  -0.0148218395  -9.079129
0.23066504  -0.061960448  -9.006696
0.1559297  -0.10522464  -8.965505
0.06319568  -0.13545406  -8.907971
-0.036095813  -0.159186  -8.8546095
-0.105561934  -0.1846038  -8.864873
-0.13612212  -0.2026671  -8.97383
-0.14798279  -0.20961231  -9.160634
-0.17286003  -0.21347612  -9.389744
-0.21281624  -0.23527296  -9.608974
-0.21940209  -0.26421258  -9.815441
-0.1435004  -0.26914087  -10.046028
0.012801145  -0.23537962  -10.306495
0.17323422  -0.17847633  -10.541305
0.28110006  -0.1347971  -10.664431
0.33487105  -0.09725135  -10.669347
0.3795735  -0.06885812  -10.614217
0.4364382  -0.051194217  -10.5367365
0.50047606  -0.06417026  -10.429517
0.5666639  -0.10275003  -10.271144
0.63825494  -0.13986535  -10.101694
0.66912055  -0.16210194  -9.912167
0.60830426  -0.17071445  -9.665135
0.45886818  -0.1820031  -9.352319
0.30886817  -0.1840217  -9.077068
0.2247843  -0.16815273  -8.929927
0.1925656  -0.1454732  -8.900098
0.1574973  -0.12672617  -8.915343
0.091709666  -0.1240005  -8.946963
0.008169557  -0.122740865  -8.992672
-0.067516506  -0.12491462  -9.068835
-0.12612766  -0.12835106  -9.1842165
-0.17473531  -0.13351433  -9.349579
-0.21807398  -0.13381563  -9.567768
-0.26793894  -0.12143465  -9.830434
-0.31172028  -0.10769569  -10.081686
-0.29565117  -0.118218236  -10.315131
-0.18552779  -0.15173054  -10.541226
-0.006489905  -0.1905153  -10.737282
0.16208732  -0.21432714  -10.846066
0.26865324  -0.22192247  -10.8172035
0.33290598  -0.21977024  -10.701233
0.38529095  -0.20831627  -10.55154
0.45400605  -0.19138555  -10.413396
0.53792554  -0.16208625  -10.291415
0.617203  -0.106277324  -10.178176
0.6437879  -0.04151006  -10.038398
0.5839131  -0.0042361557  -9.842526
0.4564003  -0.0017394079  -9.605186
0.33734643  -0.015923107  -9.386003
0.27046967  -0.026336992  -9.236486
0.23319495  -0.05770482  -9.137424
0.17727076  -0.10782793  -9.045739
0.094274275  -0.16624905  -8.9661045
0.012913413  -0.21468747  -8.927731
-0.042673547  -0.2576796  -8.94971
-0.081086054  -0.29348186  -9.025974
-0.116293065  -0.31480396  -9.171111
-0.15865132  -0.33621898  -9.392089
-0.2156254  -0.36912242  -9.670906
-0.28485104  -0.41408506  -9.94254
-0.32697833  -0.43457356  -10.1697645
-0.2941499  -0.40223017  -10.37376
-0.17042787  -0.33824387  -10.582795
-0.0043909117  -0.27481058  -10.768166
0.13930438  -0.237054  -10.84993
0.22737491  -0.21166803  -10.781627
0.27519765  -0.1829908  -10.589612
0.32624516  -0.1599746  -10.362075
0.39682612  -0.15343925  -10.157311
0.48935214  -0.17824398  -9.975657
0.57203436  -0.20689963  -9.810932
0.5838403  -0.19802167  -9.61988
0.49509096  -0.15270205  -9.392665
0.34621215  -0.09709543  -9.1797285
0.21998794  -0.055479646  -9.061194
0.15707064  -0.030420532  -9.069553
0.1177274  -0.017247539  -9.1099825
0.064323016  -0.016050037  -9.117909
-0.022532597  -0.01145696  -9.095539
-0.1136258  -0.0092569245  -9.092128
-0.18337595  -0.020736665  -9.143063
-0.23375021  -0.04147324  -9.251197
-0.2807561  -0.049822498  -9.395703
-0.32990906  -0.041066106  -9.570962
-0.38829386  -0.0127683515  -9.765804
-0.41440192  -3.8338578E-4  -9.9614525
-0.34969234  -0.02362293  -10.207249
-0.18930252  -0.06642965  -10.479058
-0.0067930445  -0.0882447  -10.715798
0.10832808  -0.0635309  -10.802249
0.16128807  -0.019808298  -10.744531
0.20290785  0.022789204  -10.634072
0.26820955  0.05267245  -10.527337
0.35515025  0.08105686  -10.420272
0.4495444  0.12386141  -10.277702
0.5374803  0.18416204  -10.105084
0.58554256  0.228868  -9.924526
0.55967396  0.22446132  -9.734384
0.45694044  0.18353732  -9.5129595
0.3214792  0.13421333  -9.277653
0.19722706  0.09310555  -9.081127
0.099881224  0.044759005  -8.957963
0.024814986  -0.018507896  -8.909726
-0.04014033  -0.070989706  -8.906322
-0.09512153  -0.10005539  -8.944187
-0.14299174  -0.10658125  -9.028197
-0.18570395  -0.11381108  -9.166795
-0.22701252  -0.14081486  -9.353095
-0.26318726  -0.17546076  -9.582269
-0.30391648  -0.21714212  -9.822837
-0.326654  -0.24231963  -10.025893
-0.30033004  -0.22865768  -10.188113
-0.19795072  -0.16598433  -10.357649
-0.05351564  -0.09030525  -10.544656
0.078168616  -0.055191506  -10.67376
0.171993  -0.059246674  -10.68817
0.24110515  -0.06934912  -10.62618
0.3138438  -0.062573746  -10.5541315
0.39355314  -0.06016962  -10.490547
0.46153274  -0.078148074  -10.385659
0.5190856  -0.12877412  -10.216613
0.53968096  -0.16546096  -10.009983
0.48381233  -0.15572874  -9.747041
0.34820256  -0.10806436  -9.450995
0.19945149  -0.065168954  -9.16456
0.11562485  -0.04486995  -8.998216
0.09024319  -0.029972821  -8.958745
0.0670672  -0.013319389  -8.967399
0.0077756196  0.00834177  -8.953841
-0.0798729  0.041870784  -8.922841
-0.164575  0.08248791  -8.916968
-0.22455275  0.113334715  -8.979711
-0.27009988  0.12800191  -9.118359
-0.31103387  0.1313677  -9.326739
-0.35817197  0.13835348  -9.598664
-0.39784387  0.15109606  -9.877848
-0.37277105  0.14472905  -10.167362
-0.24685295  0.112472035  -10.471742
-0.051003482  0.062725596  -10.761939
0.12635726  0.006292151  -10.949791
0.22926408  -0.05494703  -10.958232
0.2805359  -0.10562994  -10.833379
0.3213289  -0.12363102  -10.65725
0.37562108  -0.09947237  -10.492738
0.4342037  -0.054383088  -10.33129
0.49316493  0.007633187  -10.157318
0.5241893  0.05880508  -9.972589
0.5007425  0.0647183  -9.784214
0.4050497  0.016882436  -9.57853
0.27749228  -0.045859504  -9.359389
0.17550282  -0.078997366  -9.170574
0.117238134  -0.0896652  -9.04856
0.0779219  -0.099509455  -8.979655
0.023127092  -0.12691529  -8.932281
-0.04932459  -0.16405612  -8.888775
-0.1202876  -0.20024441  -8.865958
-0.1746099  -0.21840316  -8.901054
-0.21224165  -0.20875305  -9.028983
-0.24484527  -0.18247028  -9.253663
-0.28731677  -0.1676134  -9.534986
-0.3320662  -0.17918837  -9.804717
-0.3315257  -0.20058535  -10.039846
-0.24753773  -0.19233227  -10.281976
-0.09449049  -0.14886424  -10.532596
0.05936219  -0.10444931  -10.733554
0.16508847  -0.0933592  -10.793911
0.2349878  -0.11642703  -10.751733
0.30151284  -0.14882582  -10.6746855
0.38836476  -0.17892821  -10.609372
0.4794426  -0.20373629  -10.517338
0.5603836  -0.23759516  -10.355637
0.61779404  -0.2748122  -10.149625
0.6145691  -0.28091124  -9.897865
0.52879983  -0.24534972  -9.603696
0.38454017  -0.17634767  -9.295198
0.25109994  -0.09921958  -9.046135
0.16796173  -0.02036132  -8.905835
0.11362954  0.05078104  -8.830784
0.06036837  0.103761196  -8.789928
0.0025174876  0.1302443  -8.78234
-0.046725962  0.13209559  -8.824929
-0.08174023  0.109932  -8.930871
-0.110130765  0.08017156  -9.121169
-0.14771178  0.058658212  -9.385769
-0.21164282  0.051334348  -9.693329
-0.28774017  0.050206777  -9.975753
-0.32157207  0.046260327  -10.244212
-0.26981497  0.04422353  -10.518998
-0.14483513  0.043079484  -10.787456
-0.009061194  0.04308216  -10.96976
0.09299312  0.026789391  -11.005191
0.16061656  -0.009114986  -10.914052
0.2201669  -0.047097724  -10.755328
0.29308596  -0.07070023  -10.584927
0.37964538  -0.066593096  -10.419787
0.4750711  -0.040692583  -10.263783
0.5493867  0.0044048224  -10.117122
0.5516642  0.03561532  -9.954201
0.44871005  0.026895946  -9.717716
0.2773293  -0.019746294  -9.424545
0.12033481  -0.075302444  -9.151999
0.02774292  -0.123825334  -8.993108
-0.018750733  -0.16910803  -8.911133
-0.06265325  -0.2122513  -8.852344
-0.12647058  -0.24119318  -8.792247
-0.19672334  -0.2520359  -8.770112
-0.25129116  -0.24561067  -8.823518
-0.28484693  -0.23746102  -8.9593315
-0.310118  -0.23868729  -9.169492
-0.3465207  -0.25297594  -9.436561
-0.39897037  -0.2800512  -9.7271385
-0.43503717  -0.2991503  -9.999295
-0.4006548  -0.2803581  -10.265584
-0.27603152  -0.22351551  -10.559199
-0.10738546  -0.16830958  -10.845719
0.032589167  -0.1477537  -11.022457
0.1121066  -0.1538364  -11.027152
0.15491407  -0.1600823  -10.90472
0.19601385  -0.16463207  -10.718582
0.25706008  -0.16950221  -10.500714
0.34260488  -0.1814201  -10.252907
0.43501464  -0.19895141  -10.010681
0.4820861  -0.2083869  -9.762214
0.44492868  -0.2021781  -9.491409
0.33465397  -0.17979139  -9.196059
0.21376961  -0.14946038  -8.946218
0.12985094  -0.09852993  -8.81931
0.08468685  -0.027350545  -8.825254
0.047918916  0.034985196  -8.911181
-0.008986934  0.06147645  -9.006149
-0.082598075  0.04598246  -9.081527
-0.15212762  0.015129725  -9.157406
-0.19877686  -0.022659764  -9.274947
-0.22752787  -0.05237778  -9.452245
-0.24989377  -0.07322383  -9.679139
-0.28660116  -0.07056465  -9.908627
-0.29156557  -0.05981416  -10.119721
-0.21634598  -0.04106683  -10.358468
-0.052423906  -0.024863055  -10.63654
0.113684155  -0.008103459  -10.871121
0.2174253  -0.011899956  -10.955392
0.26491594  -0.03568859  -10.891739
0.30737445  -0.06406884  -10.760449
0.36203519  -0.07145621  -10.619021
0.42477754  -0.059922338  -10.480155
0.48630285  -0.02947466  -10.327226
0.5494378  0.021297181  -10.153969
0.5894871  0.07495644  -9.968716
0.5635786  0.0900554  -9.760419
0.45553216  0.052442953  -9.506677
0.31014666  -0.0110592395  -9.234173
0.19156651  -0.06386066  -9.024616
0.12758982  -0.09625787  -8.932429
0.08853691  -0.11392162  -8.922404
0.041434493  -0.12064143  -8.935323
-0.025939524  -0.12588136  -8.942254
-0.08768738  -0.13600166  -8.967715
-0.12665607  -0.14758861  -9.042251
-0.15019958  -0.16419335  -9.174693
-0.17827068  -0.18019335  -9.352811
-0.2186156  -0.19628935  -9.568467
-0.26848897  -0.21024387  -9.79539
-0.29691306  -0.21510701  -10.008344
-0.2570736  -0.20133112  -10.203181
-0.12889999  -0.15517728  -10.397672
0.048296183  -0.092720866  -10.558501
0.20097268  -0.037384417  -10.624764
0.30049747  -0.009105868  -10.567592
0.36884737  0.0047605033  -10.437939
0.44144002  0.011525308  -10.295133
0.53152126  0.020862937  -10.1780205
0.6335943  0.011731084  -10.098306
0.686511  -0.005254937  -10.041589
0.6409239  -0.025106296  -9.926567
0.49805465  -0.035177153  -9.725162
0.35223117  -0.040098302  -9.502593
0.27600488  -0.026288003  -9.367511
0.2660549  0.008412846  -9.328509
0.26686624  0.047283605  -9.313429
0.25711256  0.057650734  -9.277299
0.23684692  0.044383053  -9.2323
0.22004223  0.022776194  -9.211942
0.19738625  0.0034974916  -9.228279
0.16343004  -0.018779358  -9.278034
0.124599464  -0.04347145  -9.358471
0.09736774  -0.058382224  -9.484111
0.08326156  -0.052064925  -9.646579
0.076450735  -0.028779602  -9.822553
0.06103699  6.832746E-4  -9.982295
0.034277093  0.02181083  -10.087593
0.060623642  0.017946787  -10.161159
0.18508132  0.0045192116  -10.269596
0.39540866  4.2522667E-4  -10.419415
0.58789086  0.022460544  -10.534836
0.71014166  0.059130535  -10.534844
0.7867243  0.09210444  -10.441617
0.87000984  0.11386376  -10.3154
0.98738694  0.12368872  -10.211415
1.0898983  0.12567325  -10.140584
1.1257836  0.11655114  -10.064457
1.0773519  0.067511894  -9.939284
0.98149395  0.0036479395  -9.795863
0.8987406  -0.04444145  -9.696601
0.8408265  -0.04075216  -9.658952
0.80795854  -0.020277118  -9.631511
0.7823984  -0.006040331  -9.589917
0.7689335  -0.011095949  -9.532464
0.78142136  -0.026627848  -9.476098
0.8213201  -0.039670456  -9.43942
0.8759811  -0.04016575  -9.445577
0.92726284  -0.020150892  -9.499589
0.96109885  0.0018732626  -9.589081
0.9794604  0.007570818  -9.681075
0.9918552  -0.012610912  -9.781188
1.004242  -0.04043129  -9.885242
1.0120102  -0.053709026  -9.994151
1.0166106  -0.058084756  -10.0791855
1.0203685  -0.060927186  -10.12167
1.0367848  -0.058487337  -10.127035
1.0725545  -0.050771963  -10.115247
1.1261028  -0.045977157  -10.09441
1.1843342  -0.061658885  -10.054862
1.2434945  -0.09594021  -9.996288
1.3030185  -0.12943043  -9.928871
1.3675259  -0.15205872  -9.871473
1.4410111  -0.16156346  -9.851112
1.46792  -0.15122713  -9.841819
1.4039816  -0.12868036  -9.777226
1.2475061  -0.104577094  -9.649001
1.0890857  -0.09974118  -9.527508
0.99365956  -0.107434355  -9.494344
0.9525232  -0.11918632  -9.527054
0.91679996  -0.12930064  -9.55849
0.8570409  -0.1348261  -9.549247
0.7964727  -0.14358824  -9.511563
0.74358493  -0.15771604  -9.487577
0.696817  -0.16085178  -9.496935
0.65367883  -0.15835989  -9.526769
0.6248439  -0.15429217  -9.56655
0.62121713  -0.17024486  -9.623105
0.6181534  -0.18538798  -9.703064
0.6013604  -0.19372924  -9.77358
0.5606801  -0.18755151  -9.812141
0.49999  -0.16814406  -9.829478
0.43194267  -0.14667723  -9.836021
0.3693752  -0.13600802  -9.831857
0.3167645  -0.1399123  -9.822587
0.2796116  -0.13824  -9.825646
0.25239524  -0.11722877  -9.855495
0.22823586  -0.080789454  -9.879028
0.1984983  -0.046785776  -9.886967
0.16316982  -0.024916722  -9.88158
0.13081323  -0.0036200352  -9.88383
0.10551604  0.022509212  -9.897263
0.07617024  0.034990232  -9.901882
0.040838987  0.035569984  -9.898477
6.1990373E-4  0.02844805  -9.892412
-0.03364144  0.044792738  -9.900074
-0.061910063  0.070222475  -9.916888
-0.0940708  0.08960047  -9.934318
-0.124617316  0.08189518  -9.954138
-0.15425359  0.06629407  -9.972417
-0.17709832  0.049663577  -9.98199
-0.20404673  0.04579708  -9.965777
-0.23079091  0.040252194  -9.930444
-0.2483686  0.033377536  -9.897606
-0.24388136  0.01606413  -9.898052
-0.20995636  -0.024992017  -9.918587
-0.1720498  -0.061124314  -9.93533
-0.143068  -0.07628777  -9.935187
-0.15565215  -0.04191004  -9.936148
-0.19241166  0.0086415475  -9.93073
-0.255776  0.055500586  -9.902959
-0.32191563  0.089974724  -9.849945
-0.38211802  0.12081319  -9.790928
-0.42716226  0.14540091  -9.740592
-0.45458698  0.147735  -9.695832
-0.46667886  0.13434947  -9.66232
-0.46206817  0.121736534  -9.650233
-0.4401115  0.11762828  -9.664184
-0.40404105  0.114495136  -9.704388
-0.36545667  0.10444207  -9.75207
-0.3361018  0.087330066  -9.783238
-0.32410136  0.06683954  -9.784673
-0.3236228  0.0471568  -9.767948
-0.32555923  0.028648699  -9.757934
