0.15681557  0.31615335  -9.518448
0.15611857  0.22009453  -9.518454
0.15047245  0.13539855  -9.53601
0.1331259  0.014428432  -9.571034
0.10150212  -0.03569933  -9.627278
0.06750191  -0.026336672  -9.678235
0.044026833  -0.011646344  -9.716369
0.039840795  -0.0059917253  -9.732986
0.049828816  -0.005288966  -9.727359
0.065877646  -0.0010530095  -9.708864
0.08168062  0.004395981  -9.695262
0.09711456  0.0024123723  -9.699051
0.11521217  -0.012864447  -9.711152
0.13702911  -0.030783132  -9.712846
0.15620598  -0.045274854  -9.706502
0.171906  -0.05615675  -9.703944
0.18773085  -0.06805139  -9.707574
0.21248813  -0.082898796  -9.708951
0.24425362  -0.096284926  -9.70349
0.27770287  -0.11311546  -9.694735
0.30690008  -0.12913667  -9.687969
0.33232984  -0.1437175  -9.689393
0.3580282  -0.15629844  -9.694404
0.3885217  -0.17306286  -9.693714
0.4206303  -0.19184624  -9.678765
0.45072463  -0.2081062  -9.658172
0.47465655  -0.2182837  -9.636056
0.5035489  -0.22723703  -9.625511
0.52618796  -0.23551734  -9.619098
0.54515433  -0.24364363  -9.6244755
0.5513333  -0.25339  -9.629359
0.5558323  -0.26403353  -9.641135
0.55539364  -0.27041698  -9.656661
0.55126286  -0.26750767  -9.676536
0.54434013  -0.26022387  -9.695582
0.53543884  -0.25074315  -9.7149
0.5257407  -0.24363613  -9.73706
0.51559967  -0.23338223  -9.75747
0.50719815  -0.22392707  -9.767037
0.50431675  -0.21323562  -9.765462
0.50934  -0.19888984  -9.760798
0.5191305  -0.18069363  -9.759911
0.52546865  -0.15611103  -9.76738
0.52875835  -0.13397737  -9.774928
0.5322363  -0.1125687  -9.779624
0.54402333  -0.09735016  -9.773301
0.5608681  -0.08430063  -9.764606
0.579951  -0.074601114  -9.756883
0.5961949  -0.06358085  -9.749152
0.60910934  -0.055118483  -9.741869
0.62043375  -0.051353484  -9.737272
0.6300728  -0.050270002  -9.74101
0.6387381  -0.04135946  -9.748321
0.6494142  -0.021634325  -9.7531395
0.66637087  0.0018749759  -9.748856
0.6922841  0.024177581  -9.736316
0.7259722  0.04666829  -9.716914
0.76669174  0.07425105  -9.695701
0.8104501  0.10504577  -9.679231
0.85211825  0.13710456  -9.673844
0.8890519  0.16635066  -9.6792755
0.92099285  0.19462936  -9.689469
0.95090795  0.21847256  -9.709251
0.9691796  0.2447588  -9.743255
0.9831926  0.27657384  -9.807595
0.99149275  0.31716517  -9.893235
1.0037972  0.36244026  -9.9846525
1.0025593  0.39587864  -10.059488
0.9801858  0.40078315  -10.109473
0.9361264  0.37506244  -10.136384
0.8811555  0.3467655  -10.140489
0.82429457  0.32577696  -10.135047
0.77034384  0.30389622  -10.132717
0.7224281  0.26838294  -10.145598
0.6801975  0.23517226  -10.172073
0.6347947  0.21192694  -10.201862
0.58266217  0.18818821  -10.224049
0.52817553  0.15109007  -10.232743
0.48111936  0.100933574  -10.221164
0.44012585  0.052740205  -10.19308
0.4020668  0.0068416395  -10.151752
0.3587377  -0.03235952  -10.112972
0.31360117  -0.06897486  -10.068542
0.27141473  -0.09766608  -10.008904
0.23715253  -0.116218545  -9.944931
0.21178073  -0.12247733  -9.8949585
0.19342642  -0.11694801  -9.856686
0.18659632  -0.10743692  -9.804906
0.18863223  -0.104364656  -9.738808
0.189981  -0.111594476  -9.68351
0.18078858  -0.12349236  -9.658824
0.16186304  -0.13360551  -9.652514
0.14231811  -0.1413454  -9.642873
0.12680684  -0.15132104  -9.621886
0.11786977  -0.16280955  -9.603026
0.11500746  -0.17155223  -9.5905
0.11772057  -0.17391962  -9.573935
0.124526024  -0.1759127  -9.54781
0.13089673  -0.18342383  -9.528355
0.14155143  -0.20687793  -9.530927
0.17469339  -0.25807387  -9.548192
0.20423178  -0.30782032  -9.573007
0.18631582  -0.3280759  -9.652356
0.11332201  -0.31685174  -9.795059
0.026130922  -0.30492938  -9.976025
-0.029093945  -0.30202535  -10.102971
-0.05962201  -0.2887403  -10.155267
-0.08102339  -0.2568561  -10.139188
-0.099705964  -0.21010596  -10.089353
-0.1082763  -0.15299053  -10.008543
-0.09375512  -0.09416851  -9.903302
-0.057809662  -0.046307486  -9.788215
-0.00981108  -0.013402157  -9.676894
0.04089195  0.012042255  -9.56889
0.092037566  0.040816914  -9.464172
0.13834457  0.07314602  -9.384185
0.17573066  0.101555936  -9.341423
0.20930584  0.11687278  -9.32187
0.2468576  0.12141102  -9.304736
0.28941295  0.12432325  -9.299823
0.32933745  0.13054664  -9.316981
0.35905924  0.13705692  -9.350589
0.3798498  0.14139731  -9.392129
0.3930519  0.14617844  -9.443896
0.4058739  0.15266438  -9.505896
0.421309  0.15825544  -9.565972
0.44103026  0.15876743  -9.6178665
0.454757  0.16217104  -9.665391
0.455837  0.16454892  -9.723678
0.4446707  0.152036  -9.813659
0.42582098  0.11922023  -9.924197
0.37869647  0.08955278  -10.038689
0.28886905  0.0747695  -10.172509
0.1495388  0.07368367  -10.3496
-0.0019790751  0.062397003  -10.528155
-0.14137475  0.047850445  -10.626149
-0.27185535  0.04385231  -10.604695
-0.3758402  0.029267577  -10.504768
-0.423775  -0.013441209  -10.329841
-0.40100232  -0.06497693  -10.095046
-0.33279875  -0.07966872  -9.816471
-0.2630224  -0.058135767  -9.585448
-0.20086336  -0.05585341  -9.445025
-0.14740516  -0.089678735  -9.3930855
-0.09746298  -0.13592748  -9.369183
-0.0546378  -0.17094128  -9.3469095
-0.030608132  -0.2007658  -9.331794
-0.02099558  -0.22979428  -9.337463
-0.016019734  -0.244421  -9.353855
-0.0020677599  -0.24128002  -9.3741865
0.020667197  -0.23232923  -9.39808
0.053192183  -0.2293183  -9.423993
0.09350335  -0.2274558  -9.448109
0.13983351  -0.21644402  -9.474527
0.18468983  -0.19811349  -9.534473
0.21729736  -0.18503805  -9.6475725
0.2325996  -0.1869244  -9.802158
0.23690265  -0.19823033  -9.9607315
0.25749812  -0.21775062  -10.101224
0.27590632  -0.21263964  -10.217181
0.25318456  -0.17244382  -10.335472
0.15485142  -0.10898769  -10.455692
0.010427321  -0.0681655  -10.557466
-0.11994734  -0.06112528  -10.606689
-0.21549785  -0.05760284  -10.596464
-0.29745212  -0.033787087  -10.5405
-0.3892232  -0.0064927847  -10.464172
-0.46229017  -0.00978171  -10.376823
-0.47051072  -0.038047407  -10.245376
-0.39345178  -0.074888796  -10.030865
-0.27832463  -0.09029622  -9.770698
-0.17517687  -0.08704171  -9.554099
-0.10619617  -0.06891803  -9.430051
-0.056467142  -0.04570687  -9.350399
-0.008583625  -0.020822344  -9.275506
0.039021026  0.0066598193  -9.203612
0.08961622  0.02601715  -9.167464
0.14733861  0.03173977  -9.167073
0.2156201  0.030861301  -9.178967
0.28553638  0.037813738  -9.197999
0.35091034  0.045150653  -9.249577
0.40601388  0.03993148  -9.350791
0.44786274  0.033390965  -9.492078
0.47872376  0.030645406  -9.662361
0.49777266  0.030852044  -9.843511
0.48092794  0.01699383  -10.03592
0.40687156  -0.01697378  -10.234212
0.27562475  -0.055853594  -10.432416
0.123276465  -0.08238269  -10.600385
-0.02662968  -0.0864813  -10.714128
-0.15697287  -0.083987564  -10.757815
-0.25755498  -0.08364018  -10.710366
-0.3246921  -0.07276682  -10.578044
-0.36412665  -0.05284007  -10.39354
-0.41029915  -0.026997171  -10.1886015
-0.44977212  -0.036801822  -9.982651
-0.45871451  -0.08276397  -9.768075
-0.4090414  -0.14471902  -9.5535
-0.32372057  -0.17308535  -9.349713
-0.2393219  -0.1763233  -9.181201
-0.16754131  -0.18762815  -9.066909
-0.10489293  -0.20824285  -8.999593
-0.042613965  -0.21237016  -8.971738
0.025214097  -0.18904941  -8.970992
0.09843788  -0.16463317  -8.994569
0.16083491  -0.14217116  -9.063749
0.18480454  -0.11245728  -9.206262
0.1740707  -0.08714303  -9.409766
0.16217938  -0.08049471  -9.608293
0.123868026  -0.06407664  -9.7816
0.035302818  -0.030873915  -9.975316
-0.122070454  0.012310867  -10.20194
-0.28360835  0.043451604  -10.405893
-0.40522155  0.084203534  -10.521763
-0.48449954  0.14079525  -10.572787
-0.53130144  0.18349993  -10.581634
-0.56744295  0.20600867  -10.550069
-0.59364015  0.21951427  -10.477246
-0.6175175  0.23193972  -10.37605
-0.6477578  0.24395244  -10.228726
-0.67980915  0.24546771  -10.041344
-0.6874473  0.2437787  -9.820968
-0.645965  0.2476765  -9.595757
-0.550813  0.2570636  -9.36063
-0.42319074  0.26232713  -9.13451
-0.27499658  0.25022268  -8.953443
-0.13198785  0.23778611  -8.838589
-0.020845078  0.23435254  -8.796412
0.045618426  0.22373135  -8.818404
0.07270496  0.1978447  -8.896522
0.07436301  0.16473718  -9.041206
0.071071446  0.14122774  -9.253754
0.069049664  0.136508  -9.492312
0.06966484  0.13929974  -9.723537
0.033204913  0.13541202  -9.956803
-0.05080259  0.119339325  -10.221479
-0.16207647  0.09713054  -10.471768
-0.25274768  0.076490484  -10.630523
-0.30828354  0.058875736  -10.671849
-0.35372615  0.048678443  -10.653272
-0.42598966  0.057392597  -10.630371
-0.51522595  0.06943312  -10.592968
-0.5766656  0.07321249  -10.471085
-0.593278  0.0827358  -10.247761
-0.6011305  0.11244094  -10.0100975
-0.58808684  0.13270563  -9.809266
-0.53353137  0.13055836  -9.60377
-0.40867794  0.10119885  -9.353267
-0.2754643  0.06512535  -9.106445
-0.18059808  0.012396391  -8.951566
-0.12620322  -0.049774464  -8.884368
-0.09514453  -0.09599111  -8.867988
-0.05908686  -0.12804456  -8.879829
-0.014522371  -0.15474623  -8.923534
0.03292304  -0.18558328  -9.017002
0.07478232  -0.20886321  -9.182386
0.11487922  -0.21826778  -9.40547
0.11873394  -0.18197997  -9.654225
0.06929348  -0.1145265  -9.923469
-0.051338017  -0.05094407  -10.19001
-0.19172226  -0.030809581  -10.424022
-0.32578242  -0.028652035  -10.565004
-0.4402953  -0.013952021  -10.63149
-0.53481936  0.0053955987  -10.658595
-0.6054495  0.022280721  -10.659209
-0.6442127  0.04554529  -10.623964
-0.64917326  0.0820925  -10.53204
-0.6458909  0.12134603  -10.382571
-0.6376105  0.13203119  -10.190389
-0.62334657  0.12522541  -9.96025
-0.5608017  0.11815993  -9.698593
-0.4506813  0.12967916  -9.427052
-0.32168695  0.1515056  -9.194095
-0.2138357  0.16638602  -9.022522
-0.13997194  0.17803633  -8.909326
-0.089912035  0.18454175  -8.853386
-0.05552705  0.18790418  -8.866124
-0.031259287  0.18894638  -8.929902
-0.009032297  0.18435399  -9.034666
0.02042816  0.156936  -9.196719
0.04836801  0.11482274  -9.425204
0.050025206  0.08487757  -9.703151
0.022214299  0.05947837  -9.993876
-0.031367514  0.019601295  -10.272239
-0.09234897  -0.04597434  -10.51497
-0.16418162  -0.10152163  -10.698017
-0.2443132  -0.13619344  -10.816005
-0.32466072  -0.15151958  -10.871978
-0.4034643  -0.15052564  -10.86427
-0.48136905  -0.1366557  -10.805
-0.5518335  -0.1157544  -10.683116
-0.60102075  -0.096710205  -10.485055
-0.6364227  -0.07847371  -10.2208395
-0.6260323  -0.09163174  -9.932046
-0.5641728  -0.12936951  -9.636371
-0.44154215  -0.16356987  -9.370289
-0.31757745  -0.15758593  -9.155232
-0.22392507  -0.13399832  -9.037556
-0.16528843  -0.12795874  -9.0021105
-0.12431195  -0.13359736  -9.01225
-0.07730018  -0.14237662  -9.027287
-0.0110644875  -0.15836509  -9.037662
0.061549444  -0.18472886  -9.07323
0.12323117  -0.20891328  -9.173701
0.16276415  -0.21726334  -9.350214
0.21711619  -0.23372674  -9.578233
0.25358933  -0.22616984  -9.799785
0.22412705  -0.18452038  -10.019898
0.09009293  -0.115700245  -10.2427225
-0.08769458  -0.07106263  -10.468261
-0.23281229  -0.06418801  -10.631597
-0.31647995  -0.06387645  -10.682986
-0.36098716  -0.053930324  -10.644265
-0.40245256  -0.040693983  -10.57919
-0.456869  -0.03605335  -10.525182
-0.51402664  -0.028824413  -10.440856
-0.542465  -0.017709369  -10.263518
-0.5182713  -0.020190652  -9.999524
-0.45420268  -0.025024123  -9.714051
-0.37170878  -0.010594912  -9.468005
-0.2966095  0.045146864  -9.274362
-0.22395355  0.10883098  -9.123268
-0.15186436  0.16035551  -9.005077
-0.08276261  0.19456749  -8.927955
-0.025348678  0.21760182  -8.9238825
0.016387282  0.2326104  -8.980365
0.057068378  0.23386449  -9.071822
0.110290535  0.21714644  -9.169787
0.17566693  0.18673344  -9.288295
0.22590344  0.16399963  -9.452639
0.24995165  0.15813793  -9.670121
0.27510345  0.15586622  -9.911103
0.29942304  0.16304898  -10.137055
0.29856578  0.16627689  -10.334878
0.24353446  0.15503009  -10.488158
0.15256478  0.11131718  -10.587292
0.0514326  0.06420765  -10.628043
-0.06764301  0.04822886  -10.636932
-0.19590676  0.058750663  -10.617268
-0.3169342  0.0743463  -10.546633
-0.41151348  0.08085474  -10.415723
-0.50298524  0.093407184  -10.246802
-0.55822307  0.08032307  -10.07368
-0.5411681  0.037256803  -9.867349
-0.4271265  -0.01953036  -9.632548
-0.28057393  -0.040739536  -9.407475
-0.16486315  -0.027095199  -9.255223
-0.0998516  -0.014451578  -9.175921
-0.06129768  -0.027010657  -9.118093
-0.021547308  -0.056051943  -9.057617
0.03262999  -0.079558186  -9.0049515
0.08592967  -0.08541  -8.998864
0.12218242  -0.08392907  -9.058976
0.14561401  -0.08666163  -9.159774
0.17375274  -0.09592756  -9.26397
0.20954871  -0.10616973  -9.386275
0.2387275  -0.11783352  -9.570704
0.27619025  -0.13151379  -9.812577
0.3033351  -0.11176757  -10.037581
0.28467983  -0.04982218  -10.22872
0.1813305  0.02434071  -10.396155
0.029644305  0.05429746  -10.53812
-0.11292563  0.040938776  -10.596384
-0.22503845  0.03294727  -10.565942
-0.31942666  0.049959045  -10.50024
-0.4035509  0.06992263  -10.4323435
-0.47156063  0.074922524  -10.336459
-0.53048754  0.07176334  -10.200642
-0.5647102  0.05045416  -10.045377
-0.5590306  0.024319932  -9.881718
-0.49675012  0.014240759  -9.715026
-0.40287614  0.044038918  -9.559872
-0.3156115  0.08746081  -9.442147
-0.24422689  0.109233975  -9.3495035
-0.18199386  0.10542723  -9.256789
-0.115299694  0.083942145  -9.168148
-0.05070773  0.055831578  -9.106153
5.1304774E-4  0.036538873  -9.079246
0.030964987  0.039641853  -9.106244
0.049493913  0.05876708  -9.18819
0.0668273  0.07401565  -9.305114
0.09185407  0.078955226  -9.430022
0.124370545  0.07750734  -9.583165
0.17165339  0.08042865  -9.79156
0.20062073  0.10630187  -10.032277
0.18793796  0.13611282  -10.262017
0.107309796  0.1449878  -10.452119
-0.006296352  0.10949409  -10.58533
-0.122415185  0.06817898  -10.654104
-0.2253661  0.046700954  -10.675797
-0.3189106  0.048812415  -10.674004
-0.3956548  0.058770835  -10.624616
-0.44628346  0.080368854  -10.480179
-0.49330926  0.1167708  -10.252652
-0.5302057  0.13428538  -10.020466
-0.52694607  0.11210372  -9.806589
-0.44340166  0.069356345  -9.586826
-0.31084847  0.055190254  -9.347164
-0.18819432  0.076767325  -9.150816
-0.112058364  0.10200537  -9.059944
-0.07222704  0.105201654  -9.058349
-0.040452573  0.08625076  -9.078576
0.004436865  0.056341495  -9.069524
0.055113077  0.031295102  -9.04197
0.095159054  0.017547587  -9.059064
0.12122742  0.011582065  -9.151345
0.14683662  0.003396292  -9.294019
0.18962713  -0.009369482  -9.4413185
0.24620408  -0.024749657  -9.597703
0.29768264  -0.041705538  -9.807491
0.33586183  -0.04560052  -10.048093
0.32059816  -5.0415597E-6  -10.260732
0.24570584  0.09148854  -10.430577
0.110104114  0.18458593  -10.566822
-0.020766694  0.22160764  -10.653126
-0.10897511  0.20993412  -10.634929
-0.15951078  0.18934672  -10.545064
-0.20592356  0.17407377  -10.446567
-0.27317896  0.16234419  -10.349799
-0.35783982  0.14153513  -10.222569
-0.40586606  0.102920644  -10.055636
-0.38942853  0.07025377  -9.868682
-0.3067515  0.06936739  -9.690696
-0.20690711  0.11325533  -9.5297785
-0.11601182  0.16196997  -9.387412
-0.03945845  0.19293737  -9.259363
0.024734966  0.20794547  -9.154171
0.07460827  0.21912484  -9.081301
0.11622114  0.21533574  -9.046502
0.14894499  0.1953212  -9.051723
0.174563  0.16128683  -9.117326
0.19138016  0.12121385  -9.239787
0.21143861  0.08276545  -9.393191
0.23996872  0.06348429  -9.557698
0.28538314  0.06142782  -9.749015
0.3385637  0.067363225  -9.959052
0.36310816  0.07328139  -10.154222
0.327612  0.07216254  -10.317546
0.22998863  0.058967426  -10.459831
0.10871572  0.024291128  -10.572406
-1.4497557E-4  -0.018490799  -10.610223
-0.08837817  -0.056063414  -10.553046
-0.16882189  -0.0811486  -10.442486
-0.2601811  -0.08710768  -10.336251
-0.36023268  -0.07397813  -10.249978
-0.4461278  -0.046813443  -10.131351
-0.51434916  -0.02620311  -9.972954
-0.5267792  -0.04799722  -9.80175
-0.47721696  -0.1066784  -9.629017
-0.36957526  -0.16814391  -9.463351
-0.2706506  -0.19353099  -9.305256
-0.21451616  -0.19307452  -9.196893
-0.18844618  -0.194104  -9.1198435
-0.1627867  -0.20036574  -9.05944
-0.12076587  -0.20663594  -9.012736
-0.06483315  -0.20799418  -8.989421
-0.0018116914  -0.21230842  -9.007012
0.062064137  -0.22439487  -9.086555
0.12350326  -0.24692081  -9.227489
0.1821597  -0.27503386  -9.409696
0.23682337  -0.3025913  -9.611485
0.28740665  -0.33046728  -9.834963
0.33369994  -0.34671545  -10.057939
0.3303858  -0.32046625  -10.265357
0.24838655  -0.25083366  -10.473903
0.0960109  -0.17851079  -10.653649
-0.061854143  -0.14235462  -10.736397
-0.18194903  -0.13315083  -10.670672
-0.2736503  -0.11570989  -10.52924
-0.3598915  -0.09481128  -10.402667
-0.45843777  -0.07845453  -10.298577
-0.5510885  -0.076704346  -10.181581
-0.5893015  -0.08471271  -10.033755
-0.54795873  -0.086594515  -9.864402
-0.44517112  -0.07261644  -9.6925
-0.33176863  -0.037528057  -9.542877
-0.2471392  0.0077054184  -9.428636
-0.19508636  0.054601192  -9.352857
-0.16123147  0.09809033  -9.291751
-0.1246235  0.12755582  -9.229363
-0.075881496  0.13881399  -9.153677
-0.023264328  0.13818364  -9.081692
0.026567655  0.13703074  -9.049283
0.074373394  0.1414941  -9.078713
0.12931938  0.14971037  -9.166771
0.19497938  0.16015746  -9.292989
0.262602  0.17344023  -9.456698
0.3164946  0.1901682  -9.667587
0.35284066  0.20797329  -9.931037
0.3938892  0.22113277  -10.196583
0.42838374  0.24431634  -10.406147
0.42200252  0.26595005  -10.545381
0.33188343  0.27791122  -10.64273
0.1776164  0.26726654  -10.6969185
0.0081449365  0.25228208  -10.675851
-0.14582765  0.250685  -10.583324
-0.27576035  0.2600169  -10.460056
-0.38971615  0.2763733  -10.324721
-0.48619333  0.28143716  -10.176082
-0.517621  0.241441  -10.004526
-0.4644471  0.15796103  -9.80156
-0.3411179  0.07320065  -9.61189
-0.21357095  0.031759582  -9.480815
-0.117649876  0.029920453  -9.429486
-0.047397707  0.023463503  -9.40577
0.009526615  -0.0010624798  -9.368615
0.06003243  -0.034071237  -9.315438
0.102463186  -0.05520482  -9.250988
0.13768777  -0.053160522  -9.190219
0.16681172  -0.036584344  -9.161621
0.18960416  -0.019707436  -9.196127
0.20985143  -0.010738113  -9.28946
0.24004777  -0.004021416  -9.419144
0.28275287  0.0030673181  -9.57102
0.32521662  0.0031677235  -9.764982
0.36154708  -0.013050626  -10.005764
0.39768186  -0.031655416  -10.253909
0.40864268  -0.020109935  -10.465069
0.36069098  0.011735354  -10.63546
0.2296352  0.02953778  -10.761059
0.055043846  0.0024912145  -10.815243
-0.11005541  -0.042564724  -10.772996
-0.23109366  -0.06436964  -10.655785
-0.31012982  -0.060052533  -10.502851
-0.36651012  -0.048661146  -10.320897
-0.42288378  -0.03998452  -10.122773
-0.4597282  -0.045031626  -9.926754
-0.46035576  -0.049099494  -9.7474985
-0.40616164  -0.049062505  -9.575954
-0.31705686  -0.028788619  -9.414303
-0.21751046  6.5842486E-4  -9.287651
-0.120847665  0.02863814  -9.193513
-0.031958804  0.050068107  -9.100017
0.05312326  0.06512174  -8.989749
0.12627597  0.076602094  -8.910565
0.17931513  0.09169213  -8.910659
0.21550554  0.117497005  -8.98008
0.25528288  0.15032578  -9.065904
0.3090755  0.17682381  -9.151103
0.3645335  0.1827377  -9.284245
0.4044197  0.18017237  -9.487978
0.44496882  0.19380206  -9.740598
0.495266  0.24266809  -9.973181
0.5179871  0.3005415  -10.17846
0.46657887  0.3122306  -10.358304
0.3392528  0.25769916  -10.511486
0.1931281  0.1747324  -10.596017
0.057368923  0.120512255  -10.60104
-0.06632978  0.09533612  -10.559487
-0.18489023  0.08350707  -10.49199
-0.28312513  0.07702666  -10.376464
-0.35941634  0.085565515  -10.189406
-0.42132115  0.09338357  -9.966367
-0.44645163  0.06748084  -9.751578
-0.408103  0.026046066  -9.53889
-0.29327628  0.009262994  -9.329167
-0.15034638  0.039578225  -9.155004
-0.027220232  0.07627738  -9.058836
0.050847333  0.07376797  -9.020812
0.095659696  0.043640178  -9.00067
0.1279103  0.011929522  -8.996776
0.15268469  -0.014102842  -9.027385
0.17136568  -0.044005007  -9.103856
0.19396573  -0.06816698  -9.20691
0.23326315  -0.07009826  -9.329032
0.28297266  -0.052480105  -9.46738
0.32801995  -0.03596429  -9.625867
0.3581171  -0.02788763  -9.809424
0.38589343  -0.03063313  -10.0303545
0.39094782  -0.015398723  -10.259215
0.34248278  0.03814196  -10.464647
0.20873821  0.12236505  -10.626506
0.029347727  0.17924213  -10.733115
-0.14480475  0.1822495  -10.765656
-0.27739564  0.16048473  -10.719055
-0.38159597  0.15972327  -10.618344
-0.47138432  0.17318942  -10.4902725
-0.5691941  0.16640933  -10.335396
-0.66542953  0.115251176  -10.1844845
-0.7193534  0.04419896  -10.039113
-0.6996856  0.003948035  -9.893206
-0.6118007  0.0235517  -9.736289
-0.5083993  0.08207162  -9.605859
-0.41481328  0.12520123  -9.520652
-0.33777383  0.13952921  -9.464259
-0.27265498  0.13469717  -9.414939
-0.2241062  0.13178177  -9.37096
-0.19025087  0.13557057  -9.34529
-0.16696376  0.1469618  -9.337327
-0.14991827  0.16267082  -9.350863
-0.13210249  0.17001468  -9.389584
-0.112348355  0.16726494  -9.45256
-0.09537711  0.15992166  -9.543038
-0.090842605  0.14642395  -9.657705
-0.08734268  0.12125862  -9.792583
-0.06339594  0.080887794  -9.938758
-0.040619776  0.06285261  -10.091445
-0.07283164  0.09331741  -10.242372
-0.18993153  0.14852194  -10.396735
-0.35235295  0.17896725  -10.521297
-0.49609122  0.16872323  -10.56603
-0.6031787  0.14377862  -10.508191
-0.6928614  0.12344939  -10.384824
-0.77660507  0.09739753  -10.243249
-0.86000204  0.076335125  -10.083687
-0.908367  0.04300831  -9.9197645
-0.8908158  -0.020424513  -9.7548685
-0.7888417  -0.120639406  -9.594421
-0.6485781  -0.20471698  -9.455285
-0.5260253  -0.23169564  -9.374829
-0.44508538  -0.22112711  -9.356866
-0.37743437  -0.22149074  -9.35208
-0.30349845  -0.24148415  -9.317012
-0.2212136  -0.26071858  -9.260693
-0.1587079  -0.25910065  -9.214254
-0.12344686  -0.24330573  -9.199834
-0.10561841  -0.22032334  -9.221049
-0.08237776  -0.20143743  -9.263985
-0.04348066  -0.19231395  -9.3035555
0.00814635  -0.18906796  -9.332201
0.061522733  -0.19017923  -9.364168
0.10864684  -0.19437236  -9.4182205
0.15234779  -0.2052057  -9.478169
0.19768472  -0.21971656  -9.51408
0.2429219  -0.23135416  -9.530667
0.2804098  -0.2408735  -9.5633955
0.30932066  -0.25257263  -9.633526
0.3368945  -0.27229744  -9.716617
0.38353685  -0.30445918  -9.797768
0.4311355  -0.3125356  -9.888243
0.43439794  -0.27079195  -10.013011
0.3620452  -0.19143987  -10.163409
0.24699335  -0.14333077  -10.28136
0.17701386  -0.15670876  -10.331835
0.18770306  -0.18044667  -10.280459
0.2560408  -0.16847998  -10.169078
0.32063362  -0.121353246  -10.061065
0.36547065  -0.071051635  -9.9949045
0.40660977  -0.022215305  -9.952918
0.4498875  0.03165783  -9.908652
0.4780194  0.07817665  -9.86838
0.47660267  0.10401765  -9.850417
0.46030784  0.11000139  -9.8284645
0.4557979  0.11615046  -9.780623
0.46771184  0.13590053  -9.710523
0.48439357  0.15854067  -9.635885
0.4897574  0.17140634  -9.568311
0.47878075  0.17879398  -9.503243
0.45659593  0.19174133  -9.445083
0.44181  0.20572911  -9.3944025
0.45693073  0.2048258  -9.348419
0.50675964  0.19195609  -9.323064
0.56891793  0.18261467  -9.333295
0.62330586  0.18720943  -9.381606
0.6622363  0.20209587  -9.45778
0.6825204  0.21884616  -9.573844
0.6850848  0.23879628  -9.748884
0.69182134  0.26551846  -9.964707
0.686886  0.31123847  -10.173564
0.64089614  0.3445189  -10.379231
0.527446  0.34605005  -10.57372
0.3866121  0.30809537  -10.720681
0.25223288  0.27331498  -10.763013
0.12241912  0.2650465  -10.706223
-0.03698895  0.2858276  -10.611794
-0.20974644  0.29082215  -10.522374
-0.3365465  0.2589303  -10.411511
-0.3784108  0.20319879  -10.226068
-0.3333782  0.16165943  -9.952971
-0.24690177  0.13760722  -9.648179
-0.15038453  0.104964696  -9.39108
-0.07656198  0.059171647  -9.220923
-0.03382117  0.014798798  -9.118005
-0.0033370964  -0.017326288  -9.041356
0.026657091  -0.038375486  -8.9698
0.057708036  -0.05569296  -8.92887
0.08845761  -0.078664206  -8.928749
0.13196321  -0.10899744  -8.95042
0.19912255  -0.13703331  -8.986599
0.26827082  -0.15548587  -9.07867
0.31370035  -0.17860444  -9.252284
0.32852456  -0.20771803  -9.499658
0.33561364  -0.23479176  -9.790043
0.36886367  -0.23926957  -10.09744
0.43774915  -0.22309206  -10.381688
0.47828174  -0.16048475  -10.629073
0.42401096  -0.0647093  -10.856248
0.2628998  0.035804402  -11.032203
0.071665645  0.09176088  -11.102848
-0.09242187  0.10608383  -11.036206
-0.22486025  0.11864606  -10.897153
-0.3399804  0.14484204  -10.732738
-0.43359753  0.17513233  -10.52793
-0.5094057  0.18926625  -10.271937
-0.5461479  0.16663831  -10.010982
-0.5323548  0.13963886  -9.763764
-0.45666924  0.1248624  -9.530402
-0.35924697  0.1383599  -9.311346
-0.2741699  0.14511213  -9.15112
-0.2051668  0.13281216  -9.065436
-0.12028698  0.111251734  -8.994271
5.1719695E-4  0.10266585  -8.882732
0.13745503  0.10447528  -8.755113
0.254527  0.10688352  -8.690966
0.32745743  0.10633415  -8.7511635
0.3675047  0.1108639  -8.91075
0.3920927  0.12905167  -9.104709
0.40866986  0.15199602  -9.304191
0.42786327  0.1609747  -9.533848
0.4424597  0.163536  -9.801936
0.431281  0.16861196  -10.079768
0.36971042  0.17797948  -10.315009
0.26092035  0.1769737  -10.517437
0.12628607  0.17227198  -10.693761
-0.01814179  0.18289001  -10.824379
-0.1514865  0.20939918  -10.85064
-0.25120673  0.23893349  -10.76387
-0.31543723  0.2522472  -10.599113
-0.36755022  0.25089526  -10.3976965
-0.4368541  0.24006373  -10.179664
-0.53055584  0.23225574  -9.963964
-0.5985751  0.19140159  -9.754016
-0.59365886  0.116895266  -9.5268545
-0.5059027  0.031973433  -9.295397
-0.39014685  -0.0144851385  -9.11283
-0.2949272  -0.025020612  -9.03169
-0.22209811  -0.0358259  -9.013913
-0.14328186  -0.07114091  -9.005591
-0.052961677  -0.12552509  -8.990861
0.025613585  -0.17732705  -9.006076
0.063134365  -0.20402575  -9.087134
0.06650152  -0.20486325  -9.230243
0.06371387  -0.18920708  -9.410111
0.07320858  -0.17061974  -9.595637
0.098647095  -0.15741433  -9.788718
0.1450492  -0.15907973  -9.988663
0.16968864  -0.15320982  -10.18465
0.12398263  -0.1235242  -10.403949
-0.016226588  -0.060609788  -10.633438
-0.2037431  0.00503751  -10.829867
-0.37730527  0.044543963  -10.924824
-0.50689083  0.061706662  -10.901166
-0.58808273  0.06498739  -10.795246
-0.6289263  0.06853091  -10.646474
-0.66829365  0.082247145  -10.470703
-0.7228193  0.09102973  -10.301408
-0.76857036  0.087772846  -10.132766
-0.7514276  0.07563346  -9.944291
-0.6586036  0.08113646  -9.712764
-0.53147966  0.10241854  -9.470629
-0.41947845  0.112543106  -9.284984
-0.34027085  0.0974355  -9.185707
-0.2916852  0.07517589  -9.149288
-0.2561768  0.06523847  -9.13499
-0.21932977  0.067544304  -9.127743
-0.17245261  0.06499799  -9.133428
-0.119483314  0.05037731  -9.171454
-0.069423474  0.03669579  -9.253422
-0.02298531  0.038779724  -9.364497
0.026605593  0.05632255  -9.486085
0.073884934  0.070270196  -9.614813
0.10527653  0.07117418  -9.765151
0.11918231  0.055470746  -9.951428
0.123393334  0.03529207  -10.140552
0.09251309  0.030141832  -10.298754
0.0123751415  0.029001184  -10.385697
-0.12097696  0.023313457  -10.406133
-0.2673626  0.0038728502  -10.386987
-0.41913107  -0.0049609323  -10.359831
-0.56638414  0.0050464184  -10.333398
-0.7071669  0.03206158  -10.270002
-0.8445023  0.06884388  -10.171329
-0.95233965  0.08705332  -10.069303
-0.9932365  0.07122562  -9.945796
-0.94208425  0.020818466  -9.785621
-0.8385127  -0.030805213  -9.600835
-0.7446535  -0.058786478  -9.470763
-0.7030646  -0.06921906  -9.424137
-0.71908396  -0.074379526  -9.447701
-0.7771885  -0.082611404  -9.489022
-0.8347865  -0.09354839  -9.5379715
-0.8818366  -0.10473553  -9.571798
-0.9177993  -0.121075004  -9.613193
-0.96065474  -0.13328023  -9.670785
-1.0110735  -0.13968293  -9.751607
-1.0586396  -0.14665683  -9.845004
-1.0925301  -0.15989518  -9.922517
-1.1061944  -0.17530365  -9.971812
-1.1100173  -0.1847272  -9.997836
-1.1235745  -0.18906409  -10.0219965
-1.1557797  -0.19315796  -10.058135
-1.2006508  -0.20113218  -10.104644
-1.2475272  -0.20864953  -10.141419
-1.2873039  -0.21451826  -10.146049
-1.320103  -0.2198826  -10.126511
-1.3533732  -0.23036385  -10.098963
-1.391973  -0.24038862  -10.067122
-1.4303209  -0.24153404  -10.016495
-1.4716105  -0.22460878  -9.939414
-1.5259175  -0.18662244  -9.857652
-1.5577883  -0.14807348  -9.7904215
-1.5351778  -0.10645666  -9.741271
-1.4341469  -0.06953078  -9.685167
-1.2966303  -0.035885494  -9.60546
-1.1476793  -0.019899229  -9.507377
-1.0167254  -0.016142128  -9.426328
-0.9147243  -0.014991894  -9.4034195
-0.8391641  -0.014439776  -9.428903
-0.77090675  -0.0152339535  -9.462073
-0.7012136  -0.014949438  -9.475415
-0.6392357  -0.011229782  -9.488644
-0.5882845  -0.011066296  -9.520365
-0.5445809  -0.013197354  -9.55857
-0.49792466  -0.012824195  -9.595656
-0.44602028  -0.006184761  -9.633102
-0.38715193  0.003087923  -9.680272
-0.32774055  0.011344309  -9.709927
-0.2675078  0.01812292  -9.723411
-0.20958872  0.025520777  -9.728333
-0.15354045  0.03005659  -9.740306
-0.10315785  0.036121357  -9.75391
-0.06905577  0.05099024  -9.768041
-0.05320707  0.07643224  -9.790255
-0.05155143  0.10548413  -9.811159
-0.04422897  0.12590347  -9.820827
-0.019168174  0.13721776  -9.817205
0.017230362  0.14224628  -9.806432
0.049248785  0.14590012  -9.78758
0.072112195  0.14645453  -9.762617
0.08635656  0.14414193  -9.746665
0.091775306  0.13830586  -9.758649
0.085392155  0.13402636  -9.797385
0.07896918  0.1313635  -9.840605
0.08557877  0.13071361  -9.861691
0.10864549  0.12589304  -9.851478
0.1389456  0.11618378  -9.823094
0.16477624  0.10668983  -9.79258
0.18191607  0.100357234  -9.774072
0.1884085  0.094236486  -9.776124
0.18536837  0.08665765  -9.798146
0.17614317  0.079762876  -9.827262
0.17291097  0.0736283  -9.839388
0.18276398  0.0663138  -9.82378
0.20228976  0.05741762  -9.792302
0.21976168  0.051992703  -9.762306
0.22978158  0.04962318  -9.746151
0.23739205  0.04954682  -9.73991
0.24367322  0.05315857  -9.74439
0.25543746  0.05844522  -9.750995
0.27393052  0.06563044  -9.753711
0.3007228  0.07206804  -9.750089
0.3254977  0.082633436  -9.751064
0.34398314  0.092739664  -9.7585535
0.3581817  0.09898889  -9.762008
0.36815676  0.09744518  -9.759921
0.36561176  0.09194542  -9.76352
0.34502038  0.08445031  -9.783147
0.31503507  0.0775244  -9.805752
0.28823152  0.07326871  -9.821263
0.2695724  0.0718399  -9.832996
0.25510946  0.072694816  -9.846082
0.24559897  0.07448968  -9.857604
0.24249811  0.074061155  -9.855175
0.24930306  0.071521826  -9.840606
0.26014906  0.06786178  -9.822442
0.26995495  0.066608526  -9.811111
0.27593848  0.07021934  -9.805878
0.27979684  0.07483458  -9.802712
0.28402445  0.078682  -9.799941
0.28748885  0.08104259  -9.801677
0.2911314  0.08466392  -9.806204
0.29343152  0.09032074  -9.814664
0.29124546  0.09533551  -9.829898
0.28484905  0.10131118  -9.851085
0.28078276  0.10902629  -9.866924
0.28536496  0.11214027  -9.8676405
0.29612228  0.1046604  -9.858273
0.30722272  0.089850575  -9.850236
0.3173021  0.078806855  -9.847715
0.32328954  0.07732877  -9.85004
0.3228726  0.07602397  -9.857614
0.3118705  0.069982395  -9.868412
0.28735518  0.06811712  -9.8747015
0.26532805  0.07017522  -9.870484
