-0.68549067  0.1561167  -9.923013  -9.923013
-0.70137197  -0.34809363  -9.09878  -9.716955
-0.401411  -0.06944783  -8.936643  -9.584462
0.092374176  0.09722505  -10.522876  -9.483567
0.26390368  -0.03901189  -10.921636  -9.606799
0.03464142  0.5059188  -10.197163  -9.811423
-0.28987423  0.29002777  -10.69932  -9.952239
0.2881519  0.061647408  -10.209357  -10.013242
0.3530329  -0.11151112  -11.493892  -10.109632
0.24562351  -0.005838236  -11.509796  -10.212455
-0.19037758  0.39474973  -9.906004  -10.294847
-0.8917518  -0.009508774  -9.281676  -10.295677
-0.95268476  -0.31357187  -9.93051  -10.246048
-0.13326366  0.10041248  -9.703805  -10.198039
0.94364405  0.10406253  -9.365575  -10.160813
0.6884887  0.0022378464  -10.209134  -10.133136
-0.059955183  0.16693401  -10.356086  -10.12197
-0.3100842  0.13984554  -8.981202  -10.107274
-0.12549254  -0.11324405  -9.494344  -10.080496
0.118014626  0.10599763  -10.090687  -10.049937
0.2503008  -0.209514  -9.591575  -10.03357
-0.1715901  0.028418163  -10.343547  -10.032188
-0.3897451  0.20863016  -10.7361145  -10.040109
0.1281721  -0.36153913  -9.894607  -10.0528
0.27696413  -0.35920292  -9.600419  -10.054488
-0.2670265  0.0061641512  -9.711716  -10.041806
-0.34926045  0.14108996  -10.135712  -10.032833
-0.08793482  -0.15111125  -10.259825  -10.032685
-0.05839271  -0.27004296  -9.819622  -10.034217
-0.2608172  -0.32744968  -9.567514  -10.029251
-0.3089452  -0.13279273  -10.003557  -10.021426
-0.37955818  0.013362998  -9.942362  -10.015361
-0.30175698  -0.103305146  -9.682595  -10.011111
-0.16595265  -0.24178559  -9.772909  -10.004738
-0.29708862  -0.28346974  -9.840958  -9.997645
-0.29488823  -0.19059908  -9.911196  -9.993147
-0.362229  -0.35246006  -9.544136  -9.987402
-0.20820764  -0.4860257  -9.367524  -9.98563
-0.17445984  -0.47075495  -10.158118  -9.995921
0.045617815  -0.6258999  -10.04408  -10.005286
-0.44912133  -0.6324312  -9.707537  -10.00092
-1.0279894  -0.75368154  -9.896829  -9.982465
-0.9245671  -0.92689836  -9.758039  -9.959727
-0.65891016  -0.9302058  -9.786739  -9.944318
-0.71625686  -0.752643  -10.129033  -9.919052
-0.93583643  -0.57096195  -10.343808  -9.891705
-0.9735459  -0.4662954  -10.350151  -9.872382
-1.1667598  -0.38973328  -9.838888  -9.870858
-0.78092754  -0.39079887  -9.480593  -9.875964
0.16235547  -0.2939627  -10.577848  -9.885052
0.43640265  -0.16441779  -10.737118  -9.901678
-0.27668777  -0.14237374  -9.693759  -9.917699
-0.61909634  -0.34900525  -8.079389  -9.904546
-1.2003969  -0.42341617  -7.977586  -9.869401
-1.2312971  -0.34421656  -9.046008  -9.834877
-0.77755374  -0.4452369  -10.599666  -9.826146
-0.62096435  -0.51825386  -11.442845  -9.843849
-1.1673545  -0.78275543  -11.015286  -9.871922
-0.8629169  -0.9773618  -12.004594  -9.907029
-0.5219619  -1.2066449  -12.046009  -9.944914
-0.85414404  -1.1355101  -10.941695  -9.988999
-1.7725626  -0.7767361  -10.657937  -10.030099
-1.7813745  -0.8782689  -9.415472  -10.04461
-1.5741827  -1.0510745  -8.957715  -10.034647
-1.5230489  -1.0009224  -8.678063  -10.005352
-1.7198747  -0.7707688  -8.837545  -9.9759655
-2.4840808  -0.63222384  -9.041291  -9.949727
-2.5386088  -0.84446913  -9.345103  -9.928528
-1.8135192  -1.2125825  -9.568279  -9.913029
-1.5988072  -1.2473655  -9.994424  -9.90849
-1.6442847  -1.2908677  -10.017459  -9.911118
-2.1427374  -1.131636  -10.972272  -9.924626
-1.7972198  -1.1447974  -11.2022085  -9.951439
-1.5066936  -1.3003899  -10.718895  -9.989129
-1.8146328  -1.1058711  -11.433587  -10.028805
-1.7184782  -0.6452663  -12.699217  -10.077712
-1.6552987  -0.4722026  -12.550715  -10.140431
-1.2222377  -0.5342717  -12.2306795  -10.212952
-0.6287885  -0.23693149  -11.72461  -10.279096
-0.35284895  0.7078137  -12.205073  -10.341308
0.7516089  1.496545  -14.430979  -10.4217415
1.9812474  1.5546063  -15.656148  -10.5331545
2.1600437  0.63558024  -12.510004  -10.642175
1.0656582  -0.24867737  -7.7384505  -10.691914
0.39222863  -0.8190863  -5.8093367  -10.658471
0.24594925  -0.68214136  -6.55174  -10.567752
0.17463604  -0.115931384  -7.4175606  -10.465743
0.09859307  0.090555884  -7.9823103  -10.381881
0.500083  0.017009439  -8.293273  -10.337277
0.15139328  -0.0714301  -7.639324  -10.320278
-0.31204957  -0.38485402  -7.597263  -10.305713
0.37586296  -0.6410144  -8.377498  -10.26859
0.0870868  -0.4352767  -8.126879  -10.2038965
-0.45094487  -1.0309813  -6.1780005  -10.107827
-1.3086592  -1.3077049  -4.910934  -9.966653
-1.1907009  -1.1067492  -6.1477447  -9.801568
-0.3443574  -0.8189933  -9.143587  -9.664623
0.32378206  -0.5643223  -10.188454  -9.589013
-0.12579563  -0.43200392  -11.208329  -9.584618
0.1985486  -0.55588216  -12.924523  -9.633601
1.0421877  -1.1834512  -12.910997  -9.726124
0.12110327  -1.1001729  -12.5958185  -9.836846
-0.4440493  -0.75096565  -13.213508  -9.949471
-0.19504526  -0.070851326  -14.122232  -10.067136
0.31042653  0.3738887  -15.01057  -10.200391
-0.06843924  0.98109335  -14.732288  -10.338883
-1.1067531  1.3092104  -13.1889715  -10.46251
-0.18398726  1.296784  -13.233197  -10.55668
2.0505173  0.94694775  -12.905925  -10.622756
1.6629778  0.6202084  -10.228756  -10.654926
-0.37599927  0.8557946  -7.818731  -10.632691
-1.279984  1.3219442  -6.55147  -10.537758
-0.4626583  1.4233996  -7.409537  -10.39976
1.2189931  0.9985863  -8.854552  -10.263973
1.8386497  0.53331465  -9.228515  -10.161998
0.97977847  0.21075465  -8.310337  -10.071564
0.35359293  0.23741876  -7.365647  -9.946969
0.03433391  -0.10250361  -7.1687145  -9.7669
0.054697283  -0.38638237  -7.543342  -9.576905
-0.26178473  -0.7107472  -6.3194227  -9.439191
-0.6877179  -0.6463553  -5.760225  -9.379609
-1.0738492  -0.3049823  -7.099133  -9.371084
-1.2298324  -0.086019166  -8.892074  -9.389351
-1.1164963  -0.007853213  -8.406575  -9.412
-1.272593  -0.22631842  -8.062698  -9.427445
-0.80688703  -0.39655277  -9.983927  -9.450948
-5.159485E-4  -0.5261299  -13.009168  -9.520633
0.04673707  -0.1722339  -13.702457  -9.641757
-0.76977825  -0.21975115  -12.496  -9.781627
-1.0222075  0.057520162  -12.715328  -9.931917
-0.23796903  0.19710067  -14.093857  -10.11793
0.8557695  0.10599578  -14.851164  -10.344075
1.7858284  0.0525629  -13.811301  -10.55291
2.3178096  0.8484096  -14.558843  -10.717183
2.4513571  1.3380452  -14.663951  -10.832867
1.1832991  0.7093227  -10.809865  -10.88575
-0.51834255  0.3733206  -8.136963  -10.853962
-0.5441377  0.090229504  -7.7815194  -10.745601
0.03691354  0.16328272  -8.775956  -10.615732
0.4297286  0.15810888  -9.0245285  -10.482867
0.6777584  0.030093675  -8.420709  -10.333561
0.3072392  -0.12282493  -7.05613  -10.154267
-0.17139903  -0.31937957  -5.5742264  -9.951668
-0.18667704  -0.6090807  -5.323316  -9.736844
0.17542946  -0.64579105  -6.0764422  -9.529862
-0.20699494  -0.69955474  -5.30073  -9.347756
-0.8311476  -1.0002058  -4.5928636  -9.209022
-0.99868923  -0.9149111  -6.5590405  -9.133592
-0.44464216  -0.7606228  -8.325783  -9.112277
-0.29595217  -0.27741268  -10.543511  -9.136469
0.58128685  0.06500085  -13.1733675  -9.197118
1.384616  0.023501063  -14.778981  -9.309177
0.9006823  0.25791866  -14.438672  -9.471089
0.2041246  0.62026495  -15.143371  -9.670314
1.0187752  0.7449957  -15.818048  -9.886263
2.2077832  0.26277423  -14.888333  -10.116062
0.4000533  0.0067846193  -13.034103  -10.339374
-1.7723655  0.95377916  -11.358138  -10.525501
-0.56927687  1.6592679  -12.529285  -10.665965
2.500507  1.471707  -12.910175  -10.780778
1.768013  1.2433931  -10.687552  -10.88046
-0.5375432  0.82005  -6.6654234  -10.915738
-2.2687185  1.5066091  -5.77848  -10.842365
-1.5037242  1.9435071  -8.607062  -10.697509
1.0339574  1.4036154  -11.683681  -10.575856
1.2071176  0.41037998  -11.551648  -10.51038
-0.48719987  0.38462526  -8.219256  -10.437688
-1.3121675  0.6821781  -6.4130025  -10.294388
-0.8083642  -0.2926735  -6.692195  -10.095943
-0.48942387  -0.7238191  -6.6157618  -9.878348
-1.1637206  -0.029466782  -5.810159  -9.656903
-2.19949  -0.023996769  -4.650367  -9.4443445
-1.8750932  -0.23207648  -5.1307077  -9.277495
-0.36613533  -0.71351427  -7.1226277  -9.186526
0.18627249  -0.803958  -9.191799  -9.15644
-0.27563566  -0.36025944  -10.899139  -9.171547
-0.95795923  -0.32443184  -11.6362505  -9.222528
-0.8104079  -0.59245837  -11.928993  -9.314778
-0.24583954  -0.34875348  -13.800741  -9.465843
0.35882223  -0.02107751  -16.118963  -9.687093
1.3258628  -0.35172436  -16.67891  -9.961395
0.9303468  -0.042426012  -14.670204  -10.24628
0.81508785  0.92200726  -12.991664  -10.508972
2.755913  1.4216478  -13.857848  -10.741076
3.5010343  1.8545933  -14.746003  -10.94587
2.3911126  1.6269319  -10.378365  -11.071369
0.8939052  0.9525497  -6.2589617  -11.065265
0.083587036  0.70037717  -6.069997  -10.919075
0.3127793  0.67144525  -7.8700347  -10.713593
0.64798635  0.5978304  -9.194717  -10.517054
0.73841816  0.15089609  -8.768944  -10.335883
0.22980572  -0.3085095  -6.7356305  -10.140046
-0.5692462  -0.63309634  -5.0729423  -9.925574
-1.0124444  -0.93291897  -4.6935844  -9.714662
-0.88869387  -1.0379999  -5.1160493  -9.510596
-0.7716854  -0.9695457  -6.333011  -9.319346
-0.94165045  -1.0917207  -6.7082124  -9.152961
-1.5555004  -0.7812696  -8.204375  -9.069465
-1.4948026  -0.27221423  -10.747928  -9.092883
-0.3721002  -0.60015166  -12.168162  -9.186119
1.0486856  -0.8485403  -13.311773  -9.280181
1.0401348  -0.97611177  -13.302422  -9.3444395
0.17282249  -0.34504268  -13.49573  -9.424582
0.33281872  -0.11020903  -13.879466  -9.558782
1.8241003  -0.2809756  -14.601862  -9.7500105
2.0526578  -0.4165503  -14.1369295  -9.962022
0.3228168  0.3916106  -12.137907  -10.16349
-0.4753012  1.9852272  -13.261458  -10.371453
1.9650568  2.0210395  -15.3720875  -10.604603
3.9323323  1.4856844  -13.185576  -10.835301
1.3738731  1.0690848  -8.685597  -10.98158
-1.134971  0.9991832  -6.4297805  -10.99165
-0.4188134  1.0355396  -7.808401  -10.910136
1.1816086  1.2148649  -8.538949  -10.801921
1.526016  1.2492163  -8.262282  -10.683807
0.39346227  1.2489692  -7.844433  -10.52452
0.3981458  0.9810584  -7.9411073  -10.315716
0.86402446  0.32564613  -8.311858  -10.09932
0.008361339  -0.040969547  -8.053647  -9.913819
-1.6376978  -0.1676043  -5.481213  -9.731662
-3.0118432  -0.17298588  -4.432049  -9.512878
-2.6026034  -0.26782534  -5.682394  -9.296336
-1.5839291  -0.2589683  -6.725309  -9.161672
-1.9010688  -0.19950573  -8.294879  -9.143109
-2.2866044  -0.049837667  -9.717365  -9.185134
-2.107632  -0.3367738  -9.933317  -9.229678
-1.5051198  -0.29477757  -11.560823  -9.279473
-0.2849092  -0.018777458  -14.420482  -9.383319
0.0995593  0.110889584  -16.071808  -9.582168
-0.80348605  0.13826092  -18.537546  -9.883349
-0.73154104  -0.31652525  -17.676945  -10.22968
-0.3277135  -0.40707922  -14.381256  -10.548691
0.36502945  0.5276677  -13.493072  -10.802339
1.5571269  1.4931484  -13.457906  -10.988326
1.6031086  1.5591727  -11.894323  -11.110408
1.1348191  0.73167527  -7.7240753  -11.128517
0.58597845  0.0053057373  -5.264274  -11.023469
0.44030726  -0.030975586  -5.683502  -10.837261
0.41895527  0.513837  -7.5282316  -10.636947
0.8523254  0.89062333  -8.407637  -10.460483
0.8575668  0.669998  -7.2483015  -10.286473
0.21075441  0.76137954  -5.8798156  -10.091265
0.3896671  0.5756525  -6.800949  -9.897305
1.228907  0.09839581  -9.017776  -9.732141
1.2274809  -0.36931628  -7.4638324  -9.570207
-0.17476812  -0.3051182  -6.448485  -9.3953085
-0.9128981  -0.3363479  -6.406768  -9.238603
-1.8275154  -0.44334584  -6.2967424  -9.15389
-1.418943  -0.4419355  -8.4301815  -9.137315
0.67875695  -0.54099125  -11.281606  -9.167235
2.1233974  -0.9021344  -12.42616  -9.236941
1.2944181  -0.67841345  -12.871632  -9.34744
-0.3416915  0.24282591  -12.536637  -9.475094
-0.5647154  0.46223792  -14.133949  -9.6181
1.023443  -0.0060977144  -16.263702  -9.79058
1.8780732  -0.101829484  -16.181726  -10.019586
0.4435697  0.2472033  -13.106232  -10.275001
-1.0278144  1.2133656  -12.548044  -10.517967
0.8924508  1.3232198  -13.619912  -10.725693
1.9907099  1.1716864  -12.224487  -10.889488
0.062506884  1.2605537  -8.967994  -10.982773
-1.9474556  1.7511275  -7.5298014  -10.9899645
-1.2692109  1.8225348  -8.277707  -10.930373
0.30164027  1.480593  -8.715382  -10.824894
1.0946177  0.57691884  -9.632615  -10.682048
1.463185  0.1367207  -8.415854  -10.475881
0.4021716  -0.42473805  -6.824777  -10.222056
-0.0992613  -0.5863716  -6.547656  -9.955321
-0.09713118  -1.0304956  -5.807756  -9.711144
-0.58074385  -1.1862817  -5.388708  -9.492737
-2.1125023  -0.6966218  -5.7289834  -9.289776
-3.1260178  0.2774311  -7.251484  -9.153599
-2.3043926  0.4942229  -9.540303  -9.131729
-0.35138282  -0.20544878  -9.242649  -9.199902
0.37521178  -0.36604625  -10.309656  -9.2982025
0.075474866  -0.1816672  -11.643567  -9.386874
-0.40399486  0.06993434  -12.325476  -9.489601
-0.5133001  -0.06701487  -13.135174  -9.633753
0.43553126  0.047761522  -14.362345  -9.817955
0.4855336  0.059137747  -15.714474  -10.017154
-0.0142353475  -0.41364908  -14.428807  -10.213662
-0.323993  -0.60072124  -12.0917425  -10.392413
0.41157398  0.47324178  -12.826128  -10.568593
1.5174071  1.0236067  -13.538357  -10.747336
0.97935057  0.49867332  -10.226867  -10.890462
-0.030328171  -0.26831245  -6.7385097  -10.932084
-0.37399295  -0.2913964  -6.483176  -10.851627
-0.02914032  0.1443075  -7.969457  -10.709144
0.21679376  0.6863166  -9.222065  -10.578034
0.4875084  0.47160473  -8.828319  -10.452828
1.055174  -0.018211262  -8.120522  -10.297612
1.7621415  -0.3940447  -6.822866  -10.08643
1.9940674  -0.60374105  -8.173791  -9.878703
1.6086686  -0.6858429  -7.7140393  -9.701617
0.26453358  -0.5733657  -5.94097  -9.540086
-1.2505212  -0.7343212  -4.7001348  -9.354556
-1.6408415  -0.70508283  -5.504525  -9.181716
-1.1802979  -0.14776863  -8.783478  -9.091584
0.02768424  0.3135634  -12.530447  -9.110501
0.5326508  -0.21553728  -11.691958  -9.189047
-0.6103547  -0.29179662  -11.048055  -9.269092
-0.79566264  -0.047883313  -12.954286  -9.351781
0.86011666  -0.3318545  -14.57405  -9.478662
2.0774686  0.009331972  -16.296574  -9.682704
1.3755152  -0.466504  -14.3483305  -9.923802
0.07899356  -0.069194086  -12.613573  -10.160047
-0.538572  0.72493076  -12.961568  -10.3729925
1.2238388  1.3604611  -14.50737  -10.57404
3.280097  0.8278732  -13.478104  -10.744656
1.5319469  0.43239728  -9.784735  -10.85332
-1.5915368  0.9149655  -5.9440327  -10.854378
-2.861806  1.83029  -6.602709  -10.772298
-0.6907912  1.7150708  -8.536653  -10.65012
1.584059  1.2771535  -10.240276  -10.541559
1.8094274  0.48404697  -9.149063  -10.431403
0.63276577  0.20055142  -6.5552626  -10.271519
-0.31680533  0.12270455  -6.4557295  -10.064615
-0.3811221  -0.23418827  -6.596009  -9.855096
-0.30301505  -0.6702021  -7.689092  -9.682819
-1.1607314  -0.21308966  -7.2528176  -9.526168
-2.407152  -0.23511247  -6.193465  -9.383058
-1.9186037  -0.5673088  -6.610809  -9.286329
-1.4675976  -0.51477116  -8.321703  -9.264825
-1.3321716  0.028256806  -10.544238  -9.304505
-1.3592128  0.024849977  -11.943366  -9.370567
-1.0902674  -0.7510651  -12.11966  -9.45008
-1.0989261  -0.90031695  -12.260611  -9.544087
-0.40115777  -0.8036275  -12.841808  -9.668628
0.92650104  -0.5991627  -14.721127  -9.823316
0.9679036  -0.42686906  -16.356901  -10.019698
-0.017125325  0.14401157  -14.449551  -10.239131
0.45102993  0.846562  -12.568195  -10.470794
1.7311456  1.3997002  -14.004129  -10.701129
1.8642913  1.0480357  -12.745496  -10.889367
0.34095654  0.21438442  -8.597552  -10.968337
-0.3077311  -0.3423307  -6.4930468  -10.920468
-0.01782766  -0.13921554  -7.875546  -10.806539
1.0905892  -0.0063452483  -8.612629  -10.688827
1.5078973  0.23007236  -9.423754  -10.571562
0.6574792  0.36491063  -8.038903  -10.407214
0.27756473  0.37355605  -6.86231  -10.213752
0.7184076  0.1092592  -7.9422913  -10.024724
0.80646193  -0.34531283  -7.184173  -9.858662
-0.22486347  -0.2963743  -7.0285616  -9.692666
-1.2104157  -0.5353764  -6.0171266  -9.50084
-1.2238581  -0.95708  -5.5521774  -9.323319
-0.7470012  -0.94452924  -7.1278577  -9.226007
-0.3592535  -0.65649176  -10.059293  -9.229784
-0.63019884  -0.36809325  -13.508579  -9.318788
-0.41982803  -0.46528396  -12.801462  -9.420544
-0.07998653  -0.33026496  -11.960176  -9.516323
1.2346675  0.008619317  -13.556069  -9.630889
2.2445683  0.12217638  -16.155102  -9.811548
1.576579  0.0011968496  -16.358027  -10.056568
-1.2667601  0.331947  -13.146239  -10.287295
-3.232177  1.452416  -11.148275  -10.464282
-1.7106308  1.94151  -13.062973  -10.614488
1.097078  1.6084896  -12.744303  -10.770955
0.463932  1.0149844  -9.367347  -10.901035
-1.785786  1.4652488  -7.3105936  -10.937568
-1.4009007  2.1953263  -9.372699  -10.893505
1.716372  1.7064296  -10.851886  -10.828023
3.5051274  0.52144647  -10.7314005  -10.778323
2.173023  -0.580024  -7.582062  -10.703725
0.35856494  -1.0037478  -4.8984413  -10.549912
0.05825738  -0.85145307  -6.0964313  -10.315257
1.1250283  -0.69480795  -7.6246696  -10.066109
0.9109762  -0.56814474  -7.354039  -9.859632
-1.1791588  0.09992304  -6.6581745  -9.6801405
-2.8350172  0.29404455  -6.610968  -9.507042
-2.1365345  -1.8346914E-4  -6.929637  -9.36678
-1.5496289  0.23940448  -8.774449  -9.315659
-1.2645426  0.5814131  -9.3495  -9.334986
-1.6431628  -0.028385099  -9.296642  -9.37609
-1.5782996  -0.24451812  -10.043026  -9.401805
-1.3551989  -0.18017358  -11.893215  -9.449559
-0.017010173  -0.1467891  -14.145581  -9.558419
1.0279251  -0.14911519  -15.282032  -9.7295065
0.6939007  -0.31487903  -14.955824  -9.936864
-0.06949383  -0.74192107  -13.288944  -10.134751
-0.22995773  -0.21880817  -12.190449  -10.321837
1.8699015  1.2767433  -15.616113  -10.5301485
2.6754606  1.3474774  -15.32629  -10.756405
1.4290878  0.62713635  -9.298365  -10.918456
0.05620244  0.20599972  -7.134778  -10.928306
-0.24101482  0.21604961  -8.752046  -10.824749
1.0019307  0.3026941  -9.005121  -10.700875
1.5174547  0.5048411  -9.604424  -10.599431
1.4452441  0.07209933  -8.33481  -10.46307
1.2852572  -0.52660996  -7.161386  -10.268916
1.1650743  -0.8829606  -5.992093  -10.04511
0.40755376  -1.1728953  -4.658705  -9.833626
-0.711327  -1.086103  -3.5414624  -9.619133
-1.7394035  -0.8164423  -4.5352645  -9.394872
-1.2513326  -0.61811733  -5.911062  -9.198697
0.11804407  -0.6699241  -8.482075  -9.101533
-0.20556226  0.16526523  -11.188407  -9.097191
-1.90166  0.74717605  -13.52112  -9.149566
-1.5668929  0.26371834  -12.880569  -9.210992
0.09854001  -0.3090794  -12.304354  -9.299333
0.59915483  -0.30450574  -12.397525  -9.432392
0.44014254  -0.051567968  -12.363607  -9.603583
0.4095404  -0.08877198  -13.054871  -9.781327
-0.25022176  0.25868443  -13.670537  -9.948123
0.03800608  1.0342535  -13.414794  -10.11945
0.81213707  1.8256191  -14.345877  -10.312117
2.0574012  1.6564546  -15.174038  -10.5226345
1.9504213  1.0047998  -12.527961  -10.705345
0.6680806  1.004429  -9.645199  -10.819176
0.48465526  1.3828139  -8.494892  -10.849243
0.7881328  1.3851672  -8.876894  -10.83376
1.2982417  0.94768035  -8.924737  -10.788053
1.317182  0.15295629  -7.805605  -10.691066
0.19045466  -0.23951851  -6.2618265  -10.521357
-0.6809681  -0.31205067  -6.1429167  -10.297531
-0.3388607  -0.33548355  -6.209473  -10.066859
0.015390568  -0.60437727  -6.347197  -9.865603
-0.4820405  -0.5365885  -6.1142254  -9.657968
-1.3595397  -0.44975778  -7.399619  -9.442489
-1.3369744  -0.32196367  -7.9340687  -9.268481
-1.0310321  -0.5168548  -8.187399  -9.192201
-0.7110803  -0.51133806  -7.902813  -9.181451
-0.7205099  -0.56311744  -9.4276  -9.187247
-0.22892816  -0.8315605  -10.632632  -9.192815
-0.23809692  -0.6535036  -12.098529  -9.2410965
-0.377731  -0.33514974  -13.352308  -9.34279
-0.5345053  -0.10378477  -15.114148  -9.519425
-0.21896689  -0.17744802  -16.325777  -9.76924
-0.29015774  -0.80423695  -16.188904  -10.078838
-0.54673797  -0.5113883  -14.263628  -10.39405
0.24819595  0.655196  -13.612548  -10.672544
1.631696  1.4879165  -14.205166  -10.886922
1.6024816  1.0864383  -11.999398  -11.018733
1.096452  0.5520839  -8.566735  -11.03336
0.59640396  0.22786371  -7.406842  -10.944313
0.13107148  0.26785263  -7.256176  -10.801013
0.3766122  0.43899113  -7.761792  -10.660665
0.6815275  0.7358681  -9.013479  -10.539979
0.87325084  0.40514374  -8.216308  -10.421234
0.8492901  -0.077933304  -6.8283362  -10.28206
0.18120629  -0.26774585  -6.4943132  -10.109825
-0.1814983  -0.44425815  -5.683662  -9.902187
-0.6017649  -0.6430379  -5.1367903  -9.664966
-0.8660349  -0.8413008  -5.490727  -9.426662
-1.4164579  -0.80828804  -5.767184  -9.232658
-1.1562659  -0.5143645  -7.680055  -9.124046
-0.0028681168  -0.37746796  -10.700035  -9.097475
0.3478138  -0.06660125  -12.657633  -9.141376
0.047335412  -0.24095733  -12.427647  -9.235618
0.044779893  -0.6977763  -12.1133  -9.367158
0.80250144  -0.9713793  -11.937525  -9.517789
0.5303868  -0.5832072  -14.061179  -9.698324
0.41736096  0.048532482  -15.253564  -9.9071455
-0.26344657  -0.070945  -15.279335  -10.147176
-0.2515391  -0.49040467  -12.803364  -10.364538
-0.86060894  0.029661793  -11.66535  -10.533985
-0.023463944  1.2158415  -13.9724455  -10.672134
2.1743295  1.1677089  -14.391751  -10.820331
1.7401394  0.7247046  -10.7627325  -10.94634
-0.3616545  0.8173395  -7.4275694  -10.989109
-0.89073336  1.3114116  -7.02729  -10.924839
0.09172496  1.5157354  -8.867768  -10.806684
1.4982556  1.6142696  -10.686523  -10.677207
1.2573236  1.2624332  -9.778776  -10.534066
0.3557627  0.6143882  -6.64753  -10.344103
-0.37851197  0.5385011  -5.4817595  -10.113823
-0.16708083  0.33108607  -6.49162  -9.878229
0.00362517  -0.04557066  -7.192182  -9.666045
-0.17113194  -0.46309254  -7.2405024  -9.491111
-0.7074018  -0.71745  -6.6336503  -9.364213
-1.3653867  -0.5189229  -5.8683543  -9.288005
-1.5449269  -0.35467094  -6.2284107  -9.246345
-1.1223602  -0.37079957  -7.9789977  -9.224593
-0.8510561  -0.40288898  -9.5733795  -9.222272
-0.8125056  -0.5050905  -10.24253  -9.248229
-0.77041304  -0.34138238  -11.910363  -9.31923
-0.2673773  -0.35092136  -13.4970875  -9.449888
-0.3547594  -0.2772189  -14.513752  -9.643546
-0.554087  0.16425839  -15.79607  -9.888844
-0.48461908  -0.28824657  -16.246675  -10.168893
-0.8943026  -0.89168465  -15.217143  -10.454682
-1.2968968  -0.56696016  -12.804176  -10.68922
-0.43146056  0.113305315  -11.914125  -10.835408
1.9073713  0.80763805  -13.290169  -10.899952
1.651445  1.0740708  -11.652602  -10.909874
1.0966077  0.8292299  -7.970159  -10.870191
0.820616  0.8891523  -6.923189  -10.778222
0.5107031  1.116974  -8.147737  -10.638677
1.0773418  0.8895102  -9.194666  -10.481392
0.9914621  0.8115792  -8.970991  -10.312127
0.4357441  0.3812537  -6.8900914  -10.142862
0.79950213  0.08397694  -5.546676  -9.973044
0.77559006  -0.4361493  -6.37813  -9.791321
0.7783802  -0.93526447  -6.6907406  -9.593042
0.3785818  -0.8428243  -5.8904667  -9.406305
-0.5250683  -0.51073664  -6.0709815  -9.277326
-1.1572646  -0.4419839  -7.026286  -9.219642
-0.6419496  -0.47744244  -8.598515  -9.204578
0.10425891  -0.4492466  -11.043008  -9.205377
0.64352256  -0.5135114  -12.590158  -9.232216
0.30778018  -0.7030138  -11.907986  -9.310256
-0.26844963  -0.9162757  -11.569592  -9.441364
-0.44347703  -0.7778775  -11.780918  -9.595416
-0.3305756  -0.25534642  -12.943437  -9.754012
0.5328361  -0.014595201  -14.436691  -9.92287
1.1836996  -0.32667553  -16.046509  -10.12991
0.65136766  -0.54401475  -14.415883  -10.362842
-0.49995375  -0.38149104  -11.118803  -10.574424
-0.85988086  0.38844126  -11.387843  -10.730412
0.87465847  0.5921243  -12.631299  -10.835571
1.0127504  0.46074617  -11.07909  -10.903194
-0.4230882  0.5494545  -7.768302  -10.900903
-1.9327171  0.8950311  -6.171161  -10.802464
-0.7919561  1.2370917  -8.376274  -10.639451
1.76965  1.4187229  -10.75107  -10.468078
2.2180655  1.1365093  -11.178509  -10.317608
1.0197693  0.79269403  -8.94702  -10.16591
0.5196111  0.35858294  -8.563644  -10.021661
1.0497036  -0.03820673  -8.726794  -9.894828
0.7238978  -0.46925753  -7.631305  -9.773655
-0.6525163  -0.41215828  -6.3480353  -9.642629
-2.0428863  -0.24415655  -5.6653986  -9.519775
-2.0956028  -0.45543042  -5.8109436  -9.439021
-1.4190876  -0.71237224  -6.258336  -9.389886
-0.998544  -0.6604556  -7.8578787  -9.349716
-1.2294574  -0.03486415  -10.265044  -9.331825
-1.5333699  0.18011501  -11.532542  -9.374415
-1.3403239  -0.3115417  -10.963126  -9.479535
-0.89856935  -0.95880294  -10.42288  -9.610126
-0.8641495  -0.8207217  -11.437834  -9.741683
-1.3794484  -0.27701527  -13.543504  -9.89395
-0.74911755  -0.18893383  -14.138032  -10.083462
-0.32468766  -0.3838937  -14.236989  -10.295784
-0.34426942  -0.12672856  -13.336073  -10.481111
0.7000217  0.881116  -14.65153  -10.6251545
2.177671  1.544244  -17.412022  -10.747079
2.575561  0.8626834  -14.604804  -10.850109
1.2573862  0.13496695  -9.343717  -10.899117
0.62843233  -0.14587426  -7.0892143  -10.860036
0.4414317  -0.10955416  -7.737565  -10.747783
0.02862306  0.37689245  -7.9639697  -10.596205
0.22268859  0.041234236  -7.0910435  -10.4051485
0.43960947  -0.0504694  -6.0734553  -10.18505
1.0219214  -0.45724872  -6.586154  -9.982915
1.5971416  -0.40107277  -7.43588  -9.827109
0.42635646  -0.60877883  -6.5660577  -9.692389
-0.07430823  -0.7063377  -5.0974536  -9.544251
-0.586857  -0.999572  -4.665868  -9.403979
-1.4637692  -0.7969049  -5.548489  -9.314103
-1.2267977  -0.26953954  -8.578177  -9.28148
-0.38131228  -5.2337366E-4  -11.167085  -9.281437
0.13151318  -0.029599158  -12.3336735  -9.297854
0.5674534  -0.5846159  -12.41999  -9.34456
0.5935902  -1.1269732  -11.887162  -9.418186
-0.027053503  -0.90337217  -12.774359  -9.518595
-0.06503835  -0.73034656  -13.822305  -9.64417
0.27082294  -0.046718735  -14.4934635  -9.814392
0.9390055  0.16871941  -15.516394  -10.038349
1.0039858  -0.15010992  -14.116156  -10.281883
-0.65258616  0.7703837  -11.728085  -10.500642
-0.68767226  1.669354  -12.762338  -10.673599
2.5913298  1.2625698  -14.591714  -10.809718
3.1681495  0.3787339  -11.948953  -10.899047
0.676271  0.38268375  -7.633954  -10.912139
-1.8626887  1.1494029  -6.1057243  -10.845195
-1.29384  1.4579458  -8.058805  -10.743107
0.6807767  1.260963  -8.842109  -10.628314
1.2167677  1.0732412  -8.829234  -10.50434
0.19816782  1.0027378  -8.432787  -10.35791
-0.097772144  0.8707508  -8.100964  -10.206538
0.29990438  0.4099497  -8.207417  -10.044655
0.26347077  -0.105772726  -7.3221593  -9.84309
-0.7402071  -0.06817898  -6.7129145  -9.616924
-2.3316927  0.12992607  -7.018102  -9.428894
-2.1205254  -0.080971606  -7.879199  -9.341603
-1.0689232  -0.573438  -7.42142  -9.324458
-0.89786327  -0.9272576  -8.181287  -9.330857
-2.0317287  -0.7688401  -8.903663  -9.346726
-2.3006196  -0.78414047  -9.467079  -9.396945
-1.6991718  -1.0493718  -9.994794  -9.476711
-0.8089444  -0.82757473  -10.898074  -9.571753
0.31955475  -0.23116781  -13.403976  -9.698686
0.07872669  0.5108527  -15.265981  -9.888209
-0.014413759  0.5418857  -15.309848  -10.144232
0.12617637  -0.23416825  -13.717338  -10.412579
-0.08245271  -0.006172285  -11.448098  -10.613344
0.31562924  1.3181045  -12.670115  -10.729472
2.3300335  1.7658025  -15.308938  -10.797511
3.027207  1.3477254  -13.526879  -10.849225
1.5032772  0.91535014  -10.014351  -10.869682
0.9211394  0.8216767  -8.83034  -10.826072
1.4693563  0.410214  -9.410379  -10.73136
1.9298258  0.20989268  -9.295839  -10.605865
1.2650362  0.091758326  -8.270078  -10.449792
0.5264021  0.2119623  -7.3127847  -10.271576
0.40225884  0.07082638  -7.125782  -10.098872
0.47808245  -0.37621105  -6.462548  -9.934932
0.9588579  -0.85621166  -7.230281  -9.765825
0.10340234  -0.3793269  -6.683994  -9.590584
-1.418676  -0.08186421  -6.129913  -9.459746
-1.3095282  0.0812583  -7.006439  -9.405411
-0.48949692  -0.12810935  -7.41666  -9.393879
0.050462425  -0.18624529  -9.0961  -9.398625
0.5450202  -0.25516894  -11.094489  -9.416006
0.91022944  -0.52874357  -11.01854  -9.463275
0.08709079  -0.57610905  -9.630297  -9.522351
-0.4152307  -0.33795196  -9.933915  -9.57644
0.20452616  -0.034958042  -11.5501585  -9.645736
1.4395553  0.34932134  -13.580579  -9.764459
1.4820894  0.8782857  -14.58823  -9.937291
1.0497863  1.090834  -14.222476  -10.129708
0.6154258  0.75579035  -10.621624  -10.288168
-1.5869591  1.1535599  -7.2986445  -10.3683605
-0.79087615  2.9735537  -11.941494  -10.417947
3.4791965  3.323673  -17.275984  -10.510207
5.315049  1.9032377  -15.834059  -10.664707
2.4001925  1.0055919  -10.83094  -10.790456
0.2063322  0.68420255  -7.6440134  -10.790568
0.4473896  0.38173294  -7.084044  -10.660854
0.8735602  0.797876  -8.667416  -10.47026
1.0081995  1.3805768  -9.962741  -10.298231
0.7726722  1.563275  -9.221482  -10.181346
0.4360409  1.4753703  -8.788124  -10.090019
0.63238007  1.1236894  -8.182866  -9.967477
0.93566644  0.7815567  -8.184484  -9.816083
0.24558651  1.0831006  -9.154814  -9.692677
-0.64817953  1.2523952  -8.530273  -9.632473
-0.71579444  1.3838809  -8.7991  -9.616076
0.5646349  1.0997772  -9.665679  -9.611062
1.7287623  0.9996824  -10.845192  -9.63267
1.327916  0.9893401  -11.102813  -9.695031
0.65550166  0.7763744  -9.24689  -9.773608
0.40662956  0.6249091  -9.113406  -9.852885
0.93859184  0.57189906  -8.573972  -9.9095125
0.43744442  0.25651917  -8.926098  -9.967259
0.48594797  0.3572751  -9.727837  -10.033775
0.5445498  0.6842227  -11.576508  -10.130165
0.9324394  0.35415015  -11.443968  -10.243085
0.85792416  -0.060873073  -9.917604  -10.3302965
0.15797113  0.31706646  -9.350405  -10.359044
-0.09769063  0.69484556  -9.693526  -10.338232
0.23494528  0.794741  -10.874806  -10.321338
0.63934076  0.66207224  -11.747972  -10.337388
0.6263907  0.30687866  -10.657477  -10.357443
0.25590792  -0.007065652  -9.224815  -10.325643
-0.27749676  0.083433114  -9.069692  -10.225949
-0.6871267  0.27268127  -9.178398  -10.087816
-0.729361  0.40760678  -9.538739  -9.979988
0.098930806  0.45334798  -10.039197  -9.948632
0.83105034  0.31968507  -10.045561  -9.946426
0.8816553  0.16715269  -9.497256  -9.882221
0.41075227  0.36681166  -10.113236  -9.73967
0.044673394  0.40381268  -10.859101  -9.614936
0.33875006  0.19032446  -10.161768  -9.585538
0.2349412  0.06517846  -9.866648  -9.634876
0.20927487  0.08425665  -9.900524  -9.695372
-0.20993896  -0.11883435  -9.812402  -9.731161
-0.6288015  0.11609757  -10.187168  -9.750128
0.07373901  -0.13499455  -10.19163  -9.770673
0.5159485  -0.26415452  -10.183439  -9.811134
0.31123728  -0.290182  -10.2042055  -9.861354
0.1741201  -0.14926252  -10.413052  -9.91023
0.3823568  -0.27520275  -10.376123  -9.957672
-0.0046586962  -0.13786323  -10.249773  -9.999846
-0.3817888  0.20252006  -10.198454  -10.035302
-0.029707039  -0.044986203  -10.024184  -10.046065
0.2234547  -0.20066102  -9.860427  -10.031893
-0.101200126  -0.24771206  -9.315736  -10.013425
-0.40121007  -0.12941988  -9.300348  -10.004291
-0.010545619  0.019907147  -9.717775  -10.01725
0.2950938  -0.09325171  -10.194894  -10.04132
0.23772158  -0.054252837  -10.173282  -10.067783
-0.19292742  0.07208681  -9.999309  -10.069053
-0.35581842  0.13364945  -10.267789  -10.047683
-0.07046422  -0.022211846  -10.121927  -10.02408
0.04347385  -0.15597764  -9.910002  -10.020263
-0.15896875  -0.070116386  -9.799754  -10.028319
-0.5241834  -0.01783533  -9.545195  -10.022174
-0.66043186  0.19662954  -10.175869  -9.996289
-0.101143286  -0.056599237  -10.6325035  -9.96919
0.11792102  -0.16027  -10.212205  -9.963546
-0.36715811  -0.1968301  -9.766492  -9.978909
-0.48684832  -0.11885432  -9.5770645  -9.998195
-0.6439033  -0.2247933  -10.086577  -10.01341
-0.5245396  -0.2301627  -9.724255  -10.019258
-0.4139928  -0.24054094  -9.55631  -10.016884
-0.22428368  -0.14461014  -9.618408  -10.01056
-0.22894697  -0.09031579  -10.080579  -10.006848
0.0145301  -0.04377019  -10.529765  -10.004619
0.17982431  -0.0937691  -10.667707  -10.005952
-0.15969545  0.15399197  -11.348305  -10.021305
-0.19623332  -0.09233306  -9.612118  -10.037038
-0.27384925  -0.27046382  -9.808198  -10.048048
-0.06308746  -0.20677125  -10.3480015  -10.046828
-0.09723363  -0.15933362  -10.006897  -10.046567
-0.49054536  -0.12958072  -9.801556  -10.04281
-0.009659193  -0.12249266  -10.218627  -10.037697
-0.010041339  -0.4886355  -10.289718  -10.033153
-0.39976394  -0.37594143  -9.596254  -10.024923
-0.65099746  -0.27609038  -9.734532  -10.011788
0.047626473  -0.16597177  -10.13568  -9.999217
0.27486598  -0.24775402  -10.561623  -9.99884
0.39409584  -0.35745478  -10.052423  -10.005013
-0.10303754  -0.26403096  -8.895595  -10.007878
0.11527201  -0.31342635  -8.847713  -10.0015745
0.63949734  -0.08041015  -10.444504  -10.000222
0.5653627  -0.20295392  -10.608622  -10.006592
0.017453732  -0.027945373  -10.433149  -10.019558
-0.2503497  -0.26920667  -9.974616  -10.025566
-1.0546442  -0.056940455  -10.209917  -10.027207
-1.1690371  0.05445438  -10.351848  -10.028573
-0.55170614  0.15052061  -10.9146805  -10.039468
-0.58626646  -0.18317176  -10.510783  -10.057483
-0.27539048  -0.25477797  -10.262306  -10.0800085
-0.57616717  -0.13378578  -10.368754  -10.095017
-0.49739897  -0.20280613  -9.65563  -10.0943985
0.026455589  -0.16142213  -9.488207  -10.080436
1.2696071  -0.2098955  -10.58681  -10.072282
0.45589784  -0.15978768  -10.550192  -10.082184
0.45906976  -0.20285599  -9.8656845  -10.0967455
-0.23380032  -0.278657  -9.370933  -10.10044
-0.28074506  -0.09258843  -9.433068  -10.093982
-0.095534  -0.41830817  -10.162429  -10.094607
0.15854768  -0.09343373  -10.878933  -10.105896
-0.014263755  -0.14605711  -9.775941  -10.111346
-0.260628  -0.0736947  -9.47489  -10.100713
-0.65335155  -0.31007588  -9.755385  -10.06794
-0.2900519  -0.016654134  -10.228975  -10.047858
0.16060837  -0.328565  -10.251927  -10.042928
0.027498104  -0.3718059  -9.120234  -10.041379
-0.37261182  -0.21189794  -9.26232  -10.027225
-0.47883576  -0.114290036  -9.660998  -10.007661
-0.12010587  -0.12899953  -10.236665  -9.999632
0.15328808  0.08252152  -10.104886  -9.996787
-0.24068487  -0.008511024  -9.923435  -9.998272
-0.3556536  -0.21847682  -10.31482  -10.004963
0.07986678  -0.041568995  -10.408426  -10.015891
-0.041399706  -0.27290562  -10.247741  -10.020883
-0.2065311  -0.38113284  -9.46238  -10.0150385
0.09987425  -0.51125413  -9.393164  -10.011275
-0.30744472  -0.27095622  -9.462898  -10.016116
-0.57441264  -0.18357316  -10.0170555  -10.022461
-0.14761284  -0.07844955  -10.083836  -10.01934
0.161949  0.06099111  -10.019306  -10.006691
0.36444926  -0.05741791  -9.887213  -9.99719
-0.0102032  -0.29216063  -10.165322  -9.992137
-0.81777596  -0.34058884  -9.729988  -9.985156
-0.5795321  -0.30560133  -9.556668  -9.966411
-0.2280157  -0.48198962  -9.817006  -9.941655
0.32877684  -0.24597047  -10.035782  -9.92056
0.17055246  -0.43217194  -10.88424  -9.916811
-0.054117337  -0.36300415  -10.256581  -9.925052
-0.73762506  -0.19938353  -9.762901  -9.937933
-0.70935196  0.0057232236  -9.642631  -9.937299
-0.33931506  -0.15491053  -9.617969  -9.92247
0.39227754  -0.31271413  -10.2529335  -9.908681
0.5286321  -0.33782643  -10.108116  -9.91046
-0.030464265  -0.6946901  -10.1814375  -9.9278
-0.60791934  -0.69633377  -9.969276  -9.939767
0.17599344  -0.61702555  -9.775279  -9.9346895
-0.3249095  -0.33845308  -10.075588  -9.925457
-1.1942098  0.62711143  -9.614039  -9.919299
-0.9253743  0.5348975  -10.036234  -9.925963
-0.92043585  -1.5539503  -10.660032  -9.933843
-0.32037523  -0.46759507  -9.594102  -9.934342
-0.023642762  0.22632432  -10.286534  -9.943042
-1.4407603  0.9026783  -10.107401  -9.955575
-0.15923385  1.131624  -10.008165  -9.977413
2.4061694  -2.479845  -12.300365  -10.007561
0.96598166  -2.5222123  -11.555358  -10.043314
-1.3430516  -0.5390661  -9.158273  -10.068768
-1.1451696  -0.677041  -7.959674  -10.053307
-0.6659651  -0.6834398  -7.765783  -9.999947
-0.8087653  0.4667373  -7.3266926  -9.926625
-0.13143995  1.6170415  -8.128389  -9.862759
-0.08786837  0.93857235  -9.4066  -9.823483
-0.23601887  -0.032415695  -9.947952  -9.815747
-0.03290933  0.51387995  -9.689763  -9.817332
0.37704492  0.14493193  -10.006245  -9.818074
0.5563858  -0.6176008  -11.045876  -9.823831
1.2189891  -0.6422659  -11.087476  -9.843731
0.30828556  -0.57132405  -11.181336  -9.873756
-0.35161647  -0.43487462  -10.480484  -9.901227
-0.36881134  0.23016441  -10.404174  -9.92543
0.66690487  1.1624829  -10.685609  -9.94827
0.095983095  1.01334  -10.498369  -9.968442
-0.39719197  -0.7567849  -10.957456  -9.981446
-0.2558574  -0.015883863  -11.259619  -9.995695
-0.09760371  0.21408375  -11.006919  -10.017179
0.1842173  0.46625334  -10.062056  -10.041869
0.3385144  0.4103273  -9.094006  -10.052419
-0.82277936  0.44704694  -7.5669217  -10.026581
-0.96365863  0.74260104  -8.132676  -9.978568
-1.4931871  1.1191044  -8.934484  -9.92386
-0.5120714  1.4064286  -10.356221  -9.897606
0.22985518  1.2415364  -11.47621  -9.905393
1.1222117  0.08095676  -10.959776  -9.932912
0.07592348  -0.21280506  -9.784315  -9.958425
-0.576214  0.16729897  -9.066521  -9.959209
-0.19157188  0.23156044  -9.137097  -9.937706
-0.0013657871  -0.06110424  -9.85437  -9.917035
0.24078162  -0.119892485  -10.549556  -9.907779
0.6874891  -0.11390309  -11.135254  -9.922141
0.56956327  -0.44165283  -11.162318  -9.944781
-0.4737864  -0.8007877  -10.75138  -9.950643
-0.29455492  -1.0042164  -9.306817  -9.926167
-0.3124448  -1.0671824  -9.4872675  -9.89405
-0.37062615  -1.0578377  -9.566639  -9.891156
0.008563504  -1.1662623  -9.354314  -9.923791
-0.06920533  -0.40185905  -10.392233  -9.981764
-0.6902446  0.098987244  -10.561338  -10.047384
-0.08047597  -0.08920925  -10.25969  -10.1061945
-0.094368994  -0.28751174  -10.240505  -10.139331
-0.49829075  0.044944193  -10.0392275  -10.153175
-0.32828605  0.5372204  -10.278392  -10.16164
-0.5125225  0.38375404  -9.565977  -10.153693
-0.39541268  0.020611905  -9.768017  -10.130292
0.056844234  -0.6505196  -10.267163  -10.095908
-0.19471107  -0.19123001  -10.176062  -10.072407
-0.43660834  -0.35643545  -10.028509  -10.057645
-0.17368755  -0.056040533  -10.122392  -10.046132
0.15396821  -0.23817208  -10.682065  -10.03914
0.051045198  -0.2773657  -10.364162  -10.030132
-0.48121208  0.23470855  -10.105113  -10.015651
0.08326487  0.33688003  -9.655028  -9.986949
-0.27146313  0.087253004  -9.985087  -9.963029
-0.17332298  0.29577744  -9.572131  -9.954225
-0.402358  0.005643019  -9.250166  -9.973526
-0.30767554  -0.4106825  -9.109409  -10.002583
-0.3666221  -0.046268053  -9.541031  -10.032828
-0.072596006  -0.17027622  -10.523123  -10.049034
-0.19103537  -0.057085767  -10.786348  -10.049808
-0.40342447  0.058265287  -10.094053  -10.036949
-0.21689768  0.059049238  -9.851629  -10.0231695
0.029329829  -0.011283789  -9.904405  -10.023534
0.35967398  -0.1695416  -10.353152  -10.043176
-0.14360316  -0.11951509  -9.920979  -10.062812
-0.6681608  0.13173525  -9.614683  -10.066032
-0.008969823  0.3222808  -9.169537  -10.039791
0.15044862  -0.13006155  -9.848949  -10.000772
0.2868006  -0.056183167  -10.648911  -9.9694605
0.14151002  -0.4702846  -11.004857  -9.972074
-0.018415773  -0.4572305  -10.43803  -9.995651
-0.4864101  -0.0012173512  -9.973417  -10.023944
0.04040904  0.060712878  -10.654832  -10.048554
0.38895178  -0.058974463  -10.577556  -10.066079
-0.024899961  -0.12712474  -9.903467  -10.073747
0.15672277  -0.22593482  -9.465463  -10.062017
-0.17949913  -0.24339512  -9.599276  -10.042634
0.024283882  -0.21924867  -9.8834715  -10.0279
-0.33018455  -0.46138278  -10.346347  -10.02115
-0.16152334  -0.22367415  -10.112442  -10.025395
0.22445932  0.4058065  -9.710837  -10.030556
-0.47887933  -0.24348225  -9.535287  -10.02831
-0.3128563  0.41586182  -9.841551  -10.017907
-0.008296889  0.09793241  -10.43164  -10.0117655
-0.47750583  0.14268829  -9.979672  -10.01108
-0.11682453  -0.3014062  -9.923534  -10.006468
0.122605704  -0.24986774  -10.956897  -10.003612
-0.015556337  -0.1873985  -10.381002  -10.004631
-0.37808353  0.117794804  -8.585496  -10.00277
0.006969041  -0.25305977  -8.92607  -9.985618
-0.1842632  -0.10181686  -9.735531  -9.967422
0.2250108  0.555802  -10.12661  -9.967244
0.5637157  0.69593126  -9.769947  -9.982988
0.12482902  0.8789722  -9.877579  -10.000336
-0.20239583  0.7982795  -9.906316  -10.003857
0.62563527  -0.05332651  -11.382434  -10.006782
-0.11774707  -0.07851834  -10.767114  -10.012821
0.25273117  0.1360792  -9.760877  -10.023733
-0.012816986  -0.29429698  -10.189069  -10.03176
-0.2525281  -0.42643905  -10.350763  -10.033532
-0.5166236  -0.6091099  -9.553621  -10.032744
-0.39416602  -0.6461362  -11.222754  -10.0442095
-0.38218743  -0.49010795  -11.48524  -10.077141
-0.06241243  -0.60661703  -10.536374  -10.119836
-0.5634979  -0.67531544  -8.921111  -10.131644
-0.36081064  -0.36190468  -9.556211  -10.108598
-0.394653  -0.24836467  -9.670845  -10.0720825
-0.06064339  -0.111460745  -9.757635  -10.049567
0.3548859  0.38312963  -9.678404  -10.0314245
0.1426375  0.36705154  -8.991364  -10.005698
0.4569688  0.34771326  -10.55094  -9.987966
0.24058041  0.049255233  -10.484531  -9.98871
-0.09269997  -0.034293137  -10.07669  -10.008561
0.105057284  -0.16594605  -10.196713  -10.025319
-0.10384939  0.3603477  -9.855181  -10.028092
-0.08773321  0.22390367  -9.950033  -10.0249405
0.022286752  -0.02332303  -10.527702  -10.026453
0.030607989  -0.11913206  -10.798046  -10.044205
-0.027575493  -0.19866827  -10.63254  -10.0707855
-0.17937559  -0.025405003  -9.666734  -10.082719
-0.12372865  -0.0070268526  -9.610916  -10.079547
-0.17124006  0.037369005  -9.869393  -10.068547
-0.25226626  -0.100165926  -9.844022  -10.054328
-0.21207896  -0.0694388  -9.859968  -10.038697
-0.0661353  0.07091043  -10.147113  -10.038028
0.13111506  -0.024696589  -10.008563  -10.057686
-0.1280193  0.11024318  -9.473376  -10.0797415
-0.27267274  0.090830356  -9.588382  -10.082353
-0.0663975  0.19548608  -10.385071  -10.080638
0.024762116  0.018991632  -10.544098  -10.087521
0.15471646  -0.07159603  -10.675283  -10.106508
0.046308603  -0.16535677  -10.087956  -10.107814
-0.22705173  0.032283086  -9.558398  -10.091756
-0.22267048  0.16234355  -9.899722  -10.069865
-0.22073977  0.0070240772  -9.988795  -10.0581045
-0.04039757  -0.06425274  -9.981714  -10.054118
-0.033253763  -0.0045351624  -10.281729  -10.055589
-0.09402141  0.0064598126  -10.345673  -10.050793
-0.10245864  -0.13217819  -10.081919  -10.03642
-0.09474937  -0.092354044  -9.660548  -10.0071945
-0.17030525  0.059269987  -9.736091  -9.993638
0.09655546  -0.16555943  -9.834838  -9.995654
-0.0725009  -0.037562862  -10.138099  -10.010106
-0.088491224  -0.0012331684  -10.019043  -10.019432
-0.2270123  0.0812577  -10.091296  -10.030002
-0.2599915  0.23478927  -10.095322  -10.046467
-0.3316701  -0.03126393  -9.92767  -10.054742
-0.33869964  0.042966556  -10.32348  -10.0577
-0.120528825  -0.024635563  -10.580981  -10.055108
-0.12370391  -0.018793104  -10.381196  -10.059995
0.005403469  0.035288956  -9.962247  -10.067364
-0.08714956  0.12550369  -9.839555  -10.06904
-0.08573939  0.17533585  -10.104373  -10.065089
-0.009643345  -0.023816444  -10.167872  -10.054313
0.26246953  0.07785611  -10.320592  -10.041669
0.23753181  0.30563584  -10.406071  -10.039792
0.20091003  0.44595343  -10.299668  -10.050126
0.29351625  0.5522658  -9.892392  -10.063562
0.094292924  0.55512935  -9.581958  -10.067726
0.06601493  0.4828484  -9.207336  -10.059469
0.17522582  0.6192738  -9.748632  -10.04731
0.5875218  0.5041647  -11.473689  -10.051144
0.7020338  0.47755468  -10.897503  -10.074206
0.3956476  0.03328129  -11.26683  -10.1165
0.056402776  0.013747094  -10.815228  -10.14921
-0.56546915  -0.6159481  -8.805198  -10.152633
-0.50008625  -0.32371306  -9.344177  -10.12819
-0.1291482  -0.6446198  -9.470337  -10.094047
-0.029162157  -0.34293708  -9.151729  -10.072236
-0.37426266  -0.10993817  -8.52198  -10.049995
0.1415288  0.6487796  -8.653989  -10.021113
0.35001233  1.4485652  -10.299732  -9.99894
0.7931536  1.6029584  -11.062281  -9.996754
0.4161962  1.9481025  -10.511833  -10.008465
0.26090956  2.363773  -10.708198  -10.023029
0.75451446  1.9533169  -10.654802  -10.039574
0.47004637  2.1462538  -9.899192  -10.056088
-0.041120384  1.5708798  -9.164565  -10.060599
0.14073251  1.7062485  -9.134633  -10.046612
0.121899135  1.0967575  -10.0683365  -10.03157
-0.52863  0.9476406  -10.729571  -10.0286455
0.29873386  1.1346757  -10.372649  -10.03758
0.51983  1.1294847  -9.969368  -10.046444
0.48099098  1.6638345  -10.86414  -10.054403
0.5518588  2.0084915  -11.554579  -10.0688095
0.46957043  1.8520758  -11.380198  -10.09208
0.43672457  1.5454545  -10.112931  -10.11174
0.52779365  0.95655686  -9.822517  -10.122227
0.39894077  0.72431123  -9.774679  -10.120412
0.22814393  0.735975  -9.313752  -10.109292
0.2654645  0.69059914  -9.089686  -10.086934
0.724396  0.42450693  -9.625543  -10.060402
0.6666597  0.7158727  -9.96122  -10.038643
0.96284276  1.1224715  -9.949397  -10.0288105
0.8254147  1.085259  -9.726207  -10.027541
0.86490345  1.2888638  -9.0335865  -10.027795
1.0055189  1.3553803  -9.4523735  -10.024779
1.3477373  0.9670539  -10.460171  -10.011043
1.2901198  1.0841669  -10.484213  -9.995089
1.2273132  1.4449413  -9.858671  -9.968839
1.4286076  1.5075455  -9.743976  -9.942056
1.5454473  1.3146662  -10.107583  -9.931157
1.4137594  1.0382681  -9.694719  -9.9365425
1.0808004  0.9353678  -9.289779  -9.950176
1.3718444  0.2724086  -8.746329  -9.947996
1.5247856  1.197214  -9.039327  -9.947361
1.7333275  0.24330522  -10.590221  -9.966326
1.8163078  0.15421654  -11.129706  -9.99673
1.6190131  -0.06096294  -10.106992  -10.013496
1.1552666  -0.88015205  -9.9889765  -10.007495
1.0673192  -1.3453469  -10.425779  -9.991193
0.99958336  -1.5229967  -10.67849  -9.983956
1.384859  -1.1559715  -10.9991045  -9.991745
1.572877  -0.85371244  -10.845778  -10.017715
1.4727597  -0.62442243  -10.482991  -10.055952
-0.037929904  -0.8908939  -9.845633  -10.081943
-0.37420118  -0.41058874  -8.875402  -10.075195
-1.2565578  0.05224918  -7.8644476  -10.032742
-2.2681506  -0.15215902  -7.1740727  -9.966466
-2.1352804  -0.8923943  -8.64857  -9.896844
-1.1779977  -2.2413723  -11.343324  -9.848492
0.23257187  -2.8316681  -14.1928  -9.852063
0.789828  -2.6694152  -14.878292  -9.920274
-0.46229985  -1.342652  -12.483366  -10.015079
-0.7767997  -0.27814192  -8.717814  -10.074054
-0.8029482  0.68878233  -6.1225963  -10.059357
-1.1877191  0.88684607  -5.3041844  -9.984972
-1.1055324  0.48616707  -7.1500173  -9.897452
-0.7274388  0.02509473  -9.199384  -9.832425
-0.58687323  -0.22635725  -10.423937  -9.806844
-0.59175885  0.089840576  -10.802853  -9.814153
-0.34311658  0.46096504  -10.301945  -9.8402605
-0.45404375  0.71743447  -9.5863  -9.863214
-0.44115955  0.925156  -9.439561  -9.866748
-0.3380363  0.9911106  -9.723985  -9.851498
-0.17506112  1.0607749  -10.577078  -9.8416605
-0.19139051  0.83006394  -11.660792  -9.859023
-0.3168502  0.89984125  -11.6318  -9.897536
-0.46088928  1.2088126  -10.531917  -9.93715
-0.22152297  1.1282908  -10.474529  -9.969985
-0.16402216  0.8309992  -11.024427  -10.0098
-0.39379296  0.65415853  -11.38483  -10.0635805
-0.3579379  0.73998684  -11.14406  -10.11152
0.061941467  0.68917614  -11.051628  -10.137643
0.22297403  0.6621902  -11.062574  -10.150896
0.59302247  1.0128791  -10.312691  -10.162019
0.46070835  1.0142889  -9.566333  -10.165905
-0.633726  0.62812513  -8.975905  -10.14518
-0.9620448  -0.44464839  -10.591118  -10.11768
-0.67442256  -1.8743217  -12.644019  -10.114787
0.29625773  -1.343161  -12.183367  -10.143403
-0.066808864  -0.27502826  -9.551032  -10.173072
0.7244136  -0.010024973  -7.734987  -10.175529
1.3890533  -0.49729955  -7.5137467  -10.158994
1.1694857  -0.79424584  -8.15838  -10.154302
0.4402789  -0.7093159  -8.431431  -10.158157
0.1524531  -0.82202893  -9.41571  -10.147412
-0.16232292  -1.1767998  -10.520369  -10.09355
-0.12999156  -0.88770115  -11.62492  -10.011574
0.15936072  -0.9398117  -11.187171  -9.935445
1.1022017  -0.6512774  -9.472425  -9.900306
1.4730234  -0.31301093  -8.126574  -9.913846
1.5199788  0.16567306  -7.875924  -9.963201
1.489965  0.3203968  -7.9270625  -10.012763
1.5904477  0.33212328  -8.518349  -10.037464
1.1413494  0.44306946  -9.265352  -10.027625
1.0475471  0.541798  -9.641961  -9.999843
1.0107895  0.5768938  -9.609797  -9.971957
1.0085741  0.5067709  -9.749755  -9.956313
0.7982272  0.2763821  -10.496072  -9.9612
0.6407232  0.40548682  -10.858235  -9.982999
0.5437574  0.35488254  -11.099766  -10.008123
0.4346012  0.24504039  -11.219098  -10.019376
0.67718536  -0.06850585  -11.916821  -10.022765
