0.035005376  -0.011803235  -9.87775
0.025716253  -7.145419E-4  -9.892603
0.015841993  0.0030203639  -9.897149
0.00320048  0.008679342  -9.90926
-0.0035718472  0.005087253  -9.909373
-0.0011145076  0.002168038  -9.905416
0.0019217376  0.001038982  -9.898391
0.005082254  0.002039739  -9.892617
0.005976258  0.0036679867  -9.888879
0.0051169917  0.005789229  -9.886519
0.003903009  0.007833236  -9.8862
0.0026015774  0.008082082  -9.891185
9.14101E-4  0.007979785  -9.895022
-3.0718275E-4  0.008481015  -9.89553
-0.0018725832  0.009947888  -9.893718
-0.0022308  0.011465973  -9.890912
-0.0031264052  0.012507497  -9.889308
-0.0039911806  0.012994957  -9.886642
-0.004796691  0.013426139  -9.884561
-0.0051821847  0.013660715  -9.884082
-0.005396992  0.01381109  -9.884498
-0.005806589  0.01348143  -9.885857
-0.0061805784  0.012316734  -9.886937
-0.0071109333  0.011454408  -9.88716
-0.007531947  0.010580671  -9.88724
-0.007689594  0.010392658  -9.886317
-0.0076030395  0.009982799  -9.885749
-0.0077574835  0.009979424  -9.884581
-0.007509111  0.010184736  -9.883899
-0.00681058  0.010706589  -9.882851
-0.006390005  0.011013986  -9.881931
-0.0064432337  0.011097143  -9.881403
-0.0065687024  0.01082766  -9.881495
-0.006715153  0.010276255  -9.881428
-0.0072785597  0.00990463  -9.880561
-0.007727651  0.009658811  -9.879929
-0.00819718  0.009854026  -9.880047
-0.00836309  0.0094852215  -9.880459
-0.0082863765  0.008960498  -9.880465
-0.007579107  0.008702635  -9.880024
-0.0065818527  0.00920763  -9.879466
-0.0061411685  0.009838004  -9.87946
-0.0065203607  0.010176213  -9.878925
-0.0076109  0.009790604  -9.877931
-0.008840412  0.009191687  -9.875253
-0.009581636  0.008166223  -9.87309
-0.009911761  0.0076350407  -9.871589
-0.009866308  0.007416226  -9.8698845
-0.009410023  0.007389664  -9.867669
-0.008698097  0.00695725  -9.8663435
-0.00773937  0.006420404  -9.864909
-0.007204233  0.0060974318  -9.864114
-0.006704334  0.0060166516  -9.862653
-0.006513076  0.006049424  -9.861744
-0.0064600934  0.0060345866  -9.861877
-0.006375805  0.0055245054  -9.861396
-0.006540561  0.004670938  -9.862048
-0.0066292402  0.004001029  -9.8609915
-0.006885927  0.0038759727  -9.859752
-0.0066216155  0.0042914986  -9.858462
-0.00637796  0.0044602323  -9.857686
-0.006184308  0.004949462  -9.858081
-0.006076438  0.0051949304  -9.858634
-0.0061552804  0.0053654895  -9.859696
-0.0066474085  0.005043126  -9.860564
-0.0069761374  0.004506698  -9.861368
-0.0067452826  0.00442064  -9.862166
-0.006070059  0.004416143  -9.863209
-0.0059401724  0.004846195  -9.862872
-0.0060641957  0.005327651  -9.862224
-0.005750153  0.0058330535  -9.86182
-0.0053046234  0.0058197505  -9.862287
-0.0050438433  0.0055865976  -9.862643
-0.005082092  0.005827163  -9.86151
-0.0051862593  0.0068186913  -9.860169
-0.005878057  0.007967045  -9.8585825
-0.0068508307  0.008773889  -9.857954
-0.007993979  0.008876312  -9.858063
-0.00836707  0.008794784  -9.858751
-0.007847305  0.009144335  -9.859678
-0.006849962  0.00978816  -9.862331
-0.005596023  0.010720816  -9.864894
-0.00498644  0.010705325  -9.867131
-0.0047502243  0.010808338  -9.868106
-0.0048750723  0.010150105  -9.868665
-0.005107007  0.009895484  -9.868889
-0.00525867  0.009416995  -9.869624
-0.005228959  0.009285637  -9.871044
-0.0055693607  0.008910581  -9.873087
-0.0056943707  0.008067996  -9.874757
-0.0057685208  0.007027066  -9.875232
-0.0059125773  0.006702257  -9.876386
-0.005736603  0.0069095115  -9.876005
-0.006167837  0.007064139  -9.876666
-0.0062829168  0.007295251  -9.876618
-0.006802002  0.0067196954  -9.876335
-0.007343877  0.0067634042  -9.875512
-0.00770181  0.005767754  -9.874545
-0.007785672  0.0052313902  -9.87426
-0.0075566065  0.0043649203  -9.874421
-0.007187705  0.0039710826  -9.87418
-0.00741756  0.003594884  -9.874337
-0.007938206  0.0031020755  -9.874052
-0.008707896  0.002705114  -9.872214
-0.00917535  0.0022309653  -9.87091
-0.009007107  0.0021023015  -9.870244
-0.01951849  0.013329215  -9.875002
-0.026270784  0.013449144  -9.882769
-0.028725898  0.01513458  -9.8833475
-0.034049656  0.013042106  -9.885549
-0.03382056  0.012088901  -9.889949
-0.03368406  0.009298928  -9.900348
-0.0326523  0.00769205  -9.9132185
-0.03191025  0.0040176976  -9.918342
-0.029400907  -0.0015607205  -9.921588
-0.027002566  -0.0036757898  -9.923721
-0.025683874  -0.005170644  -9.925758
-0.026404545  -0.0038639654  -9.923486
-0.028273076  -0.0025203573  -9.918591
-0.030061297  -0.0017147107  -9.912439
-0.03151431  -0.0016262481  -9.90842
-0.03209984  -0.0020097033  -9.90592
-0.032666128  -0.0015265144  -9.904101
-0.033541635  -9.3716383E-4  -9.903679
-0.03332756  -2.4389075E-4  -9.905196
-0.032499745  5.778488E-6  -9.908433
-0.03081902  7.693521E-5  -9.9106455
-0.030418968  -2.0648648E-4  -9.911467
-0.029756023  -6.2946073E-4  -9.911645
-0.028608778  -0.0012362101  -9.91085
-0.026797654  -0.0017941982  -9.910042
-0.025951711  -0.0024672989  -9.908555
-0.026040206  -0.0032945946  -9.907643
-0.026560957  -0.003982781  -9.9072075
-0.026861228  -0.003912183  -9.906849
-0.026843183  -0.0036174878  -9.907547
-0.026718529  -0.0036706645  -9.907631
-0.02629066  -0.004109806  -9.90874
-0.026061937  -0.004334801  -9.908615
-0.025552565  -0.004556923  -9.908851
-0.024855763  -0.0044042584  -9.908603
-0.024038827  -0.0042929295  -9.908895
-0.0234469  -0.0044403095  -9.909518
-0.022843735  -0.005276878  -9.910393
-0.022562832  -0.0062198117  -9.911734
-0.021822318  -0.006525878  -9.913091
-0.021298401  -0.0065549496  -9.913603
-0.020463243  -0.0069422773  -9.9121895
-0.019912593  -0.0072216955  -9.909267
-0.019418932  -0.0070786937  -9.906829
-0.019331185  -0.006061947  -9.905491
-0.019743348  -0.0058355727  -9.905223
-0.01996618  -0.0059324396  -9.905181
-0.019406497  -0.0065221735  -9.905609
-0.018004252  -0.0071738395  -9.906903
-0.016771559  -0.0071432013  -9.909965
-0.015895346  -0.0067930226  -9.912823
-0.015706912  -0.0062308074  -9.916034
-0.015158298  -0.006605808  -9.918056
-0.014343776  -0.0073134652  -9.918996
-0.014070518  -0.00806108  -9.918183
-0.014492743  -0.008225198  -9.9158125
-0.015591826  -0.008131516  -9.913462
-0.015643708  -0.008210412  -9.91129
-0.015919818  -0.008332182  -9.910117
-0.016420217  -0.008507988  -9.911006
-0.01734055  -0.008032406  -9.912376
-0.017135242  -0.0074196584  -9.914367
-0.01633999  -0.0067008273  -9.915315
-0.015134108  -0.006525822  -9.916047
-0.014249802  -0.0067718993  -9.916318
-0.013092388  -0.0068035736  -9.915544
-0.0120916115  -0.006636339  -9.915277
-0.011422907  -0.006265622  -9.9141
-0.011086171  -0.0060748416  -9.913944
-0.0109596765  -0.0056776865  -9.91372
-0.011320572  -0.0053146495  -9.914292
-0.011880728  -0.0050063888  -9.913801
-0.012618377  -0.0047455817  -9.912978
-0.0133888535  -0.0042155827  -9.912243
-0.013389136  -0.0040805084  -9.9129305
-0.013596828  -0.0042492356  -9.91362
-0.013171661  -0.0045245737  -9.913844
-0.013047484  -0.0044361167  -9.914176
-0.012902099  -0.0041387696  -9.91526
-0.013050098  -0.0041853692  -9.915948
-0.01347056  -0.0044497014  -9.915109
-0.013381473  -0.004556842  -9.912782
-0.0137729095  -0.0043426664  -9.91043
-0.014088642  -0.00458157  -9.909591
-0.014566076  -0.0046140286  -9.909458
-0.0144498525  -0.005093086  -9.908821
-0.013852592  -0.005136386  -9.907448
-0.012810248  -0.0052591073  -9.905343
-0.0121317655  -0.004515844  -9.904451
-0.011957367  -0.0034694115  -9.904619
-0.011967178  -0.003150671  -9.906236
-0.011382346  -0.0033664934  -9.908722
-0.010623398  -0.0043092137  -9.910726
-0.010303784  -0.0046191835  -9.912238
-0.00978843  -0.0048153494  -9.91264
-0.009139121  -0.0041323756  -9.911637
-0.008328176  -0.0035303347  -9.906978
-0.008539437  -0.0030882193  -9.902074
-0.008785926  -0.0026338405  -9.897393
-0.0097372  -0.001846835  -9.896434
-0.010218032  -8.6329464E-4  -9.896957
-0.01137941  -3.8834228E-4  -9.897973
-0.012075602  -3.748171E-4  -9.898194
-0.01252319  -3.6491084E-4  -9.897397
-0.012575666  -7.533983E-5  -9.8972845
-0.012320563  4.8486548E-4  -9.897124
-0.012131552  9.976584E-4  -9.896942
-0.0119180055  0.0012886057  -9.897517
-0.011547203  0.0012075062  -9.898339
-0.010631631  0.0011612222  -9.898895
-0.010310405  0.0014431466  -9.897364
-0.010449064  0.0021143367  -9.895585
-0.011653676  0.002739087  -9.893628
-0.01274836  0.003460396  -9.891827
-0.013585645  0.0038167934  -9.890693
-0.014358406  0.0043356833  -9.890289
-0.014588346  0.0045519634  -9.890641
-0.014751668  0.0048608184  -9.891503
-0.013842885  0.0051805433  -9.893453
-0.013345219  0.006187262  -9.896106
-0.013065317  0.0071470975  -9.897915
-0.013219684  0.0075742207  -9.8974905
-0.013823169  0.0071527907  -9.896052
-0.014439798  0.0065086447  -9.894263
-0.015071948  0.005939718  -9.893005
-0.01500236  0.005205136  -9.890906
-0.014618936  0.005359266  -9.888045
-0.014619167  0.0056338403  -9.884873
-0.014848334  0.0069296393  -9.882998
-0.015253361  0.007962669  -9.883298
-0.015844433  0.009269214  -9.884284
-0.016301097  0.0095674535  -9.885854
-0.016891142  0.009013858  -9.8901825
-0.016459025  0.00867522  -9.894309
-0.1108297  0.05559331  -9.857087
-0.089077204  0.04659259  -9.8462925
-0.0656378  0.04064521  -9.863871
-0.03425994  0.02322911  -9.899552
-0.01433738  0.0063567716  -9.942839
-0.012420463  -0.010354867  -9.970618
-0.01889292  -0.015747635  -9.991458
-0.03743297  -0.01509462  -10.015641
-0.05927755  -0.01635096  -10.034117
-0.068106264  -0.02533035  -10.036302
-0.056937646  -0.036428332  -10.030054
-0.031656545  -0.044648703  -10.013443
-0.008468388  -0.049322758  -9.992252
0.00720627  -0.051233906  -9.976551
0.017399088  -0.0509363  -9.973914
0.027414046  -0.049814228  -9.976928
0.03179242  -0.049943224  -9.977845
0.027349854  -0.050496116  -9.977857
0.015458514  -0.05150774  -9.978049
0.0038549604  -0.053592812  -9.9796295
-0.002951769  -0.05632795  -9.979031
-0.00709742  -0.057976197  -9.978398
-0.011313323  -0.058295887  -9.974999
-0.016904997  -0.057306726  -9.971578
-0.020692503  -0.056212123  -9.968747
-0.022792488  -0.055527795  -9.968239
-0.022346491  -0.056824338  -9.965671
-0.021453211  -0.05957781  -9.961778
-0.020283157  -0.06362956  -9.957739
-0.020609392  -0.06786666  -9.955372
-0.021594929  -0.072681375  -9.9543495
-0.021830996  -0.07792426  -9.954736
-0.021054523  -0.0844537  -9.955678
-0.02214692  -0.09234498  -9.954399
-0.02840734  -0.10140396  -9.953248
-0.036886375  -0.11105474  -9.9567795
-0.042721648  -0.12240822  -9.965874
-0.046632633  -0.13475841  -9.976348
-0.0531193  -0.14740701  -9.978553
-0.062629625  -0.15832257  -9.969024
-0.075273  -0.16835137  -9.947274
-0.0925318  -0.17600077  -9.918553
-0.11661818  -0.18342566  -9.887816
-0.13848615  -0.19400175  -9.859775
-0.15270731  -0.21070297  -9.832284
-0.16753352  -0.23261057  -9.804965
-0.18920618  -0.25664827  -9.777167
-0.21332218  -0.28026867  -9.764159
-0.22816749  -0.30215773  -9.776178
-0.23417129  -0.32160679  -9.819181
-0.23732732  -0.34263852  -9.88301
-0.24260743  -0.36731172  -9.949319
-0.25152752  -0.39715  -9.998174
-0.26703143  -0.4278183  -10.018416
-0.28834987  -0.45626816  -10.012675
-0.31566337  -0.48072466  -9.988201
-0.349183  -0.50344133  -9.951349
-0.38705158  -0.5269902  -9.907666
-0.42622077  -0.55275327  -9.866584
-0.46574673  -0.58147746  -9.831681
-0.5106358  -0.612023  -9.803535
-0.56275004  -0.64202243  -9.783581
-0.6192264  -0.6700699  -9.78407
-0.6718826  -0.69820577  -9.80392
-0.7169289  -0.72798306  -9.833823
-0.7565512  -0.7607624  -9.858795
-0.7949815  -0.7972097  -9.870538
-0.826988  -0.8354505  -9.87482
-0.8468515  -0.8710055  -9.884145
-0.85612655  -0.8983209  -9.913217
-0.86217  -0.9198809  -9.956286
-0.8742945  -0.93924505  -9.99956
-0.8977956  -0.9597413  -10.044906
-0.92831665  -0.9827048  -10.101095
-0.954525  -1.007629  -10.178525
-0.9705589  -1.028389  -10.266295
-0.9818  -1.032146  -10.351208
-0.98325366  -1.014023  -10.438313
-0.9566765  -0.9846137  -10.533956
-0.8997058  -0.9605131  -10.626494
-0.83558863  -0.94801325  -10.672306
-0.7886639  -0.9405616  -10.648483
-0.76799756  -0.9326773  -10.577168
-0.76518255  -0.92216086  -10.489674
-0.76861143  -0.90857154  -10.396899
-0.76816845  -0.8909449  -10.291214
-0.7578125  -0.86714983  -10.177277
-0.7401781  -0.8382558  -10.075511
-0.7147234  -0.8081185  -10.002319
-0.68383914  -0.7847324  -9.950309
-0.6543856  -0.7743775  -9.904114
-0.634702  -0.77671385  -9.857718
-0.6197683  -0.7855389  -9.828074
-0.6005661  -0.7916048  -9.823676
-0.5736808  -0.794066  -9.851254
-0.53962916  -0.7904725  -9.903748
-0.49441293  -0.78698045  -9.981216
-0.4342552  -0.77891994  -10.068313
-0.3714064  -0.7657378  -10.151961
-0.32175538  -0.7383645  -10.231228
-0.28481588  -0.69919395  -10.31168
-0.24695326  -0.6487227  -10.389966
-0.20449722  -0.58338356  -10.459217
-0.17070465  -0.499221  -10.520695
-0.14415003  -0.40452662  -10.584099
-0.10608653  -0.32211187  -10.630418
-0.04579499  -0.26043084  -10.621924
0.0151968105  -0.21097855  -10.546135
0.054604053  -0.15959738  -10.422333
0.07067576  -0.10068375  -10.287089
0.0824526  -0.043050777  -10.156483
0.10312855  0.0012297025  -10.039105
0.13795283  0.016491719  -9.93412
0.17122447  -3.8086963E-4  -9.813981
0.17530918  -0.033959463  -9.657973
0.13718271  -0.060605157  -9.480995
0.07677838  -0.06856934  -9.348662
0.029050292  -0.06307274  -9.301171
0.007356653  -0.052308723  -9.326344
0.0036035732  -0.043305095  -9.383768
0.0022935476  -0.04275657  -9.442334
-0.0110736685  -0.05395033  -9.494798
-0.047390927  -0.07258733  -9.5481
-0.10344594  -0.08906096  -9.61571
-0.1678387  -0.09690849  -9.715957
-0.2201377  -0.09081712  -9.856103
-0.24481852  -0.07279551  -10.026229
-0.22864532  -0.04944113  -10.196389
-0.18498038  -0.022731727  -10.3359785
-0.1355439  0.016910914  -10.456214
-0.08300624  0.077630505  -10.57607
-0.019605374  0.14510565  -10.685954
0.04549664  0.20328133  -10.723035
0.08819238  0.23803313  -10.655345
0.10334591  0.25356975  -10.499913
0.10924705  0.24994123  -10.308417
0.11608824  0.23707986  -10.098917
0.11347532  0.21651901  -9.873442
0.09907467  0.19116032  -9.657758
0.08152078  0.15567301  -9.483341
0.07120889  0.114244066  -9.365083
0.06735233  0.07050505  -9.280061
0.059375774  0.028388316  -9.22507
0.045230035  -0.013155885  -9.204202
0.02682814  -0.054335397  -9.223026
0.011937345  -0.092632644  -9.271142
0.008189843  -0.12070825  -9.347257
0.016161041  -0.1396507  -9.453213
0.028049832  -0.14828676  -9.578496
0.034990255  -0.14872058  -9.723218
0.037052087  -0.13167624  -9.896747
0.04838423  -0.09794035  -10.116279
0.080189794  -0.050786976  -10.361073
0.12424189  0.0031111313  -10.592571
0.16825718  0.062244475  -10.776527
0.20814477  0.1217253  -10.902112
0.2530964  0.17226367  -10.969068
0.30873024  0.2046649  -10.9725065
0.35923648  0.22646815  -10.900453
0.38299188  0.24995776  -10.763692
0.38120243  0.28296918  -10.583037
0.3725402  0.31397617  -10.396563
0.37239873  0.33487085  -10.227099
0.37156042  0.3457493  -10.088279
0.3585051  0.34825945  -9.972198
0.3311964  0.3313646  -9.849912
0.2828306  0.28932992  -9.6878805
0.20909363  0.23402597  -9.495356
0.11935237  0.18559177  -9.328063
0.038962714  0.15246688  -9.239991
-0.017174343  0.13206895  -9.243369
-0.05533463  0.11769763  -9.302868
-0.085309625  0.103748254  -9.399003
-0.09944171  0.09114621  -9.539308
-0.088787355  0.078276776  -9.723908
-0.060873225  0.06878726  -9.921722
-0.043825153  0.063028604  -10.098336
-0.057630375  0.07125723  -10.258832
-0.0921846  0.0993362  -10.416096
-0.11089599  0.1455725  -10.576825
-0.074792154  0.20358951  -10.7376375
0.017097382  0.25524592  -10.865734
0.11440893  0.28792286  -10.907162
0.16401464  0.30366746  -10.839226
0.15688919  0.3116541  -10.7093935
0.13068117  0.31809747  -10.565583
0.11595442  0.31109324  -10.413636
0.11022079  0.28942725  -10.233598
0.095927276  0.25401685  -10.029046
0.07126708  0.20638485  -9.8161545
0.044838373  0.14236124  -9.609839
0.020198284  0.06789878  -9.416638
-0.012028332  0.0016124457  -9.264364
-0.053994875  -0.04012563  -9.180177
-0.08352145  -0.06507092  -9.188887
-0.07665292  -0.08903826  -9.27044
-0.031073535  -0.12234811  -9.390265
0.025168234  -0.15574367  -9.503674
0.06441576  -0.18251272  -9.605095
0.08010457  -0.18882711  -9.712833
0.09254762  -0.17761482  -9.850962
0.12410102  -0.15230614  -10.009372
0.16878527  -0.117310934  -10.174183
0.21436985  -0.061015993  -10.356686
0.26775065  0.013448623  -10.564031
0.34021547  0.087724686  -10.763934
0.42032686  0.14402165  -10.889293
0.46871385  0.19117649  -10.912965
0.47141305  0.24348126  -10.873445
0.44684812  0.30280223  -10.810149
0.41926768  0.3544241  -10.717935
0.39830422  0.38588795  -10.570165
0.37853053  0.39584544  -10.3619795
0.35840818  0.38987923  -10.129443
0.3402934  0.3707451  -9.909497
0.32069352  0.3386376  -9.713487
0.27976635  0.2932705  -9.519329
0.20720984  0.24635406  -9.3365555
0.12077386  0.2087152  -9.206368
0.050249014  0.18555248  -9.149937
0.009857291  0.1732329  -9.149657
-0.0126539925  0.16677622  -9.1822405
-0.024726517  0.16282406  -9.254827
-0.035570566  0.15970595  -9.360192
-0.049502313  0.15842886  -9.489423
-0.06807417  0.16290784  -9.644111
-0.0760659  0.1735192  -9.843029
-0.07000038  0.19066186  -10.069889
-0.057701956  0.22053991  -10.293454
-0.03971654  0.2700453  -10.501452
4.7413507E-4  0.33202168  -10.690082
0.06557673  0.3832797  -10.8279295
0.11996567  0.4100364  -10.870834
0.13280933  0.41520962  -10.823856
0.10686918  0.41801178  -10.717492
0.06894862  0.41758275  -10.571568
0.03025926  0.417624  -10.395772
-0.0086165415  0.41235518  -10.21247
-0.02994433  0.39635834  -10.039138
-0.027508995  0.3545641  -9.855752
-0.02537276  0.28953624  -9.651145
-0.055420373  0.22250019  -9.442737
-0.110858954  0.1696303  -9.283287
-0.14422967  0.12779076  -9.208793
-0.12932442  0.08529783  -9.205301
-0.08146506  0.037962276  -9.241408
-0.033562016  -0.0075730258  -9.301627
0.0014250857  -0.045291245  -9.395589
0.029308014  -0.0693417  -9.521
0.05505689  -0.07411888  -9.6733675
0.07900175  -0.0602919  -9.860405
0.1053114  -0.036092173  -10.080707
0.137233  -0.010676145  -10.301788
0.16506667  0.021843934  -10.488597
0.18648863  0.06957238  -10.639844
0.21827681  0.12441927  -10.768119
0.27178466  0.1710762  -10.856139
0.3271488  0.20378113  -10.874378
0.35156783  0.23891337  -10.822669
0.34295225  0.2882873  -10.732318
0.326893  0.35016003  -10.635561
0.32567644  0.40748858  -10.536235
0.3300506  0.4487965  -10.415475
0.32688656  0.4669427  -10.273101
0.31477538  0.4549273  -10.110621
0.29119828  0.4077705  -9.919427
0.23956871  0.33801937  -9.692822
0.1512165  0.2745994  -9.467899
0.053428084  0.23626733  -9.311309
-0.017006142  0.22498192  -9.255713
-0.046047855  0.22481948  -9.287173
-0.04852048  0.22293817  -9.369636
-0.036304634  0.20540135  -9.461604
-0.02709498  0.17374404  -9.543376
-0.039163202  0.14190973  -9.618203
-0.07801732  0.12277413  -9.7191105
-0.12130483  0.12261977  -9.873085
-0.13069081  0.1295703  -10.075002
-0.108583055  0.14662106  -10.276776
-0.07803472  0.17734419  -10.448615
-0.05213065  0.23083778  -10.598147
-0.015929405  0.2881224  -10.736722
0.032879513  0.33399796  -10.823601
0.07066238  0.35964108  -10.824239
0.0762696  0.3731111  -10.752065
0.053825814  0.37598398  -10.638859
0.022684835  0.3712577  -10.484057
-0.0016532968  0.36099172  -10.2854
-0.012542575  0.3474659  -10.070248
-0.009422832  0.32111672  -9.872672
-0.005523794  0.27666834  -9.6956625
-0.016948733  0.22104733  -9.530221
-0.046711296  0.16574745  -9.388028
-0.07160076  0.116081275  -9.292628
-0.072693475  0.063603535  -9.244085
-0.056509137  0.001014761  -9.233085
-0.039111998  -0.068679444  -9.254537
-0.025100207  -0.13390182  -9.311627
-0.0071271956  -0.1829889  -9.39095
0.01864432  -0.21275608  -9.4800825
0.044871148  -0.22341038  -9.589137
0.071020834  -0.21099997  -9.741651
0.10440335  -0.18003248  -9.947442
0.15669633  -0.14232261  -10.173561
0.21969724  -0.108504884  -10.376441
0.27850255  -0.07777345  -10.539313
0.3296177  -0.04463746  -10.663376
0.38140944  -0.013525714  -10.747033
0.4239427  0.019936148  -10.776231
0.43801013  0.060043633  -10.75283
0.42270294  0.113288134  -10.69841
0.39731395  0.17027964  -10.6152315
0.37390438  0.21681768  -10.483184
0.34159622  0.24988417  -10.308103
0.31219876  0.26030055  -10.134407
0.2971575  0.24147618  -9.97615
0.28284198  0.1844902  -9.794921
0.22792117  0.11320579  -9.569682
0.125843  0.05089113  -9.356885
0.019261712  0.014081642  -9.219322
-0.04710266  -0.006679649  -9.164694
-0.067813076  -0.019600578  -9.164772
-0.06930532  -0.0327553  -9.209043
-0.07504928  -0.04621939  -9.29419
-0.09143359  -0.060685646  -9.413364
-0.11480624  -0.073563494  -9.551801
-0.14032327  -0.08182908  -9.709701
-0.1614057  -0.07976487  -9.899791
-0.16504887  -0.072156645  -10.126538
-0.15383272  -0.05839454  -10.362368
-0.1390211  -0.034531992  -10.567772
-0.115281165  0.009737607  -10.73924
-0.067553766  0.061727986  -10.868108
-0.008064092  0.10579091  -10.924233
0.026744122  0.13349901  -10.884101
0.015050205  0.15503031  -10.780131
-0.01906613  0.17479955  -10.657971
-0.047628928  0.18651424  -10.521068
-0.06355551  0.18785296  -10.350818
-0.07412392  0.18134815  -10.164958
-0.07900897  0.17201637  -9.988428
-0.07755355  0.15237711  -9.821187
-0.08282712  0.11657309  -9.650626
-0.11173767  0.07258319  -9.486644
-0.15554129  0.025269853  -9.367374
-0.1837554  -0.023491269  -9.304434
-0.1792645  -0.08154405  -9.2846775
-0.14844824  -0.14379553  -9.300223
-0.108151115  -0.19946189  -9.364074
-0.06570485  -0.24116294  -9.473034
-0.03103748  -0.26330018  -9.605227
-0.0063833394  -0.26331705  -9.7462435
0.012762292  -0.24017186  -9.910563
0.04714854  -0.20247526  -10.114227
0.10529205  -0.16099516  -10.339497
0.17103815  -0.122148484  -10.547822
0.21972127  -0.07967744  -10.714484
0.24764562  -0.037306383  -10.831963
0.2740173  -5.70789E-4  -10.889862
0.30345592  0.026003698  -10.874084
0.31749544  0.05363214  -10.789523
0.30854782  0.09487388  -10.671449
0.29543722  0.14557435  -10.538864
0.2924008  0.1920126  -10.390373
0.28801593  0.22871912  -10.216245
0.27177712  0.24785216  -10.034465
0.24744959  0.2399172  -9.861882
0.2131084  0.19287781  -9.678726
0.1442679  0.12503783  -9.479592
0.044265088  0.062620044  -9.302028
-0.052142974  0.022140166  -9.204941
-0.104720555  -0.0031589733  -9.195357
-0.11448982  -0.024205824  -9.245044
-0.10655347  -0.048416853  -9.335355
-0.10238103  -0.07571138  -9.45688
-0.11256509  -0.10367229  -9.597166
-0.1360148  -0.12725987  -9.743808
-0.16746259  -0.1427983  -9.898177
-0.1989998  -0.14678861  -10.070439
-0.2195005  -0.13998395  -10.253093
-0.22262335  -0.11645343  -10.424951
-0.20470999  -0.07470047  -10.573723
-0.15977348  -0.021872459  -10.695225
-0.09689751  0.023642331  -10.765771
-0.037752155  0.052013714  -10.75546
-0.008905805  0.073198184  -10.6755705
-0.0080571575  0.093937695  -10.568275
-0.022008603  0.11156738  -10.452203
-0.036556907  0.119615436  -10.310905
-0.050592076  0.11896586  -10.140824
-0.05860747  0.1109243  -9.964513
-0.05604674  0.09163305  -9.805322
-0.039736185  0.05044891  -9.649526
-0.024825854  -0.008189491  -9.480624
-0.03214303  -0.07065199  -9.316181
-0.06249779  -0.122255564  -9.210822
-0.086859845  -0.1648352  -9.193006
-0.078487195  -0.20857708  -9.245114
-0.040857527  -0.25398108  -9.342152
0.008770265  -0.29532036  -9.464123
0.053803574  -0.3224344  -9.595435
0.08570687  -0.32845864  -9.727561
0.105504535  -0.31351224  -9.872083
0.12882175  -0.287742  -10.045888
0.17614682  -0.2596824  -10.233897
0.2383008  -0.22749595  -10.415505
0.30034417  -0.18231754  -10.582923
0.35558876  -0.12877698  -10.730348
0.4067974  -0.07527877  -10.823926
0.44261095  -0.024357116  -10.829259
0.4481236  0.030109977  -10.753509
0.43103948  0.094320826  -10.6347065
0.41611472  0.15997867  -10.505969
0.42355952  0.21388097  -10.368225
0.44877553  0.24539883  -10.2114525
0.4722116  0.25348932  -10.037661
0.47586086  0.23519534  -9.863045
0.45360518  0.19629222  -9.693425
0.39936614  0.13937975  -9.527598
0.31738976  0.08721926  -9.381944
0.22521742  0.04627283  -9.291812
0.14714682  0.0179079  -9.270198
0.09006136  -0.008648328  -9.293237
0.048635494  -0.038836036  -9.33722
0.01861841  -0.07368221  -9.4111
-0.006185202  -0.1071814  -9.527013
-0.03367984  -0.13226402  -9.687806
-0.06443664  -0.1397916  -9.879677
-0.08968267  -0.13387924  -10.100477
-0.10143589  -0.113806225  -10.326844
-0.10393998  -0.0760062  -10.534244
-0.09162074  -0.016627178  -10.7198305
-0.05209923  0.04764388  -10.882969
0.005242893  0.09650913  -10.983406
0.046785865  0.11819921  -10.965954
0.03891771  0.12641509  -10.8514595
-0.0031327505  0.1311729  -10.714886
-0.040408004  0.13552071  -10.5984955
-0.048947155  0.13505942  -10.479741
-0.04567449  0.13374513  -10.320522
-0.05730143  0.13002993  -10.124188
-0.082803585  0.11825878  -9.920825
-0.1096046  0.081407905  -9.7221
-0.13702917  0.02509632  -9.524619
-0.17839086  -0.040214982  -9.335762
-0.22392292  -0.10357982  -9.196843
-0.24856226  -0.16350535  -9.135343
-0.24083026  -0.22421844  -9.14103
-0.21269347  -0.282815  -9.188771
-0.18344419  -0.33293575  -9.26435
-0.15926129  -0.36061358  -9.361628
-0.13804545  -0.35701022  -9.491293
-0.11043379  -0.3257258  -9.668286
-0.06871234  -0.28671896  -9.892999
-0.016350148  -0.24167211  -10.130631
0.029592404  -0.18951197  -10.355882
0.0651466  -0.123740375  -10.565094
0.101540506  -0.062468305  -10.741382
0.14729643  -0.01322263  -10.851138
0.18765795  0.027026454  -10.873689
0.20301025  0.07531596  -10.818366
0.19231696  0.1342584  -10.701324
0.17158262  0.19553585  -10.539489
0.16129418  0.24133055  -10.355257
0.16917436  0.26524213  -10.168969
0.187895  0.266881  -9.995662
0.20606303  0.2441295  -9.831602
0.20215018  0.19432199  -9.640102
0.15287808  0.13066833  -9.414676
0.0655094  0.07504368  -9.211247
-0.022269972  0.043276925  -9.103501
-0.07156614  0.024431968  -9.08739
-0.08746731  0.006854929  -9.112691
-0.09348661  -0.015581698  -9.156207
-0.10539267  -0.03823769  -9.24297
-0.1277084  -0.054104973  -9.395011
-0.1564111  -0.06036209  -9.607264
-0.18174593  -0.060643394  -9.841229
-0.18871562  -0.06123379  -10.061671
-0.18151812  -0.058058124  -10.251212
-0.16661057  -0.03313477  -10.431886
-0.13863419  0.018527932  -10.622773
-0.08199839  0.07600717  -10.796529
-0.013093072  0.11588299  -10.901551
0.030013112  0.136752  -10.905087
0.022667231  0.15425503  -10.837002
-0.014143628  0.17306437  -10.743344
-0.047054768  0.18634494  -10.636633
-0.0623838  0.1892485  -10.496818
-0.07261474  0.18303078  -10.312558
-0.088512994  0.16660178  -10.10571
-0.098110266  0.13106306  -9.8970785
-0.09376315  0.07342536  -9.680301
-0.08793069  0.007028272  -9.459367
-0.09966481  -0.054132093  -9.269967
-0.11851404  -0.10391888  -9.161082
-0.11434802  -0.15296403  -9.151441
-0.069786884  -0.20873578  -9.220376
-0.002630695  -0.26835904  -9.328864
0.04930978  -0.3182387  -9.443731
0.06488409  -0.33913735  -9.555556
0.05772254  -0.33148172  -9.684028
0.061726425  -0.30687654  -9.857183
0.09204418  -0.2761021  -10.071899
0.13916077  -0.2398666  -10.29489
0.18160737  -0.1899079  -10.499638
0.22769289  -0.1284162  -10.687381
0.28777692  -0.0677777  -10.853401
0.34924042  -0.012075201  -10.957172
0.37241796  0.04039867  -10.968463
0.35149762  0.10086379  -10.896224
0.32772747  0.15989016  -10.773173
0.33578432  0.20646934  -10.618125
0.36217356  0.23496956  -10.431279
0.36616158  0.25380635  -10.225121
0.34027502  0.26180983  -10.02302
0.29716542  0.24405257  -9.827226
0.24425788  0.19594164  -9.607928
0.16561894  0.1348748  -9.379354
0.07369808  0.08682496  -9.203872
-0.0016016891  0.05737425  -9.133827
-0.037299965  0.037927106  -9.147864
-0.04620117  0.01626121  -9.20773
-0.049915913  -0.011025199  -9.29465
-0.062399402  -0.042824697  -9.404678
-0.09062452  -0.0692286  -9.536366
-0.13035695  -0.08456391  -9.696922
-0.16190316  -0.09160051  -9.89026
-0.1729992  -0.0957306  -10.095073
-0.16354352  -0.085011244  -10.283828
-0.13940324  -0.042988077  -10.4824
-0.09550498  0.02720462  -10.702069
-0.03918438  0.09818455  -10.894759
-0.0011313179  0.15214592  -10.970207
-0.005902774  0.18959756  -10.909547
-0.04091237  0.21645857  -10.771459
-0.074353606  0.23185836  -10.617845
-0.08853183  0.2346375  -10.462901
-0.09088585  0.23019914  -10.297099
-0.0915729  0.21741192  -10.12352
-0.091939844  0.19400138  -9.95025
-0.09069844  0.14832602  -9.768143
-0.108629465  0.08046701  -9.55873
-0.15924172  0.007540751  -9.3378935
-0.22069627  -0.059182614  -9.164609
-0.24616866  -0.11623397  -9.077962
-0.22013897  -0.17942403  -9.074307
-0.16978188  -0.2453634  -9.1288805
-0.12099082  -0.3058442  -9.218271
-0.08211277  -0.34601185  -9.344729
-0.047081992  -0.35639825  -9.510267
-0.01485959  -0.3368764  -9.723385
0.0265854  -0.30038345  -9.968308
0.076157786  -0.25997293  -10.217525
0.1215755  -0.21579461  -10.439838
0.1499707  -0.1614454  -10.619319
0.17989345  -0.102542244  -10.753986
0.23067863  -0.053635627  -10.836201
0.29266337  -0.015885562  -10.842168
0.33303607  0.022238353  -10.77829
0.33839712  0.07427419  -10.6778555
0.3269097  0.1325683  -10.566678
0.32116202  0.1837023  -10.434997
0.32128122  0.21770842  -10.27341
0.32171902  0.23827358  -10.103806
0.31247073  0.23661761  -9.955128
0.28951743  0.20022923  -9.789121
0.23480399  0.12947161  -9.570285
0.1419756  0.05218259  -9.322329
0.038039576  -0.0070179296  -9.14592
-0.03468303  -0.043033943  -9.095998
-0.060632277  -0.06710049  -9.148763
-0.06425441  -0.08905095  -9.24302
-0.07223217  -0.11266496  -9.345572
-0.09565074  -0.13758141  -9.450535
-0.12853132  -0.15575133  -9.568721
-0.15930867  -0.16230933  -9.724718
-0.16970229  -0.15928029  -9.936005
-0.15398122  -0.14984423  -10.182855
-0.12521988  -0.1302522  -10.416799
-0.09669448  -0.09644815  -10.609142
-0.067061305  -0.053067505  -10.758225
-0.034215398  -0.011134614  -10.847565
-0.009946891  0.023325844  -10.850566
-0.0064078756  0.05253893  -10.779464
-0.012587431  0.074988686  -10.673386
-0.013954573  0.08658304  -10.556216
-0.002001996  0.08249118  -10.418941
0.014904681  0.070628114  -10.254926
0.029480249  0.052895755  -10.071567
0.04208022  0.025071869  -9.881752
0.046391845  -0.023744345  -9.691623
0.020400723  -0.083560325  -9.51124
-0.045492247  -0.13757648  -9.364954
-0.12643005  -0.17571564  -9.279416
-0.17355917  -0.20616192  -9.255471
-0.16560067  -0.24250531  -9.28093
-0.11492167  -0.28466073  -9.342809
-0.055291455  -0.3206749  -9.434995
-0.016413346  -0.33677396  -9.544327
-0.008233922  -0.3295015  -9.668615
-0.010484867  -0.306567  -9.815285
0.007967551  -0.27519295  -9.987021
0.051293585  -0.23784576  -10.174281
0.09726423  -0.1890136  -10.365439
0.13710642  -0.13209008  -10.546649
0.18035497  -0.07797693  -10.693101
0.22837768  -0.034235127  -10.76847
0.26278245  0.007965836  -10.765289
0.262423  0.062048394  -10.707248
0.24146833  0.12863378  -10.626115
0.22587317  0.19022012  -10.53618
0.23424543  0.229509  -10.4258795
0.25636193  0.24648254  -10.279286
0.2698891  0.24914503  -10.094661
0.2657014  0.23669882  -9.889762
0.23818402  0.20449185  -9.677581
0.18391718  0.1548533  -9.469892
0.10360425  0.105680324  -9.294746
0.013259504  0.07033897  -9.1914625
-0.068424545  0.04946034  -9.175006
-0.12565209  0.033571675  -9.225245
-0.15032257  0.014417522  -9.306009
-0.15080772  -0.0066029257  -9.395762
-0.15419583  -0.022364961  -9.5049515
-0.17310835  -0.026546651  -9.663835
-0.19465454  -0.0233412  -9.869443
-0.19661497  -0.013516511  -10.083346
-0.18533719  0.006922905  -10.270545
-0.16215362  0.050446626  -10.452148
-0.121213555  0.10558712  -10.647311
-0.06360526  0.15468109  -10.822433
-0.02308668  0.18306951  -10.909309
-0.027974261  0.19870073  -10.895088
-0.06381471  0.20477487  -10.816855
-0.09412682  0.20439069  -10.712569
-0.10218821  0.19345337  -10.575925
-0.099533044  0.17329185  -10.39501
-0.108715095  0.14643808  -10.184399
-0.12787206  0.11348299  -9.971271
-0.1372211  0.06913268  -9.772384
-0.13385068  0.010834627  -9.582699
-0.1349348  -0.05344345  -9.406587
-0.15010524  -0.108379  -9.273561
-0.16072492  -0.15606254  -9.209708
-0.1382161  -0.20549314  -9.219916
-0.08262221  -0.25816867  -9.281231
-0.017490657  -0.3005019  -9.368979
0.025759777  -0.31620774  -9.468234
0.03652366  -0.30473825  -9.586102
0.035249047  -0.27478328  -9.748707
0.05068307  -0.23763226  -9.952785
0.08590857  -0.19513428  -10.168469
0.12134219  -0.14212638  -10.361412
0.15669869  -0.080033146  -10.529773
0.20567685  -0.021028616  -10.669044
0.27188447  0.02782282  -10.751443
0.32420933  0.07260787  -10.756488
0.3385005  0.12357438  -10.701434
0.3173333  0.18208142  -10.621467
0.2898273  0.2331397  -10.528039
0.2754643  0.2673251  -10.414653
0.27467856  0.28231862  -10.280551
0.2725003  0.2815165  -10.130639
0.272679  0.25950995  -9.964402
0.26763257  0.20490547  -9.750924
0.23955894  0.12978296  -9.493627
0.170915  0.057013303  -9.241654
0.08799887  0.0076837484  -9.075334
0.031147638  -0.021228855  -9.024706
0.015829684  -0.039174836  -9.069497
0.028489986  -0.054292116  -9.173417
0.04478083  -0.066387266  -9.322375
0.05249311  -0.071677335  -9.508136
0.043848336  -0.06738133  -9.724332
0.024273371  -0.054244343  -9.961446
0.0048447954  -0.040124267  -10.197475
-0.013029177  -0.02040793  -10.405636
-0.029790625  0.013940382  -10.582359
-0.035343435  0.06326728  -10.737386
-0.019017939  0.11610621  -10.857238
0.004610658  0.15806673  -10.899512
0.0061789653  0.18898618  -10.8504305
-0.020072019  0.21159494  -10.746269
-0.0519944  0.2257967  -10.626187
-0.06898502  0.22972901  -10.493313
-0.071390666  0.22009246  -10.325227
-0.07323924  0.1958489  -10.124473
-0.083960496  0.16038485  -9.908215
-0.0978898  0.11114523  -9.69384
-0.119561784  0.054602336  -9.48718
-0.14928891  2.1018383E-4  -9.309326
-0.1841894  -0.040638253  -9.197872
-0.20058687  -0.071857154  -9.1663265
-0.18760753  -0.10601005  -9.201263
-0.15217875  -0.15067886  -9.2776375
-0.10903431  -0.19986433  -9.370182
-0.0725378  -0.24383521  -9.459122
-0.049800646  -0.26718768  -9.547467
-0.03541727  -0.26079303  -9.672969
-0.01603339  -0.22684132  -9.8603945
0.015768856  -0.17860664  -10.086427
0.047473684  -0.12809877  -10.297128
0.0751304  -0.07441908  -10.474505
0.109404445  -0.01783192  -10.622119
0.15367337  0.035404086  -10.722382
0.18098216  0.08317911  -10.747052
0.16308048  0.13089265  -10.694867
0.1106833  0.18281466  -10.602574
0.06416802  0.23315388  -10.495067
0.055477712  0.2707406  -10.373435
0.08148831  0.28991106  -10.227609
0.11493421  0.29234478  -10.068792
0.1395398  0.27638075  -9.911839
0.14832394  0.23823738  -9.748581
0.1329508  0.18163936  -9.5633
0.08480207  0.12049652  -9.384487
0.017407695  0.07131248  -9.278258
-0.04291026  0.034256797  -9.270326
-0.08258297  0.003637024  -9.325856
-0.10405308  -0.029694842  -9.400585
-0.11358255  -0.06310025  -9.489293
-0.121777944  -0.08917928  -9.610549
-0.1337112  -0.09883017  -9.771898
-0.13707297  -0.100363694  -9.969001
-0.11542988  -0.101824455  -10.182011
-0.08324145  -0.10209787  -10.382472
-0.07333794  -0.08862478  -10.549325
-0.079133764  -0.054936197  -10.686577
-0.06862079  -0.011179273  -10.800793
-0.03171401  0.029735023  -10.861524
-0.0032628216  0.06343795  -10.832878
-0.017864566  0.097946666  -10.730629
-0.061692905  0.13803868  -10.607479
-0.10331404  0.17712308  -10.496632
-0.118193984  0.19771783  -10.380588
-0.1152777  0.19495279  -10.241828
-0.11037312  0.172017  -10.088904
-0.104597904  0.13471909  -9.937103
-0.09636953  0.0808342  -9.782379
-0.09691293  0.01330629  -9.612093
-0.11630451  -0.057466745  -9.453456
-0.13793428  -0.12155807  -9.349956
-0.13185589  -0.17715901  -9.320585
-0.09000286  -0.22730248  -9.343167
-0.03881151  -0.27000976  -9.395281
-0.004950271  -0.30180436  -9.466901
0.008150989  -0.31358752  -9.559718
0.018231576  -0.30454114  -9.672958
0.036920156  -0.2778798  -9.818559
0.06799527  -0.24229704  -10.001494
0.105014004  -0.20346111  -10.209344
0.13937229  -0.16011363  -10.409316
0.16810672  -0.11046392  -10.577497
0.20581658  -0.055948704  -10.706679
0.2571529  -0.0028719008  -10.786298
0.29754186  0.04755516  -10.796597
0.29890847  0.09652895  -10.7319
0.27160427  0.14523153  -10.608424
0.24416041  0.1872217  -10.455756
0.22772038  0.21973985  -10.292307
0.21016435  0.24472012  -10.12627
0.19464757  0.2558447  -9.957713
0.1974925  0.24279507  -9.787642
0.20489554  0.19859238  -9.609464
0.18011393  0.13871375  -9.433843
0.11206084  0.08585808  -9.295878
0.037756562  0.046299323  -9.227103
4.6129618E-4  0.015667552  -9.227328
-3.722148E-4  -0.016197221  -9.265861
0.008109174  -0.048091024  -9.3254795
0.0028647978  -0.07569284  -9.408832
-0.01874689  -0.09578669  -9.521304
-0.047925252  -0.104799986  -9.669689
-0.07445588  -0.10201182  -9.862037
-0.092588186  -0.093742214  -10.091945
-0.09434036  -0.08798147  -10.320062
-0.08037905  -0.08647289  -10.496231
-0.061812222  -0.07123801  -10.609469
-0.04320235  -0.033141527  -10.695855
-0.022461543  0.022616163  -10.774312
0.0018661432  0.07491824  -10.815666
0.014263175  0.11362816  -10.78844
0.007239811  0.13309266  -10.699487
-0.011159703  0.13630028  -10.580521
-0.02815404  0.12788484  -10.438605
-0.046053093  0.11198714  -10.273084
-0.0674552  0.089911796  -10.093803
-0.086093105  0.054624032  -9.919211
-0.09882163  0.0037440069  -9.742808
-0.121682145  -0.0598381  -9.555581
-0.1621295  -0.12473223  -9.376803
-0.20444603  -0.18341868  -9.254467
-0.22150858  -0.23189086  -9.211207
-0.21341848  -0.27026203  -9.239522
-0.18798168  -0.29702318  -9.320149
-0.15020265  -0.31154346  -9.446164
-0.10125432  -0.31760463  -9.603352
-0.056551646  -0.31302008  -9.77573
-0.03009517  -0.29558298  -9.953308
-0.015102997  -0.26316962  -10.137065
0.009182797  -0.2253458  -10.319371
0.04367331  -0.1909407  -10.484229
0.06817025  -0.15440066  -10.6191225
0.07250649  -0.11004444  -10.714447
0.07564685  -0.06009036  -10.7691
0.102726825  -0.018214328  -10.775786
0.14745508  0.012356576  -10.728982
0.18478489  0.03895149  -10.631465
0.20253742  0.06794896  -10.49545
0.2078936  0.096111946  -10.330898
0.21397875  0.12050923  -10.137792
0.21206516  0.1435554  -9.937161
0.19415824  0.16655113  -9.767505
0.169674  0.16970837  -9.637748
0.14072804  0.13956903  -9.51612
0.09601196  0.082673244  -9.376897
0.0267698  0.022730863  -9.246472
-0.0447762  -0.02422371  -9.167933
-0.09161929  -0.059067965  -9.158223
-0.11375222  -0.082513876  -9.207401
-0.12700896  -0.09854715  -9.303136
-0.14384949  -0.1059545  -9.428654
-0.16333501  -0.10589966  -9.579588
-0.17478323  -0.098116755  -9.751124
-0.16851808  -0.08544322  -9.944019
-0.14363346  -0.07336544  -10.154678
-0.107114814  -0.0695604  -10.354993
-0.06244794  -0.074790396  -10.507194
-0.027457265  -0.07883852  -10.59658
-0.011262  -0.06806588  -10.641361
-0.017133249  -0.04046768  -10.661498
-0.030073287  -0.0044963337  -10.64896
-0.039991286  0.032284033  -10.605003
-0.03925779  0.061758757  -10.545073
-0.025613904  0.07695013  -10.47038
-0.009979292  0.07163925  -10.356548
-0.005857918  0.051589947  -10.19062
-0.010668591  0.0225148  -9.996272
-0.008812868  -0.017016372  -9.810886
-1.5053556E-4  -0.06966137  -9.652019
-0.008754928  -0.12817866  -9.514188
-0.053925678  -0.17811067  -9.399484
-0.12125278  -0.21284382  -9.325264
-0.17453454  -0.23658212  -9.304322
-0.19069119  -0.25622565  -9.339938
-0.16990723  -0.27421108  -9.420235
-0.1261899  -0.28987738  -9.533418
-0.07405136  -0.29861695  -9.668439
-0.026228383  -0.2973094  -9.812897
0.014548443  -0.27890387  -9.9630785
0.058027435  -0.24581754  -10.109474
0.10716573  -0.2009476  -10.253415
0.15504958  -0.14639013  -10.40067
0.20372696  -0.08638976  -10.549517
0.25488955  -0.02789628  -10.676503
0.30332497  0.018784476  -10.749226
0.32308522  0.057923898  -10.746617
0.30675218  0.09562921  -10.685847
0.27349192  0.13285759  -10.58248
0.24521254  0.16258651  -10.439691
0.22908264  0.17814727  -10.259906
0.21693881  0.18479192  -10.057988
0.19775526  0.19188206  -9.872288
0.16360101  0.20696916  -9.736656
0.12421379  0.21692185  -9.649051
0.09273752  0.20621741  -9.569333
0.065107726  0.17020355  -9.464435
0.021816572  0.12249946  -9.351674
-0.045239825  0.074561  -9.268287
-0.11895164  0.033389676  -9.234558
-0.18164217  -0.0021430447  -9.2476
-0.22375959  -0.02742481  -9.322527
-0.2487724  -0.042158533  -9.472978
-0.26150617  -0.043130577  -9.690623
-0.26569316  -0.0323872  -9.938539
-0.26034045  -0.017198687  -10.180519
-0.24117738  9.56878E-4  -10.394294
-0.21251547  0.027427306  -10.576129
-0.16747035  0.06679355  -10.732732
-0.10697081  0.10823014  -10.851006
-0.046142966  0.14247936  -10.89659
-0.018111477  0.17207281  -10.862701
-0.039111394  0.20627952  -10.794449
-0.079984955  0.23907726  -10.728871
-0.10407009  0.25884864  -10.65477
-0.10932904  0.25536823  -10.535485
-0.12165613  0.23206325  -10.369531
-0.15096846  0.19060998  -10.179269
-0.17695515  0.1321143  -9.984315
-0.19277133  0.060774554  -9.787015
-0.21541625  -0.009534719  -9.593383
-0.25583714  -0.06481288  -9.41978
-0.2897415  -0.10520318  -9.300996
-0.28328213  -0.13909645  -9.247695
-0.23254663  -0.1715631  -9.257157
-0.16640188  -0.19929169  -9.317497
-0.10988748  -0.21453398  -9.424572
-0.07024442  -0.2142121  -9.569489
-0.03764977  -0.20037763  -9.716315
-0.007831096  -0.17970265  -9.846433
0.02868706  -0.15688144  -9.97437
0.070302695  -0.13363393  -10.123621
0.1100963  -0.10295942  -10.29565
0.14950468  -0.058109064  -10.48084
0.2075473  -0.0020626278  -10.667816
0.29206863  0.050393105  -10.82708
0.37113318  0.093641065  -10.907611
0.40061772  0.13155593  -10.880214
0.38097918  0.16786842  -10.757019
0.34481037  0.1959598  -10.576607
0.3226291  0.21004707  -10.371303
0.31328547  0.21441877  -10.159919
0.3004113  0.21147229  -9.964021
0.27957478  0.1958735  -9.792865
0.2383713  0.16050766  -9.634175
0.17312737  0.11134452  -9.480767
0.091139056  0.059972923  -9.351138
0.017319534  0.013820003  -9.266601
-0.031905845  -0.025612554  -9.221884
-0.06682196  -0.057476714  -9.210172
-0.092241764  -0.07892085  -9.242068
-0.09910341  -0.09278488  -9.339363
-0.07956291  -0.09901371  -9.497283
-0.049410164  -0.09794805  -9.684551
-0.03236927  -0.087553285  -9.871843
-0.034136593  -0.07028029  -10.056275
-0.03668047  -0.05415393  -10.241298
-0.024054987  -0.042783406  -10.4086275
-0.0016607178  -0.026911447  -10.541903
0.01923563  0.003261071  -10.645992
0.027471587  0.04677372  -10.7190275
0.022921622  0.09369577  -10.747079
-3.4771394E-4  0.13657145  -10.716943
-0.03873591  0.17223883  -10.645019
-0.07722854  0.19798104  -10.563102
-0.100189805  0.2108769  -10.476426
-0.116547026  0.21284564  -10.357803
-0.13795716  0.20518778  -10.1936035
-0.15737231  0.18455572  -10.004591
-0.16438074  0.1430852  -9.8051195
-0.17243595  0.084774256  -9.597107
-0.20472796  0.023973046  -9.388848
-0.25021443  -0.028542457  -9.231902
-0.27389082  -0.077265404  -9.154454
-0.26545954  -0.1245844  -9.151806
-0.23584831  -0.1674792  -9.202088
-0.20246191  -0.19668736  -9.29055
-0.16467164  -0.2099452  -9.41944
-0.12120149  -0.20677282  -9.585571
-0.06826604  -0.18836278  -9.776737
-0.0040479065  -0.16121835  -9.978764
0.07332432  -0.13429074  -10.178068
0.1491171  -0.11332911  -10.356542
0.1989901  -0.09033009  -10.497327
0.22073643  -0.05597512  -10.600681
0.24143882  -0.013453402  -10.672709
0.27566934  0.025439642  -10.701869
0.2981001  0.05980356  -10.660459
0.27858335  0.09752346  -10.5604105
0.23541051  0.14745994  -10.43878
0.20783962  0.19988365  -10.323451
0.21310107  0.24475716  -10.204071
0.23713131  0.2726307  -10.076356
0.26038995  0.2815671  -9.958437
0.27565148  0.26210156  -9.850318
0.26892743  0.21291858  -9.7232485
0.22873712  0.14646223  -9.57055
0.16210732  0.08084335  -9.428794
0.09390391  0.027159637  -9.337766
0.045814533  -0.016977826  -9.300403
0.009927007  -0.05074049  -9.31312
-0.023068404  -0.077520065  -9.371886
-0.051131044  -0.09995508  -9.473136
-0.065228626  -0.12082222  -9.608054
-0.0712161  -0.13706489  -9.772939
-0.08043494  -0.14349361  -9.962159
-0.09237031  -0.14037621  -10.160887
-0.09146988  -0.13600673  -10.350473
-0.073834814  -0.12974487  -10.511199
-0.0547882  -0.10782778  -10.635979
-0.034706388  -0.060389776  -10.742252
-0.005446727  8.5095345E-4  -10.826275
0.034484666  0.054769646  -10.858834
0.058777202  0.09183764  -10.807393
0.050773054  0.11413551  -10.688224
0.01696449  0.121824645  -10.536651
-0.026409201  0.12071947  -10.3663435
-0.06846998  0.12047274  -10.190178
-0.09465199  0.123873256  -10.032046
-0.08639321  0.117041744  -9.90445
-0.05540992  0.08476061  -9.787904
-0.039532606  0.033948306  -9.657291
-0.06489471  -0.019749217  -9.527882
-0.1096549  -0.06689944  -9.4360895
-0.1327578  -0.11279818  -9.395228
-0.12610987  -0.16538964  -9.395926
-0.10915538  -0.21932809  -9.428074
-0.100072116  -0.26959345  -9.487308
-0.10261264  -0.30322278  -9.56029
-0.11081922  -0.31714866  -9.6408615
-0.11256352  -0.30644563  -9.747506
-0.090770185  -0.27270648  -9.904655
-0.029208915  -0.23009135  -10.108799
0.06250874  -0.18953128  -10.31684
0.15224777  -0.15666978  -10.484408
0.21050274  -0.11880564  -10.6032715
0.25330672  -0.076479815  -10.682292
0.30600673  -0.038859967  -10.725028
0.36643863  -0.011734211  -10.719945
0.3913811  0.015315087  -10.659326
0.36957908  0.052905932  -10.554439
0.3291721  0.10055715  -10.426393
0.3063142  0.14791511  -10.295976
0.30482718  0.18997745  -10.1746855
0.31545958  0.2142276  -10.064199
0.3353537  0.20502871  -9.951008
0.3424201  0.15505184  -9.8037615
0.3077679  0.08262985  -9.617168
0.22563  0.012565666  -9.43197
0.13116492  -0.042541858  -9.302638
0.062597  -0.084915936  -9.238877
0.027543463  -0.11870742  -9.2289095
0.011453395  -0.14585257  -9.272145
-0.005294032  -0.17045426  -9.360953
-0.03460294  -0.19023634  -9.476009
-0.07278698  -0.20211665  -9.605245
-0.10760171  -0.19920212  -9.763129
-0.12677404  -0.18068725  -9.971915
-0.121346116  -0.1541357  -10.225051
-0.093037345  -0.13071764  -10.475255
-0.06034237  -0.11242715  -10.656647
-0.043461148  -0.08424204  -10.756818
-0.032472577  -0.03851213  -10.807045
-0.013836545  0.018957796  -10.829491
0.015999587  0.07311367  -10.811574
0.03441414  0.11983111  -10.747046
0.03470708  0.15706371  -10.6490965
0.019960037  0.18056004  -10.526886
-0.003320119  0.19097929  -10.379359
-0.028144555  0.19094948  -10.21676
-0.04029272  0.17981057  -10.054839
-0.034364015  0.14805157  -9.881444
-0.034035925  0.09684438  -9.682494
-0.061874494  0.04587355  -9.466736
-0.11200749  0.010500908  -9.289319
-0.14165927  -0.011200502  -9.192253
-0.1299289  -0.03422052  -9.164951
-0.09161387  -0.06575747  -9.175842
-0.053816695  -0.10011069  -9.21458
-0.02936293  -0.13019098  -9.284408
-0.016506264  -0.1445664  -9.382693
-0.011141333  -0.1377135  -9.503754
-0.0024452305  -0.10859767  -9.658191
0.027218299  -0.06446491  -9.862697
0.08835247  -0.014465111  -10.102084
0.17061074  0.033626225  -10.320327
0.23618817  0.09322113  -10.470311
0.26513234  0.17744942  -10.578343
0.3030701  0.28118363  -10.697009
0.39246973  0.3734993  -10.808647
0.5245211  0.42541036  -10.832217
0.61789006  0.45271817  -10.736054
0.6333186  0.4812403  -10.562682
0.5991246  0.52808195  -10.382169
0.5714156  0.584835  -10.225009
0.5811843  0.640408  -10.114835
0.62113345  0.68366337  -10.05642
0.66806084  0.70283145  -10.01357
0.68836576  0.6952321  -9.945865
0.6734762  0.67666405  -9.856616
0.6366213  0.6629676  -9.791762
0.6105229  0.65859765  -9.771895
0.6001346  0.66021085  -9.773761
0.5961799  0.66669106  -9.7800665
0.5913684  0.68024516  -9.793315
0.59044486  0.7016193  -9.830102
0.5956154  0.7305772  -9.891544
0.6067295  0.76645994  -9.977422
0.62263435  0.8091454  -10.082735
0.6494999  0.8529932  -10.206288
0.688451  0.8932879  -10.325902
0.73037  0.9253357  -10.4128275
0.7569728  0.95503944  -10.455911
0.7628978  0.98573  -10.469457
0.7524848  1.0187272  -10.459725
0.73844385  1.0518465  -10.433616
0.7263079  1.078086  -10.396525
0.71846646  1.0914599  -10.35392
0.70755124  1.0883504  -10.286229
0.6802513  1.0733546  -10.179709
0.6310509  1.0542163  -10.05357
0.5753176  1.0367638  -9.954431
0.548255  1.0060381  -9.907079
0.5605872  0.94929856  -9.859177
0.5595258  0.8738811  -9.755416
0.504283  0.8129432  -9.628263
0.40507355  0.79502344  -9.57545
0.3365238  0.799788  -9.625487
0.33702147  0.7939255  -9.715611
0.37936878  0.75611687  -9.7592535
0.40687558  0.7019623  -9.740049
0.38537768  0.65093225  -9.684276
0.33150783  0.6125838  -9.638678
0.2835784  0.58330697  -9.631191
0.2599956  0.56078076  -9.65575
0.25205243  0.5411483  -9.699946
0.24740694  0.52284276  -9.753617
0.2429293  0.50216264  -9.810087
0.24398716  0.4780896  -9.858296
0.24709986  0.44978726  -9.891423
0.24238002  0.42121103  -9.915348
0.22538984  0.3905699  -9.930447
0.2002918  0.36100486  -9.942039
0.17617099  0.33169934  -9.946008
0.1575496  0.30543104  -9.953322
0.1398682  0.2829617  -9.964721
0.122962534  0.263891  -9.9844475
0.11091121  0.24597317  -10.013907
0.111845374  0.22354686  -10.044757
0.116517186  0.1942793  -10.064534
0.11052581  0.16301642  -10.05972
0.08730211  0.13506669  -10.036678
0.05686189  0.114883326  -10.007453
0.031403583  0.10213396  -9.984986
0.019650428  0.0942162  -9.97742
0.025228962  0.08880118  -9.985913
0.045113552  0.08243557  -9.999793
0.06803424  0.073793285  -10.010273
0.08315273  0.059822153  -10.020036
0.079515785  0.041897733  -10.025412
0.055926185  0.020657368  -10.022115
0.017562745  -5.368758E-4  -10.005857
-0.020159652  -0.023217803  -9.986992
-0.044799965  -0.044088483  -9.978164
-0.055332843  -0.062020365  -9.985266
-0.05626971  -0.07604853  -10.009049
-0.055574182  -0.08993762  -10.036723
-0.057562545  -0.10406158  -10.051085
-0.06347864  -0.11804149  -10.046248
-0.06952295  -0.13053627  -10.035476
-0.074266225  -0.14271896  -10.032322
-0.07910773  -0.15316607  -10.035437
-0.08901536  -0.16264893  -10.034814
-0.10177052  -0.1691547  -10.028327
-0.113021754  -0.17906888  -10.020747
-0.1205754  -0.19060488  -10.017044
-0.12585567  -0.20518003  -10.016186
-0.13113223  -0.21477802  -10.022742
-0.13472173  -0.22147548  -10.031623
-0.13702883  -0.22412646  -10.049102
-0.13944933  -0.22787881  -10.064267
-0.14582415  -0.2337916  -10.0746565
-0.15585326  -0.2435251  -10.071317
-0.16582747  -0.25347564  -10.060611
-0.17129739  -0.2595871  -10.055263
-0.17061536  -0.26001164  -10.054593
-0.16579302  -0.2563419  -10.06323
-0.16066459  -0.25032884  -10.07047
-0.15363802  -0.24523836  -10.073382
-0.14458634  -0.24209289  -10.0655365
-0.13623014  -0.23983979  -10.051799
-0.13320395  -0.23557812  -10.036254
-0.13493764  -0.22638719  -10.023771
-0.13701664  -0.21076874  -10.012935
-0.13927649  -0.18496908  -10.006223
-0.13303591  -0.15093726  -10.022599
-0.10820955  -0.112889476  -10.067111
-0.06344328  -0.07930995  -10.12547
-0.012087636  -0.054273006  -10.16639
0.029899577  -0.038052518  -10.178655
0.057321455  -0.027622456  -10.169655
0.074447595  -0.017581144  -10.149026
0.0854582  -0.0044441065  -10.125577
0.09527094  0.015351065  -10.110522
0.10278209  0.04260114  -10.101695
0.10841385  0.07309996  -10.093307
0.1117363  0.10956514  -10.080034
0.11715966  0.14599778  -10.067922
0.12726808  0.18619575  -10.058414
0.1363941  0.2236213  -10.052372
0.1352563  0.26695147  -10.047051
0.1220487  0.31675026  -10.043076
0.10585851  0.37275863  -10.03215
0.09069117  0.4325858  -10.017433
0.07753981  0.50231135  -10.010249
0.06799505  0.57381415  -10.014768
0.073362656  0.6507325  -10.021779
0.096933186  0.72299415  -10.028867
0.13265187  0.79178566  -10.038849
0.16879737  0.8381336  -10.031402
0.18872595  0.85872054  -9.984953
