0.4677356  -0.502318  -9.508003
0.52336234  -0.5670227  -9.560147
0.49238935  -0.55393595  -9.484042
0.46081856  -0.57445204  -9.543902
0.48650584  -0.49469545  -9.526953
0.5240581  -0.47944194  -9.564821
0.4966677  -0.46949947  -9.54736
0.48856032  -0.540594  -9.563701
0.56510264  -0.52132505  -9.520708
0.5056265  -0.44327152  -9.548224
0.5017984  -0.4299304  -9.627898
0.07258938  -0.024426043  -9.630022
0.025493637  -0.046238966  -9.610635
-0.05207661  0.022159249  -9.592214
0.008669281  -5.589515E-4  -9.591535
-0.013898385  -0.03707684  -9.591396
-0.03273566  -0.03223528  -9.571982
-0.05394601  -0.08641087  -9.571752
0.009901108  -0.044415083  -9.571523
0.010887105  -0.021344773  -9.610889
-0.012378759  -0.056958053  -9.571614
0.010786252  0.0044292556  -9.591391
-0.033063453  -0.070900284  -9.6305485
-0.03320784  -0.08573547  -9.532422
-0.02845654  -0.04167238  -9.591486
-0.024571255  4.886999E-4  -9.611288
-0.022797665  0.021530578  -9.591747
-0.024034891  0.0029859103  -9.552456
0.015224731  0.0021913205  -9.512843
0.015058832  0.0030655442  -9.552072
0.012523701  -0.034807634  -9.551932
0.073490664  0.0025770469  -9.610338
0.06918854  -0.016612325  -9.610296
0.0461948  -0.03393925  -9.649659
0.043116476  -0.051261585  -9.649617
0.04564011  0.030474285  -9.63023
0.01946024  -0.026710026  -9.571413
1.1140913E-4  -0.0045372522  -9.6304655
-0.020486847  -0.022333134  -9.650201
-0.022470988  -0.059704494  -9.571659
0.06248982  0.016800964  -9.590778
0.0418785  0.018893834  -9.532109
0.0041619344  0.060841218  -9.512903
-0.016583892  0.041052643  -9.552263
0.021530014  -0.0010427244  -9.551859
0.043624662  0.03795307  -9.512538
0.02206666  0.019235797  -9.571506
0.019587886  -1.5921389E-4  -9.53224
-0.002078795  -0.01783944  -9.571594
-0.064120695  -0.051551327  -9.5720005
-0.0643066  -0.068660684  -9.611219
-4.5443236E-4  -0.010836461  -9.551997
0.06302632  0.044413872  -9.610411
0.024348095  0.084808685  -9.630402
-0.017755343  0.065898426  -9.57187
0.016599022  -0.016542101  -9.551834
0.016941296  0.0043615275  -9.512637
0.05795502  0.022209587  -9.590796
-0.023197273  0.008587943  -9.552173
-0.023856595  -0.009535329  -9.512922
-0.02104778  0.01157787  -9.591388
0.017969577  0.008872541  -9.493025
0.002439282  0.08806508  -9.493265
0.0026072038  0.08547176  -9.571731
0.0018905516  0.06344383  -9.61095
0.023163423  0.08006816  -9.650067
0.0017342883  0.059896883  -9.650202
0.020905687  0.057962086  -9.630429
0.03749673  0.016747149  -9.689036
-0.022122227  0.021405358  -9.650279
0.0024515965  0.0795798  -9.650239
0.02031389  0.037711382  -9.6696205
0.022798406  0.07666327  -9.571638
0.03844007  0.01508077  -9.590968
-0.0028607063  -0.001132177  -9.630466
-0.0027928946  2.3839547E-4  -9.630466
-0.0030089242  0.0015401609  -9.591237
-2.3514217E-4  0.041950073  -9.532471
-0.0025562483  0.002506192  -9.5716305
0.02064418  0.060430728  -9.610807
0.056309212  0.017426923  -9.571208
0.03727433  0.03865184  -9.61063
0.01643824  0.039927926  -9.532324
-0.004743752  0.021446634  -9.571666
0.033374365  -4.3394E-4  -9.610561
-0.029359814  -0.03430784  -9.610933
-0.026440935  0.007333511  -9.591379
-0.028275056  -0.011202559  -9.532515
-0.028109035  -0.009895928  -9.493303
0.014146167  0.00814869  -9.532247
-0.008291749  -0.02894897  -9.551976
-0.042818997  0.05394183  -9.55234
-0.04276972  0.03344429  -9.552333
-0.020081814  0.05129321  -9.552207
0.0010582362  0.068732284  -9.51285
-0.039708648  0.050303  -9.532751
-0.0182605  0.067840144  -9.5130205
0.019302139  0.024855524  -9.551891
0.014834354  -0.033670284  -9.591026
-0.02284567  0.009921634  -9.630614
-0.0028269626  0.00910203  -9.650084
-0.01973852  0.05065036  -9.630652
-0.0025880204  0.010211668  -9.591231
-0.007112218  -0.047554597  -9.591177
0.012722713  -0.026509969  -9.551838
0.03411195  0.013458495  -9.532089
0.053062893  0.012865307  -9.571174
0.012254185  0.016302885  -9.571468
0.013790874  0.036206566  -9.551865
0.05618651  0.0719435  -9.590803
0.09195329  0.048506953  -9.570926
0.029974861  0.052293055  -9.571361
0.06912298  0.06880048  -9.551506
0.024959367  0.030730939  -9.590976
-0.014196982  0.05265262  -9.571636
0.042097267  0.008915511  -9.610463
-0.021699298  -0.025324514  -9.551966
0.03979999  0.012015802  -9.47317
-0.020389384  0.016348112  -9.453923
0.021854173  0.05378349  -9.551767
0.0012317768  0.054755203  -9.571494
-0.0589815  0.03800476  -9.552229
-0.019202482  0.0151861785  -9.532371
-0.0407165  -0.022383692  -9.571699
-0.05616503  0.03957455  -9.552239
-0.017302247  -0.0020311996  -9.571595
0.0041692145  0.017306628  -9.591081
-0.002265097  -0.0606315  -9.591065
-0.0019720513  -0.03776154  -9.571476
-0.05823022  0.007638652  -9.61106
-0.059400827  -0.03089173  -9.611087
0.0017456253  -0.0134545835  -9.64994
0.0039433287  0.026579078  -9.630289
0.023096588  0.025301771  -9.649789
-0.0012779728  -0.012704584  -9.571482
-0.020727662  -0.010173004  -9.610832
0.017991094  -0.030819066  -9.590991
-0.0033629714  -0.047060445  -9.630371
-0.020762995  -0.004089999  -9.610836
0.020209631  0.014119886  -9.571338
-0.019826146  -0.0025867824  -9.650068
-0.03745551  0.0189525  -9.610929
-0.037395258  -5.5880466E-4  -9.591345
-0.012389356  0.077234685  -9.571472
-0.032727495  0.05772661  -9.669706
-0.03194458  0.056919873  -9.689321
-0.009563904  0.09373675  -9.610698
-0.010857923  0.07199189  -9.532285
-0.02810848  0.09141535  -9.650093
-0.002915762  0.16631667  -9.610681
-0.007928999  0.08275022  -9.571571
-0.008016752  0.08018201  -9.551986
-0.030922381  0.02106746  -9.571738
-0.049787987  0.02326146  -9.571875
-0.008149565  0.041316874  -9.630434
-0.010323455  0.0018590011  -9.650063
-0.028557993  0.023145633  -9.630576
-0.028569387  0.023262657  -9.552134
-0.06644042  0.025765823  -9.591635
-0.024518946  0.023607047  -9.591357
-0.0033749791  0.022670245  -9.610832
-0.0018613305  0.042196997  -9.630434
-4.899841E-4  0.06151459  -9.63043
0.022164809  0.09869689  -9.630275
0.035473485  0.017294947  -9.571308
0.011302961  -0.019469485  -9.512627
-0.003849369  0.04256714  -9.551989
0.035858296  0.039389867  -9.590909
-0.006234768  0.0413841  -9.551992
0.053313605  0.057109054  -9.590779
0.050190207  0.037204415  -9.610416
0.048643593  0.037639637  -9.669261
0.004067819  -0.018415567  -9.610701
0.027432093  0.04101313  -9.551715
-0.04914991  0.084958754  -9.611059
-0.09057093  0.046336867  -9.552509
-0.009769055  0.04031778  -9.591208
0.010987346  0.058279965  -9.591074
0.046764437  0.016144926  -9.551594
-0.012354835  0.039716247  -9.571601
0.046864282  0.035491694  -9.630048
0.04415967  0.016050773  -9.630053
0.025507007  0.057255972  -9.551738
3.743517E-4  -0.02032487  -9.551861
-0.01756144  0.002487919  -9.591201
-0.03275222  0.04419208  -9.650171
-0.0141771  0.003478933  -9.5716
-0.032591175  0.0052334773  -9.591341
-0.029944347  0.025368245  -9.591338
-0.027911182  0.044971284  -9.552119
-0.026364276  0.04421176  -9.571733
-0.023779692  0.06292847  -9.591343
0.033180065  0.018980626  -9.59092
-0.028062455  0.0038047861  -9.57175
0.03150035  0.001340762  -9.55171
0.06912369  3.484682E-4  -9.531808
-0.01024607  0.02584195  -9.551984
-0.028567396  0.046466533  -9.512881
0.010450842  0.023955222  -9.532225
0.07147458  0.060054876  -9.551407
0.048966568  0.060437113  -9.512336
0.006723228  0.022733606  -9.630298
0.02463618  0.0026357246  -9.630175
0.004304054  0.024772216  -9.51262
0.043721143  0.022426164  -9.531972
0.06211211  0.021197744  -9.531853
0.061013076  0.04077402  -9.55148
0.059648  0.060024522  -9.531865
0.016431697  0.02243375  -9.6105795
0.01819599  0.06173598  -9.610564
-0.0046678996  0.022853239  -9.630299
-0.022326836  0.06381774  -9.551946
-7.2918534E-5  0.08123032  -9.610677
-0.023100974  0.021819562  -9.610807
-0.039689396  0.062282745  -9.669751
-0.03840911  0.06094566  -9.630537
-0.07832572  0.022671951  -9.650402
-0.05512446  0.04110571  -9.669909
-0.051324517  0.079952545  -9.591469
0.008887025  0.07434569  -9.551891
0.02689663  0.05162126  -9.551766
-0.010730099  0.09197222  -9.591272
-0.03217298  0.071661286  -9.591397
-0.031894095  0.07012766  -9.630638
-0.031990685  0.048911132  -9.669857
0.0045723068  -0.012914438  -9.630297
-0.013127143  0.029294213  -9.591244
-0.03157953  0.05085211  -9.571785
0.04685272  0.025994116  -9.551632
0.032896835  0.12531753  -9.630314
-0.013634095  0.026712157  -9.650102
-0.013364306  0.026788065  -9.552037
-0.009672941  0.06592574  -9.5520935
-0.051249642  0.028268278  -9.59152
0.007859976  0.024310417  -9.571516
-0.011373031  0.044897877  -9.571679
-0.014901481  -0.014463673  -9.591195
0.0035258967  -0.03402093  -9.571429
0.02006081  -0.07255638  -9.590862
-0.012609616  0.051350422  -9.552038
0.0279776  0.06841672  -9.532176
-0.035606656  0.01261643  -9.532509
-0.03222513  0.052555237  -9.552167
-0.033526663  0.012578495  -9.610973
0.0066804835  0.010641995  -9.571482
-0.013945015  -0.0070991325  -9.591205
0.0065531763  -0.007485572  -9.630301
-0.013743  -0.00546948  -9.591207
0.0058711753  -0.00632224  -9.610696
0.023793532  -0.025714114  -9.630163
-0.011784336  0.057727315  -9.552003
-0.027185157  0.11717239  -9.610988
-0.0046949307  0.15260631  -9.571679
-0.0070170662  0.10961271  -9.552097
-0.0045155683  0.12697276  -9.591359
-0.02468027  0.10609076  -9.571895
-0.02556424  0.084334485  -9.552282
0.012616093  0.060621373  -9.493148
0.06828167  0.016784918  -9.492664
0.027187094  0.01920255  -9.571392
0.0239842  -0.020000037  -9.610549
-0.037504356  -0.03394702  -9.591285
-0.031693995  0.04644706  -9.5522
-0.11178563  0.011916746  -9.533051
-0.07196816  -0.02954731  -9.552372
0.032149713  0.004324626  -9.590942
-0.027455648  -0.011276658  -9.571746
0.015036433  0.026064357  -9.532273
0.05452182  0.042841382  -9.532008
0.04904092  -0.015896233  -9.551562
0.03179928  0.045867912  -9.551781
-0.010094964  0.028396754  -9.552037
0.052066177  0.06353062  -9.630116
0.029491164  0.043908115  -9.630241
-0.03704341  -0.050329316  -9.6501255
0.025974475  0.007429446  -9.590959
-0.015540411  -0.009391542  -9.630429
-0.032389782  0.031998802  -9.610992
-0.012234087  0.011073601  -9.610846
-0.012932569  -0.0076344013  -9.610828
-0.030168163  0.033914693  -9.610992
0.013833411  0.089564905  -9.59115
0.0107502  0.04871235  -9.532291
0.011229502  0.06789469  -9.551937
-0.010290837  0.048260298  -9.591271
-0.009998731  0.04741957  -9.630505
-0.00919253  0.06619389  -9.591306
0.007947007  0.02452578  -9.571516
0.00466897  -0.034419663  -9.610657
0.0066145686  -0.013597369  -9.591065
0.04694831  0.0042327615  -9.531982
0.024659578  -0.013946553  -9.590935
0.0051397095  0.0079004355  -9.610715
-0.03532842  -0.008510412  -9.630558
0.04825834  0.045753  -9.61049
-0.013781081  0.028927628  -9.610867
-0.0515458  0.05125497  -9.591523
-0.0500988  0.031174237  -9.630745
0.009935733  0.027691577  -9.571506
-0.029032303  0.04965142  -9.611028
0.03082889  0.06438839  -9.551818
0.011420566  0.08396965  -9.5519905
0.0071682027  0.02354382  -9.512682
0.06559301  0.019814387  -9.551517
0.066103265  0.05947958  -9.5711975
-0.0332592  0.06530694  -9.571833
-0.03442679  0.025560902  -9.532547
-0.010853087  0.063660085  -9.591321
-0.051711507  0.045324802  -9.591553
-0.093430914  -0.011101885  -9.61134
-0.068424486  0.028337182  -9.611295
-0.0077523426  0.024790423  -9.630491
-0.026433527  0.04598901  -9.571825
-0.047504548  0.0069393353  -9.630746
-0.044737574  0.02724516  -9.611177
-0.023987776  0.02577671  -9.571807
0.038141087  0.060355183  -9.649884
0.015535795  0.041245136  -9.610779
0.07148521  -0.0022804076  -9.688721
0.011450054  0.022356024  -9.669583
-0.026788436  0.044825297  -9.591436
0.0099277925  -0.016890893  -9.57145
-0.028102502  0.0073266006  -9.552161
0.030639192  -0.015178385  -9.532078
0.007891697  -0.050969727  -9.551804
0.029255502  -0.02972323  -9.610529
-0.008270531  0.013975072  -9.571617
0.030532952  -0.0078509655  -9.6889925
0.010577995  0.014270576  -9.649933
-0.030465242  -0.0015402769  -9.610971
-0.008498562  0.018096972  -9.6304455
-0.06695439  0.021349547  -9.630869
-0.026930353  -9.235713E-4  -9.630589
-0.0034433345  0.05774813  -9.650075
0.03411866  0.03513308  -9.630162
-0.0073098363  0.01833051  -9.669676
-0.026040042  0.039497014  -9.63059
-0.008150852  -0.0011698852  -9.610836
0.013391317  0.018296992  -9.6303
0.027825449  -0.060767427  -9.630155
-0.011041008  -0.036069103  -9.571617
-0.04691095  0.0067720106  -9.591501
-0.06302706  0.04738359  -9.532802
-0.002883035  0.023962198  -9.5912075
0.058346897  0.06012746  -9.571123
0.03496787  0.041165352  -9.630136
0.03353467  0.060683224  -9.64976
-0.00818282  0.062348403  -9.6500435
0.008277882  0.020683497  -9.591071
0.028650843  0.03887162  -9.571328
0.026257262  0.018867822  -9.649796
-0.013677669  0.021362172  -9.650055
0.008675954  0.039367855  -9.669532
0.047806308  0.036075145  -9.610433
0.026330456  0.017049301  -9.649798
-0.016227013  -0.019332085  -9.6108265
-0.07239102  0.024902027  -9.650443
-0.029145125  0.06158073  -9.650187
-0.046157  0.081330605  -9.630712
-0.021480948  0.11797207  -9.610992
0.038223397  0.112274125  -9.630196
0.03435436  0.09061006  -9.551774
-0.010067619  0.0324249  -9.552024
-0.049984805  0.014493707  -9.571891
-0.010387363  -0.0077611594  -9.591208
-0.009724945  -0.0065023815  -9.63044
-0.06922664  -0.021381835  -9.689687
-0.027286792  -0.0029141945  -9.610981
-0.0030777461  0.05542265  -9.630466
0.0709264  -0.009731002  -9.629861
-0.026963476  0.036529496  -9.630599
-0.0028543621  0.093273975  -9.591265
-0.003070355  0.09112281  -9.552073
-0.009102615  -0.008387154  -9.551995
-0.026854733  0.014000852  -9.532536
0.034230232  0.029998425  -9.551734
0.013109944  0.030367171  -9.551886
0.03170897  0.02915721  -9.5909605
0.012041636  0.05045902  -9.591117
0.009397394  0.029705767  -9.5715
-0.030734595  0.032012414  -9.571769
-0.05212428  -0.025678195  -9.650312
-0.06480773  0.055411525  -9.591681
-0.061049644  0.053869177  -9.591714
0.003661947  0.0876732  -9.591317
0.0027428325  0.06602962  -9.552097
0.041933842  0.062095404  -9.571398
0.018910673  0.042852502  -9.571536
-0.040312577  0.046470225  -9.591601
-0.022189535  0.005733803  -9.591391
-0.024834912  -0.032480545  -9.571724
-0.04084754  0.009362971  -9.689609
-0.022534566  -0.0110531235  -9.630593
-0.008553996  -0.08964489  -9.551902
0.014630155  -0.028960766  -9.571435
-0.0209589  0.034290586  -9.650244
0.038660962  0.030612692  -9.571322
0.037895348  0.030258654  -9.610558
0.014889666  0.011718006  -9.571471
0.054836255  0.029001238  -9.630027
0.048934314  -0.029523153  -9.590766
0.069867365  0.010575027  -9.629888
-0.014192586  -0.02316007  -9.591199
0.02768968  0.034036543  -9.532119
-0.030740606  0.056549996  -9.571755
0.047904618  0.030782314  -9.649681
0.061392795  -0.029562086  -9.590674
0.05861172  -0.04765137  -9.590679
-1.7896552E-4  -0.022127645  -9.551857
-0.019372102  -0.019727767  -9.532362
-0.03779326  -0.01730608  -9.5521145
-0.049263068  0.08314814  -9.591453
-0.06722953  0.08256696  -9.572003
-0.02953731  0.019239414  -9.591353
0.03067154  0.015330232  -9.630166
-0.009768975  0.018218024  -9.630445
-0.007951379  0.057932746  -9.59122
-0.0102025075  0.017898714  -9.591215
-0.0062266495  0.056900807  -9.630456
0.010164723  -0.004691367  -9.551856
-0.0038472307  0.075511135  -9.591241
-0.021515623  0.114419326  -9.5914135
-0.021645958  0.11128211  -9.532616
-0.037792988  0.12804772  -9.630899
-0.023923706  0.025006505  -9.630644
-0.046161912  0.00685077  -9.513084
-0.071582675  -0.089248225  -9.532683
-0.06440182  -0.0071162186  -9.552448
-0.021474557  0.01077474  -9.571781
-0.017875874  0.050145075  -9.5522175
-0.017486058  0.029445546  -9.591417
-0.0012511328  -0.030599527  -9.571582
0.014276019  -0.088518195  -9.590979
-0.020976419  -0.023308951  -9.610989
0.02141097  0.015070235  -9.630291
0.03779503  -0.005403387  -9.5909
0.016929844  0.016783193  -9.61069
-0.008215222  -0.039837588  -9.630441
-0.043046862  0.043400045  -9.5718975
-0.0023221816  0.040478665  -9.591212
-3.5000965E-4  0.059527706  -9.591213
-0.038163662  0.060828153  -9.630758
0.0018211138  0.0573594  -9.571619
-0.018160691  0.057766814  -9.571781
0.022457775  0.07412421  -9.591085
0.04041505  0.071670294  -9.571338
0.037504405  0.0509199  -9.590949
0.035529416  0.05040507  -9.571352
0.014525283  0.030811595  -9.630326
-0.024384093  0.032402065  -9.630621
-0.006234525  -0.008525598  -9.591211
-0.02050722  0.07194922  -9.512986
4.373597E-4  0.06856784  -9.532458
-0.022577044  0.00940129  -9.512945
0.037161317  0.0065802517  -9.512478
-0.06453914  -0.02515476  -9.51321
-0.01679085  0.07105934  -9.532606
0.02511044  0.085883625  -9.571554
0.024663512  0.083414346  -9.669642
0.017401898  0.00333863  -9.610703
0.015984913  -0.015258519  -9.630281
-0.022924507  0.008174376  -9.591387
0.019244228  0.045083888  -9.591132
0.035856932  0.003887167  -9.610552
-0.003244741  0.026413854  -9.650112
-0.002262752  0.04581979  -9.571682
-0.00412678  0.0059765745  -9.591235
0.018228874  0.04441825  -9.57153
-0.023638787  0.026840283  -9.552198
-0.0017220724  0.064910956  -9.49327
-0.02175828  0.044905357  -9.591449
-0.041676737  0.025444822  -9.630802
-0.037695445  0.06455885  -9.630876
-0.056980036  0.045316216  -9.650631
-0.07262664  0.06571058  -9.690058
-0.032170374  0.0419982  -9.6897135
-0.031666633  0.02159636  -9.748517
-0.029734813  0.04158289  -9.689723
0.008778446  0.018566655  -9.689341
0.08654301  0.013230985  -9.688649
0.0042205984  0.018889558  -9.591278
0.06124041  -0.004596683  -9.610363
0.03896691  -0.022025226  -9.747779
0.03701338  -0.019452715  -9.688954
0.09339658  -0.04079859  -9.629627
0.03174544  -0.035497602  -9.610501
0.03383731  0.024688896  -9.590965
-0.007140223  0.027003368  -9.552044
-0.026122877  0.027847594  -9.611024
-0.0056800987  0.026281616  -9.571653
0.056339078  0.06136638  -9.610498
0.032621406  0.02270841  -9.610598
0.03136237  0.022835216  -9.571371
0.046747666  -0.018051809  -9.55157
0.02665045  0.0035750463  -9.571352
0.027469728  0.023512458  -9.590989
-0.008561341  0.06502757  -9.610936
-0.063487336  0.10626514  -9.552591
-0.0457153  0.04319294  -9.532759
-0.008052732  7.6304143E-4  -9.55202
-0.02743563  0.0027890666  -9.630607
0.0136645455  0.020571273  -9.630355
-0.06474174  0.02597896  -9.5721
-0.025729692  -0.015864914  -9.591351
0.05072458  -0.058876164  -9.629913
0.035424285  0.04290019  -9.630226
0.09489369  0.07705738  -9.590639
-0.00791111  0.06208428  -9.571728
0.049360957  0.037291415  -9.53206
0.007174755  0.019568173  -9.532298
0.011900435  0.09806453  -9.552076
0.046023242  0.0143801505  -9.551661
-0.013192664  0.017610783  -9.610894
-0.013176541  0.017123165  -9.610895
0.0034942334  -0.023159435  -9.6499
0.04471493  0.015140175  -9.649734
0.07540787  -0.08503455  -9.64928
0.05525763  -0.040779818  -9.629902
-0.020056041  0.04453123  -9.571667
-0.060321257  0.026503948  -9.532639
-0.07788081  0.027417345  -9.611225
-0.053038802  0.045514952  -9.67
-0.053133972  0.005637433  -9.630717
-0.049963836  0.025904909  -9.591534
-0.049468372  0.006530438  -9.591509
-0.0066843727  0.04371715  -9.610918
0.011959587  0.022095654  -9.610746
0.027757622  -0.038157456  -9.6497345
0.010166938  0.024043001  -9.630351
-0.02821618  0.066590026  -9.552234
0.010945448  0.06345016  -9.571575
0.01271848  0.10120394  -9.552043
0.013572529  0.11783377  -9.512884
-0.029087093  0.07776415  -9.552327
-0.027816359  0.0951678  -9.513167
-0.0715752  0.017238725  -9.552465
-0.026685046  0.07357312  -9.532746
-0.011968762  -0.02799858  -9.630399
-0.046699174  0.015115839  -9.709256
0.01840084  0.06998605  -9.689369
0.013925085  0.009854205  -9.6696005
0.015970662  0.049612056  -9.669714
-0.045589652  0.033765428  -9.552419
-0.027788958  -0.006567547  -9.493327
-0.009312531  -0.04632843  -9.571514
0.052344948  -0.0085881185  -9.551575
0.030747497  -0.0056158816  -9.532108
0.004531485  -0.08142464  -9.551696
0.027007323  -0.040769543  -9.649726
-0.013282279  -0.0364321  -9.591159
0.028532973  -0.017839344  -9.669378
0.013144262  0.063600115  -9.591178
0.012024689  0.06281178  -9.4931345
-0.009679194  0.043269332  -9.552082
-0.052735794  -0.013443527  -9.611086
-0.008209984  0.043734744  -9.571688
-0.02970774  0.004963303  -9.571764
-0.005708257  0.043198027  -9.610921
-0.045670215  0.025368398  -9.630784
-0.0036223002  0.04232447  -9.571697
-0.003846575  0.021904428  -9.571665
-9.1718213E-4  0.060712665  -9.591346
-0.023006717  0.021308279  -9.611049
-0.0059576426  -0.019212745  -9.610819
-0.0065123397  -0.01778076  -9.591199
-0.025372516  0.0042482344  -9.532549
-0.028289298  -0.054020576  -9.610907
0.034545206  0.0038604904  -9.590934
0.07504274  0.040994212  -9.629927
0.05667302  0.100297354  -9.57134
0.049107507  0.01905929  -9.571244
0.07007098  0.076338455  -9.571231
0.006942206  0.039305553  -9.591174
0.06936178  0.09386507  -9.551693
0.04583526  0.073296875  -9.532191
0.023538167  0.053479306  -9.493069
-0.019584304  -0.0034525609  -9.493167
-0.05881349  -0.01951566  -9.552205
-0.07532495  0.0031111909  -9.571997
-0.07667081  -0.055001747  -9.5914955
0.007768283  5.213757E-4  -9.55188
0.043749128  -0.04092153  -9.59075
0.06281824  -0.02048375  -9.571061
0.0032857358  0.0044014235  -9.551881
0.0033573965  0.0046836566  -9.571488
-0.01410941  0.04528659  -9.532445
-0.018844245  -0.033937786  -9.571552
-0.018569801  -0.031606864  -9.512724
0.039816763  -0.05309764  -9.551552
0.02249715  0.009600869  -9.571359
0.0056418628  0.06995013  -9.630371
-0.035628263  0.05078996  -9.611
-0.017837778  0.00915293  -9.6304455
-0.03699015  0.011052269  -9.669797
0.02225432  0.00773667  -9.630198
0.04024736  0.006988914  -9.551635
0.041535832  0.04697797  -9.630122
-0.01723302  0.070036136  -9.610889
0.0022435442  0.047393303  -9.610763
0.020868082  0.044745896  -9.63026
0.041524395  0.081058934  -9.590985
-0.004552109  0.0029902507  -9.591096
0.032132335  -0.018678648  -9.630075
0.008213112  -0.055752303  -9.590892
-0.0676108  -0.009384096  -9.610997
-0.023963742  0.027859826  -9.630456
0.015519927  0.025184212  -9.630241
-0.06444419  0.011009317  -9.669872
-0.062345166  0.011826073  -9.650278
-0.05848382  0.051958244  -9.571874
-0.09815325  0.014845915  -9.591686
0.025236769  0.047046036  -9.571402
-0.0148188155  0.049007226  -9.532426
0.021268586  -0.013257483  -9.551729
0.0063001006  0.06794654  -9.532319
-0.0141219115  0.04880273  -9.591264
-0.030173294  0.08907952  -9.630667
-0.0125634475  0.04686347  -9.571669
-0.05188356  0.048553176  -9.57193
-0.029821407  0.066308536  -9.552231
-0.047869682  0.06611621  -9.591592
0.013345207  0.06037577  -9.65005
0.011152466  0.039550044  -9.610792
0.03152516  0.056913763  -9.630306
-0.009295634  0.038032982  -9.669775
-0.066097096  0.06054888  -9.670235
-0.066471174  0.02020446  -9.670162
-0.08314868  0.041818988  -9.631135
-0.061997503  0.040610418  -9.6310005
-0.065025  -0.018562324  -9.630868
-0.06369297  -0.017428918  -9.611273
-0.059560344  0.023295086  -9.591746
-0.03622868  0.061402734  -9.532842
-0.056072913  0.042069793  -9.532971
0.02181576  -0.0027696677  -9.551858
0.06284722  0.034426298  -9.571221
0.12049764  0.04944768  -9.610037
0.094544694  0.010824385  -9.629757
0.05280745  0.014116823  -9.610464
0.052414812  0.034244735  -9.571285
-0.008361769  0.03805961  -9.591319
-0.029505415  0.019567167  -9.5522
-0.02730115  0.039373074  -9.532624
0.010159801  -0.0027434502  -9.571485
0.026895497  -0.04198747  -9.64972
0.029598646  0.019357154  -9.571384
-0.008538523  0.041574188  -9.591304
0.010031136  0.020128662  -9.551917
-0.028519407  0.022340186  -9.59141
-0.06646667  0.04450116  -9.493682
-0.006401548  0.04018029  -9.51287
-0.026525347  0.04132912  -9.55224
-0.02888207  0.0015876335  -9.591374
-0.006110432  0.04001824  -9.591312
0.010756347  -8.3092676E-4  -9.571484
0.04935701  -0.0022805235  -9.551594
0.045671575  -0.040200956  -9.610367
0.025858752  -0.016797496  -9.61055
-0.03479677  -0.011575682  -9.591328
-0.012074271  0.026863407  -9.552039
-0.009853467  0.045801215  -9.532448
-0.009294487  0.045194738  -9.532452
-0.04829955  0.04697822  -9.55235
-0.01042033  0.0047209174  -9.552017
-0.070057526  -0.0096493075  -9.493573
-0.024787238  0.02768731  -9.591406
-0.002007418  0.0655381  -9.552101
-0.04279313  0.028079368  -9.611183
0.053255413  -0.037198763  -9.61034
-0.024164697  0.008787785  -9.591384
-0.02210906  0.028927717  -9.591409
0.017229628  0.026586363  -9.55189
0.03223128  -0.0335004  -9.551669
0.012676025  -0.030276677  -9.610663
0.011225831  -0.04784151  -9.610654
0.032666516  -0.0071704527  -9.669379
-0.0067419214  0.016785698  -9.650072
-0.02217469  0.07782379  -9.630606
-0.0018928157  0.075168505  -9.610866
0.03451139  0.031825136  -9.551727
0.031220535  0.012214335  -9.473263
-0.045442462  0.056791246  -9.591523
-0.083600834  0.05853189  -9.591818
-0.059160974  0.095912114  -9.51328
-0.060630213  0.03522325  -9.552491
-0.001123936  0.031134205  -9.552033
0.0013422142  0.08928953  -9.55209
0.037788376  0.045156527  -9.571369
0.035800986  0.025138116  -9.64981
0.0322567  0.005987116  -9.630171
0.07010145  0.0038973393  -9.629891
-0.012654843  -0.029604778  -9.650035
-0.015158543  -0.066881955  -9.610775
-0.011761357  -0.024655094  -9.610821
-0.06767236  0.0196387  -9.59164
-0.041309476  0.096782096  -9.55233
-0.0017545222  0.07287681  -9.552048
-0.003037824  0.05210189  -9.57165
-0.0044706897  0.031919163  -9.571637
-0.022763623  0.05304281  -9.571798
-0.026598992  -0.0058451626  -9.571753
-0.0066088666  -0.005752906  -9.591213
0.016493794  0.032792646  -9.610709
-0.0055971947  -0.0053786202  -9.610837
-0.0049969675  -0.004170744  -9.630445
-0.023053387  0.017850248  -9.610995
-0.062222406  5.0878467E-4  -9.591678
-0.0153230615  0.075965054  -9.611028
0.0026518037  0.05359951  -9.571641
0.024907093  0.09105724  -9.610736
-0.017382769  0.05250874  -9.591419
-0.03679555  0.0531435  -9.571975
-0.015737435  0.07088543  -9.571837
-0.012553524  0.10893163  -9.591493
0.02521247  0.06470367  -9.57154
0.021081764  0.004604027  -9.591073
0.018346565  -0.01417059  -9.551835
0.017389556  -0.012920258  -9.551838
0.039891023  0.04576288  -9.51252
0.01657988  0.0073515354  -9.571473
-0.041473113  0.031772606  -9.57195
0.018056395  0.00867306  -9.571469
0.017267719  0.009067157  -9.57147
0.035533883  0.007345644  -9.630158
0.05374964  0.0063531953  -9.610407
0.050009705  -0.032610938  -9.669212
0.06912502  0.006736821  -9.551449
0.028262049  0.0298543  -9.532131
0.04887966  0.068490826  -9.551653
-0.01147018  0.07096219  -9.610891
0.008347491  0.06825238  -9.630381
0.0019370271  -0.011040893  -9.571464
0.022921145  0.008456744  -9.649818
0.0839828  0.044363722  -9.669089
0.0797608  0.024286695  -9.590634
0.0026951823  0.088206775  -9.51273
-7.352435E-4  0.02766653  -9.512673
-0.039151803  0.030421462  -9.59135
-0.019959906  0.009336774  -9.610834
0.021019664  0.026396161  -9.64985
-5.8261707E-4  0.007847019  -9.591094
0.020968182  0.04632206  -9.532186
0.04178854  0.063757055  -9.610558
0.040384024  0.062691644  -9.571341
-1.514127E-4  0.06379921  -9.669644
0.037277166  0.040267356  -9.6694
-0.023132717  0.043982286  -9.65012
0.036306273  0.03978483  -9.630176
-0.025429396  0.024019945  -9.532398
-0.065643445  0.007398449  -9.552198
-0.06329914  0.008011697  -9.57182
-0.021217626  0.0058660274  -9.610834
0.036768213  -0.016665556  -9.590832
0.053193383  -0.035782553  -9.5710945
0.01346318  -0.011316807  -9.571353
-0.026398532  -0.0073716957  -9.610801
-0.004339538  0.031623464  -9.649956
0.017892055  0.0693349  -9.66949
-0.022500202  0.050512813  -9.669697
-0.021562263  0.049338102  -9.669704
0.05653433  0.023848787  -9.649634
-0.0026561662  0.047101527  -9.610764
-0.024172446  0.027933737  -9.591227
-0.043320023  0.0484533  -9.49331
-0.060768288  0.04796801  -9.591487
0.04075959  0.06005904  -9.590963
-0.01961879  0.062940456  -9.571705
-0.039017256  0.043017063  -9.571796
-0.0017045417  -0.019389605  -9.591058
0.019483166  7.774241E-5  -9.6105995
-2.6093738E-4  0.001962767  -9.61072
0.057503268  -0.020198157  -9.590703
-0.021799618  0.0072281216  -9.551996
-0.039611556  0.02940519  -9.51291
0.001967277  0.026557181  -9.610743
0.0036039276  0.045806542  -9.649999
0.06480595  0.08032648  -9.630074
0.020007603  0.022626685  -9.6302395
-0.040079705  0.02679444  -9.630586
-0.07645698  0.06833893  -9.611274
-0.034778204  0.06435012  -9.611062
-0.017877169  0.003161397  -9.650071
0.0204281  -0.017938215  -9.610561
-7.836874E-4  -0.034928974  -9.591034
0.022406356  0.024347423  -9.610622
-4.85688E-4  -0.01332557  -9.6499195
0.0016044779  0.026857743  -9.630349
0.0022100364  0.045583382  -9.650001
-0.037595965  0.046826977  -9.630619
0.0024525502  0.04329871  -9.630389
-4.2127675E-4  0.003490073  -9.610719
0.058495466  4.723665E-4  -9.708431
-0.023599986  -0.0123257125  -9.63041
-0.0013865554  0.007097499  -9.649946
-0.057644792  0.05015499  -9.6699505
-0.056912612  0.049327068  -9.571897
-0.013649305  0.08539887  -9.571722
-0.035916004  0.02594333  -9.591376
-0.013415023  0.044174153  -9.591287
0.006026021  0.022860194  -9.61075
0.046819136  0.04019521  -9.571291
0.023120048  0.0019752802  -9.6301985
0.003878976  0.023876762  -9.57152
0.025237398  0.042417463  -9.571423
0.04492134  0.040645782  -9.669367
-0.017754229  0.0050644786  -9.610842
-6.4923166E-5  -0.034686018  -9.630264
0.0015545195  -0.013187822  -9.669527
0.006739376  0.066468686  -9.630395
-0.015847718  0.02752197  -9.650096
-0.011093836  0.105964094  -9.630576
-0.016035749  0.024734769  -9.610874
0.019741297  -0.03656153  -9.61053
0.059039563  -0.01723508  -9.590699
-0.06577384  -0.08616873  -9.610949
-0.0036996745  -0.06670401  -9.630255
0.021330291  0.013431839  -9.630194
0.08041926  0.029966028  -9.590613
0.01878533  0.033449505  -9.532143
0.056693695  0.010881492  -9.610366
-0.0041999416  0.015092049  -9.571477
-0.04493366  -0.0017078988  -9.571686
-0.002342958  0.035840686  -9.63032
3.627953E-4  0.094021164  -9.630347
0.034213267  0.010445453  -9.571262
0.056819275  0.048573297  -9.55157
0.034331262  0.010071917  -9.551655
0.015473302  0.03129847  -9.590994
-0.0023036292  0.07146628  -9.551917
-0.0213424  0.071279354  -9.552036
-0.020900628  0.06953252  -9.571657
-0.04021353  0.0690072  -9.591387
-0.023081968  0.0072355894  -9.610829
0.016367612  0.004759653  -9.5909815
0.03330777  -0.016093658  -9.590845
0.014008005  0.025507966  -9.532176
0.010330612  -0.014283468  -9.4929085
-0.030508693  -0.030595656  -9.551927
-0.028956037  -0.008860099  -9.532333
-0.048217524  -0.006246385  -9.512833
-0.046751592  -0.005461193  -9.493234
-0.06432019  -0.0034472805  -9.532567
-0.02283927  -0.0051647425  -9.551975
-0.062655635  -0.021384075  -9.59141
-0.016276889  0.055866033  -9.591222
0.02388179  0.051979043  -9.57138
0.041378096  0.030099813  -9.59086
0.041703608  0.06973256  -9.473218
0.0058316346  0.12989596  -9.551965
0.0029911662  0.08687501  -9.5519705
0.035791684  -0.016447388  -9.571228
0.03572639  0.0036125246  -9.551654
-0.0020370898  0.044883147  -9.512709
-0.022769285  0.02487909  -9.512795
-0.04333876  0.005717894  -9.552105
-0.05938127  0.046308722  -9.5130625
-4.609085E-4  0.022209473  -9.493081
0.0023240375  0.06071088  -9.551991
6.819595E-4  0.03888931  -9.551965
-0.01939091  0.019250322  -9.65011
-0.035480265  0.058957122  -9.532638
-0.014315461  0.055190396  -9.571762
-0.013641733  0.053338725  -9.611002
-0.011677374  0.071040764  -9.630677
-0.034565814  0.010803937  -9.65026
0.0025400268  -0.031247435  -9.610648
0.0049055372  0.009290077  -9.571545
0.006026412  0.008934072  -9.591151
0.0278629  0.026910223  -9.630309
0.023468787  -0.03257183  -9.630123
-0.03235276  0.011890705  -9.650267
0.0077121966  0.009033471  -9.63038
0.006993477  0.008561486  -9.591151
0.007960038  0.027820185  -9.552
0.0074255397  0.026814556  -9.552004
0.0071484353  0.026025297  -9.552006
0.04221543  -0.036245786  -9.590755
0.026176728  0.044518262  -9.591159
0.043403342  0.022215944  -9.551759
0.015428233  -0.07524039  -9.551534
-0.023298532  -0.050818384  -9.532238
-0.0012187316  -0.03134085  -9.591025
0.03744581  -0.03266872  -9.551573
-0.01515001  0.07039125  -9.571842
-0.016774984  0.028966272  -9.532504
-0.022960631  -0.070475124  -9.551797
-0.021968821  -0.068752035  -9.610649
-0.018094938  -0.027361643  -9.591162
-0.013086462  0.031926297  -9.630565
-0.056235403  -0.025699526  -9.591419
-0.016537668  -0.047652237  -9.610727
-0.016645458  -0.06572166  -9.64991
0.0057690726  -0.045428768  -9.708677
-0.014675813  -0.042410687  -9.6891985
-0.03460975  -0.039731536  -9.669731
-0.013102822  -0.0200811  -9.610809
-0.07049458  0.004247071  -9.61126
-0.046969436  0.022578854  -9.611178
-0.025849974  0.020540997  -9.571815
-0.027795043  -0.019556042  -9.630567
0.014495678  0.01765356  -9.571523
0.018428601  0.075674415  -9.532427
0.038711667  0.09115823  -9.571581
-0.006308086  0.031805832  -9.591343
-0.029225629  -0.0072670886  -9.571764
-0.06788561  0.0153899435  -9.474041
-0.028017443  -0.0073931864  -9.512933
-0.04657545  -0.005989268  -9.571918
-0.06357382  0.015262525  -9.611358
-0.022457782  0.012325386  -9.591444
7.0725864E-4  0.04970397  -9.59141
0.037775345  0.02576038  -9.551834
0.05570163  0.023164857  -9.5713
0.015852712  0.044833694  -9.552067
0.032319855  0.0030255588  -9.571395
0.012969124  0.023964962  -9.571612
0.01192853  0.0037114546  -9.571542
0.032906953  0.021698846  -9.571469
0.031894255  0.02108212  -9.591081
-0.011516554  -0.015375989  -9.591218
-0.046375312  0.047266576  -9.611332
-0.046070028  0.026935037  -9.6308775
-0.0260009  0.025791837  -9.532675
-0.046593692  0.0068836133  -9.513144
-0.06639068  -0.011260032  -9.53283
0.016930768  0.023350725  -9.552
-0.002212931  0.04397991  -9.532603
0.038098954  0.06010465  -9.591214
0.07458709  0.03690846  -9.551641
-0.02808772  0.003964248  -9.552223
-0.011114763  -0.056401048  -9.571458
0.030447789  -0.038010262  -9.6104765
-0.0076291184  -0.014396095  -9.748125
-0.005173866  0.026349258  -9.630589
0.033168685  0.0039905463  -9.571391
0.04887757  -0.036394846  -9.610346
0.026894195  -0.03378166  -9.590879
-0.028910361  0.029813232  -9.571882
-0.071654856  -0.027244331  -9.552361
-0.06855558  -0.006553187  -9.532819
-0.026386289  -0.009302171  -9.610999
-0.023626318  0.010450046  -9.591443
-0.019402523  0.049086247  -9.611195
8.456322E-5  0.026614614  -9.6305895
-0.039383363  0.028284214  -9.57207
-0.03523513  0.06582412  -9.591829
-0.036915097  0.02469043  -9.57209
0.003028046  0.021628639  -9.571767
0.022201205  0.020513006  -9.532374
0.04171112  0.018822756  -9.551834
0.018247314  -0.019708775  -9.571452
0.037073113  -0.020505957  -9.610526
-0.043199793  -0.014213123  -9.552319
0.017063482  -0.018050453  -9.610687
-0.005406581  -0.034883954  -9.571546
-0.006305031  -0.052890424  -9.591089
0.016828027  -0.013285275  -9.591073
0.017769216  0.0067561027  -9.551925
0.017739499  0.006541642  -9.551925
0.018936835  0.02622069  -9.532367
0.07129624  -0.07678762  -9.570796
0.05123884  -0.05377719  -9.610272
0.03375097  0.0083315065  -9.571386
0.051166683  -0.012510027  -9.551577
0.011176579  -0.009637473  -9.551871
-0.00983389  -0.027691571  -9.551959
-0.0658865  0.016528202  -9.591719
-0.007168258  -0.0268563  -9.708865
0.011579823  -0.027027357  -9.630261
0.012062239  -0.007221575  -9.649939
-0.027534373  -0.0044995183  -9.610999
0.011803569  -0.026487226  -9.630263
0.012359813  -0.0057735825  -9.61071
-0.024074785  0.03589446  -9.611103
-0.04528176  -0.003709253  -9.571924
-0.022160808  0.034089237  -9.571886
-0.021458749  0.032813657  -9.650348
0.01316424  -0.049891457  -9.708649
-0.022865584  0.012935038  -9.611064
0.0019611914  0.069607295  -9.611088
0.037860435  0.02565318  -9.551834
0.01475714  -0.013316939  -9.669536
0.05391405  0.0040869084  -9.630075
-0.005035874  0.027243838  -9.630587
0.033562798  0.00401721  -9.6106205
0.018090403  0.08333228  -9.571814
0.019277075  0.099882156  -9.552308
0.07656448  0.05299617  -9.571339
0.011628975  -0.024171507  -9.649912
0.04914627  -0.04628492  -9.649533
-0.010944561  -0.040936917  -9.669582
0.0069081527  -0.060521346  -9.590903
-0.011547018  -0.037406385  -9.551924
-0.051079556  -0.053142916  -9.571749
-0.05216512  -0.09072918  -9.61085
-0.0061818343  -0.011931923  -9.61085
0.012658104  -0.032358877  -9.610637
-0.027582979  -0.04811057  -9.61088
-0.026668051  -0.047070354  -9.630494
0.0355345  -0.010996122  -9.630155
0.054107368  -0.012270152  -9.590776
0.055081375  0.026713159  -9.571294
0.05082024  -0.013958063  -9.590792
0.035131797  0.065642565  -9.571582
0.035613522  0.08277339  -9.591275
0.013460378  0.061902538  -9.59137
0.027101371  -0.019674204  -9.610561
0.026182514  0.0010920989  -9.591022
0.005232128  0.0023350357  -9.571548
-0.053069856  0.0057045408  -9.571944
-0.04750113  0.06403018  -9.591788
0.030956198  0.037018534  -9.610799
0.047838148  -0.0048308386  -9.630107
0.027710924  -0.0033545136  -9.630246
-0.010541721  0.019621816  -9.571766
-0.011304266  2.7349277E-4  -9.571685
-0.048524212  0.023005635  -9.572042
-0.008727026  1.12615024E-4  -9.532458
-0.15461095  0.06756998  -10.298757
0.0052907136  0.1564345  -9.317395
-5.228169E-4  0.11230785  -9.062343
0.0012010128  0.08557024  -9.395717
0.012560469  -0.05697132  -9.63013
0.03676178  0.0019321778  -9.689153
-0.0063050506  -0.035686236  -9.610791
0.0128512485  -0.036647934  -9.512574
-0.009909678  -0.073805556  -9.590948
0.0076365494  -0.09132489  -9.492664
-0.04351886  0.0125867445  -9.65054
-0.04824934  -0.0641338  -9.591303
-0.007482903  -0.06491295  -9.669475
-0.026095593  -0.04174815  -9.591271
-0.0031442437  -0.002254728  -9.552084
-0.042897996  8.8045717E-4  -9.532769
-0.0028584392  -0.002576473  -9.650147
-0.02375151  -0.0016702526  -9.650298
-1.4999455E-4  0.05616815  -9.591555
-0.05953118  0.039361883  -9.611555
-0.016315687  0.0552504  -9.611347
-0.016958253  0.033564474  -9.611266
0.0196095  -0.009072662  -9.571526
-1.3455401E-4  0.012929847  -9.552176
-0.06319102  -0.04194632  -9.591579
-0.038130023  0.016985899  -9.572103
9.7200356E-4  -0.005998582  -9.630525
-0.037944525  -0.002757697  -9.650472
0.0020438053  -0.0048769275  -9.650147
0.017691985  -0.044623736  -9.6105795
-4.901612E-4  -0.0025107665  -9.610919
0.05245961  -0.043374382  -9.218016
0.07159271  0.17164195  -9.571934
0.018734703  -0.030428728  -9.414519
-0.057476856  -8.404819E-5  -9.591887
0.020071601  -0.025269773  -9.610725
0.06038441  0.020407198  -9.610648
0.07931549  0.03602018  -9.649855
-0.0040264144  0.0012385137  -9.611019
-0.0065339967  -0.03844308  -9.630387
0.03291582  -0.020558393  -9.610601
0.015670314  0.04055468  -9.611101
0.033139274  0.018689975  -9.591223
0.05355568  0.035925895  -9.610824
-0.0103754215  -0.020005131  -9.571665
-0.052800037  -0.07558813  -9.5715885
-0.049080256  -0.053914655  -9.591341
-0.007161319  -0.05500048  -9.61068
-0.004735641  -0.03352234  -9.630407
0.015903138  -0.013967906  -9.55192
-0.0042804116  -0.012495879  -9.532454
-0.042357598  -0.009494097  -9.5916
-0.0038817853  -0.050683618  -9.591083
-0.06407692  -0.06433407  -9.59147
-0.06039572  -0.042818658  -9.630821
7.836493E-4  -0.04571016  -9.630338
0.038348544  -0.06668666  -9.649543
0.039375745  -0.024905344  -9.630115
-0.022422055  -0.039354473  -9.571684
-1.4793941E-4  -3.5951036E-4  -9.512856
-0.03828267  0.02191819  -9.513259
