254.67554  215.90237
177.55083  215.34555
253.99663  216.77533
157.58868  216.61327
237.40721  214.14146
188.75192  216.3817
237.26276  211.93192
196.03018  214.30072
337.0395  214.59958
184.93324  216.10149
221.50787  209.6257
181.23225  214.86519
256.98386  215.24329
175.92882  215.76172
238.70381  212.9173
174.7826  217.14517
261.6095  212.45665
160.52538  216.01059
181.29007  210.64204
157.67305  213.58151
159.55328  211.94267
180.53592  216.78867
198.18536  211.26477
200.63669  214.63907
218.77899  216.09325
