-0.047934905  -0.100298375  -9.469555
0.026422422  -0.1332686  -9.493069
0.042701382  -0.14367935  -9.491174
0.012508178  -0.11915414  -9.496973
0.017143967  -0.110890724  -9.487233
0.03751171  -0.099943876  -9.493508
0.008812742  -0.056905665  -9.510884
0.015028474  -0.018185977  -9.537599
0.040926613  0.005105169  -9.56516
0.0073507577  0.04229033  -9.575142
-0.020937836  0.07587989  -9.57252
-0.007857111  0.042762637  -9.55881
-0.016856113  0.030168176  -9.55223
-0.028535813  0.041893672  -9.552106
-0.022669101  0.041332506  -9.559892
-0.014105067  0.016911598  -9.571084
-0.04286038  0.041153178  -9.581423
-0.084185936  0.045466565  -9.58675
-0.11373637  -0.0041284286  -9.585758
-0.13250001  -0.04409848  -9.581105
-0.16255999  -0.042628676  -9.58394
-0.17844647  -0.041900255  -9.595927
-0.21553977  -0.05159207  -9.607719
-0.2839725  -0.028351378  -9.613507
-0.28961274  -0.02783573  -9.614994
-0.28853723  -0.060278613  -9.620942
-0.28844503  -0.078338586  -9.628335
-0.26169115  -0.07412813  -9.632105
-0.22611663  -0.07928781  -9.631848
-0.23404272  -0.06298339  -9.630367
-0.26112133  -0.03056576  -9.629254
-0.26353723  -0.020258885  -9.6275
-0.2618013  -0.03440647  -9.624455
-0.25684285  -0.039753485  -9.625244
-0.2587156  -0.06220851  -9.628464
-0.24084282  -0.099688545  -9.631728
-0.24850504  -0.12920353  -9.632136
-0.24258819  -0.14162433  -9.633503
-0.20001645  -0.16149342  -9.638716
-0.18822737  -0.16891411  -9.645442
-0.18127878  -0.17252748  -9.65163
-0.1618299  -0.18256475  -9.655829
-0.1863057  -0.1941112  -9.658188
-0.23344128  -0.20219564  -9.657401
-0.2683405  -0.20007864  -9.653912
-0.28930515  -0.17521837  -9.655261
-0.32106924  -0.13910289  -9.661252
-0.32657593  -0.112482235  -9.671938
-0.2885764  -0.12772003  -9.677485
-0.27267534  -0.1717341  -9.673415
-0.3265292  -0.23629501  -9.658116
-0.36047968  -0.28737864  -9.6402445
-0.35521486  -0.34282213  -9.628789
-0.43059212  -0.33459026  -9.626862
-0.5324243  -0.26308662  -9.635319
-0.58631694  -0.17973801  -9.653441
-0.6756588  -0.13841382  -9.672451
-0.8130457  -0.11867769  -9.684864
-0.94227684  -0.14961681  -9.688537
-1.0467112  -0.24195652  -9.686011
-1.1117284  -0.34250712  -9.681044
-1.1145251  -0.4273138  -9.678313
-1.1057651  -0.49791783  -9.681344
-1.0830595  -0.5768248  -9.684009
-1.1056376  -0.63372433  -9.677501
-1.2016989  -0.6983635  -9.658959
-1.3660526  -0.7431194  -9.637122
-1.5083224  -0.73683745  -9.620762
-1.6151664  -0.68752444  -9.613187
-1.6162338  -0.6700306  -9.607757
-1.5613525  -0.66813296  -9.601647
-1.5053623  -0.684831  -9.594783
-1.5072815  -0.7323456  -9.589374
-1.5222967  -0.7869069  -9.58181
-1.5750837  -0.79939187  -9.57587
-1.6658287  -0.7819258  -9.571927
-1.7461262  -0.72944695  -9.572586
-1.7676685  -0.631864  -9.577254
-1.7499397  -0.49969864  -9.597713
-1.6717215  -0.411263  -9.643985
-1.5543492  -0.37122458  -9.70599
-1.4361339  -0.3569873  -9.764468
-1.2863114  -0.38385242  -9.809291
-1.0530924  -0.475887  -9.847045
-0.8480527  -0.44778126  -9.881397
-0.6325942  -0.18287447  -9.929337
-0.16540883  0.04470036  -10.015369
0.33673063  0.18272737  -10.1228285
0.4950214  0.30544132  -10.199424
0.5023284  0.27276796  -10.199341
0.459155  -0.020080024  -10.135076
0.13704495  -0.20499352  -10.042706
-0.26365158  -0.22578292  -9.949764
-0.36820787  -0.1940209  -9.864423
-0.20765452  -0.13796526  -9.796966
-0.021529306  -0.028904999  -9.747032
0.11466704  -0.030736074  -9.70974
0.20623064  -0.17565227  -9.664166
0.1975539  -0.40589255  -9.60071
-0.008344747  -0.6125418  -9.528566
-0.2458978  -0.79792845  -9.469102
-0.40973917  -0.91621274  -9.435898
-0.5367197  -0.9446017  -9.424656
-0.6457007  -0.90464556  -9.43076
-0.66343075  -0.86815107  -9.451577
-0.5836763  -0.85995215  -9.487512
-0.58702075  -0.8677456  -9.533255
-0.61754906  -0.8539258  -9.5884695
-0.6078765  -0.82642394  -9.661855
-0.6296498  -0.7053492  -9.753942
-0.66216165  -0.5516955  -9.859895
-0.5143067  -0.47395936  -9.9659195
-0.29782856  -0.3667608  -10.062233
-0.028632004  -0.1804233  -10.142011
0.40559214  -0.0073220967  -10.199313
0.80502033  0.15805759  -10.22889
1.0000355  0.40374714  -10.225429
0.98247224  0.59977686  -10.18501
0.8360276  0.7658875  -10.10958
0.5561064  0.93380815  -10.01521
0.25743136  1.1494172  -9.924502
0.18226597  1.2568191  -9.833958
0.32694593  1.2119678  -9.712582
0.5089281  1.0366936  -9.56353
0.6090067  0.75089896  -9.432429
0.5980233  0.36181864  -9.361473
0.42904454  0.012698686  -9.337928
0.23701891  -0.30092102  -9.329709
-0.22401635  -0.45464784  -9.316917
-0.85809773  -0.41100693  -9.307355
-1.1288544  -0.44480905  -9.3086195
-0.98641837  -0.53164446  -9.332896
-0.9090856  -0.5121977  -9.38528
-0.9821471  -0.42077246  -9.474134
-1.190294  -0.37485904  -9.596305
-1.5925663  -0.25110203  -9.73603
-2.1088417  -0.089839235  -9.874176
-2.3475206  0.04881848  -10.005414
-1.9471047  0.063278496  -10.1360445
-1.0581005  -0.009448426  -10.251252
-0.34275675  0.08853157  -10.324571
0.23400995  0.36179143  -10.360898
0.8299505  0.617284  -10.39195
1.1043727  0.73333406  -10.416518
1.0467426  0.78222007  -10.388894
1.057996  0.68063766  -10.280709
1.0571413  0.4537515  -10.120084
0.92809314  0.24255304  -9.953891
0.98889315  0.11645174  -9.801883
1.2765256  -0.009215556  -9.662072
1.5220692  -0.12414874  -9.514479
1.6000407  -0.2135231  -9.359108
1.5042223  -0.31966382  -9.215984
1.2467965  -0.4118298  -9.109419
0.8069544  -0.42249537  -9.049748
0.34623533  -0.3929887  -9.018992
-0.06958489  -0.35833186  -9.004509
-0.27370328  -0.34373802  -9.009391
-0.27906612  -0.34790683  -9.049281
-0.1087443  -0.36532056  -9.12761
0.0688744  -0.33810645  -9.230109
0.33687738  -0.28259978  -9.355342
0.50760067  -0.12862802  -9.504477
0.61549604  0.038048297  -9.677495
0.6991352  0.122441076  -9.8592825
0.8115414  0.11383806  -10.022338
0.81108916  0.20156303  -10.141023
0.85405254  0.31936243  -10.21215
0.9318274  0.42998666  -10.25241
0.7956427  0.61790824  -10.259891
0.45636478  0.9076578  -10.215991
0.18928406  1.1084094  -10.126069
0.0914007  1.2639223  -10.028161
0.07659578  1.3666214  -9.94503
0.12794395  1.3180077  -9.858333
0.3474406  1.0790088  -9.740967
0.42362338  0.73023576  -9.603671
0.09197018  0.32793272  -9.458089
-0.43557033  0.008434218  -9.3018055
-0.8062008  -0.14881922  -9.147647
-1.1825535  -0.15946504  -9.022664
-1.5051401  -0.02522325  -8.955658
-1.5109813  0.09040425  -8.9287195
-1.3275821  0.17909655  -8.929297
-1.223777  0.29563004  -8.95921
-1.1430694  0.40758047  -9.029405
-0.9927066  0.36138213  -9.146626
-1.0522044  0.31315345  -9.296488
-1.1854535  0.26849285  -9.464414
-1.0742604  0.124818884  -9.642441
-0.64792144  -0.107758865  -9.831366
-0.17305657  -0.27839607  -10.016091
0.24157405  -0.2176739  -10.179974
0.7409814  3.075242E-4  -10.323026
1.2257823  0.21799488  -10.44628
1.2898047  0.4177049  -10.524225
1.1840035  0.57199556  -10.52681
1.1351641  0.5049802  -10.457429
0.9613422  0.3102334  -10.358129
0.64899904  0.16897881  -10.251458
0.5001186  0.09561859  -10.1363325
0.3446371  0.07630118  -10.00644
0.24638386  0.020863613  -9.870299
0.19648084  -0.14681804  -9.734147
0.094628915  -0.3141385  -9.582108
-0.051652707  -0.48277205  -9.41591
-0.1519407  -0.67767  -9.265472
-0.29823786  -0.7912054  -9.160108
-0.4831459  -0.74369204  -9.084839
-0.5433238  -0.69053924  -9.014729
-0.38756973  -0.604495  -8.966184
-0.07433242  -0.5020399  -8.980617
0.13548239  -0.3637118  -9.065786
0.28431615  -0.26173428  -9.195427
0.49458498  -0.16802716  -9.348743
0.7273148  -0.09679616  -9.52373
0.8947142  -0.051335614  -9.732294
0.9338158  0.03769064  -9.955032
0.8283181  0.231789  -10.154336
0.8075479  0.49747127  -10.306573
1.0413994  0.6826272  -10.420543
1.1914417  0.90013456  -10.501115
1.1824653  1.0542389  -10.522019
1.11667  1.1460178  -10.462488
1.0141101  1.1571194  -10.347369
0.6693018  1.2653403  -10.218137
0.36802346  1.3218712  -10.085496
0.42640725  1.2707956  -9.945167
0.6797002  1.0353453  -9.790099
0.65974367  0.75438285  -9.606652
0.45476407  0.41271892  -9.399635
0.15357536  0.14686564  -9.200683
-0.29070887  -0.0042587877  -9.053437
-0.71523666  -0.07294239  -8.962777
-0.88879406  -0.16335839  -8.904353
-0.96106255  -0.16454795  -8.868594
-0.9593047  -0.15192364  -8.863698
-0.84054315  -0.18361047  -8.9080305
-0.77765954  -0.24101166  -9.002891
-0.9447233  -0.2550365  -9.127835
-1.1731045  -0.3069566  -9.271577
-1.3104663  -0.3670291  -9.445262
-1.2712181  -0.37493953  -9.657229
-1.081743  -0.32258058  -9.886933
-0.8949475  -0.17802621  -10.086135
-0.5416608  -0.0037579625  -10.242954
0.05170821  0.15034525  -10.364295
0.5699792  0.21371758  -10.459888
0.74712896  0.24374309  -10.504994
0.8894639  0.17589614  -10.474998
0.9321893  0.081252135  -10.382796
0.76697147  0.037029665  -10.26192
0.5915306  0.08834856  -10.130815
0.664799  0.14993943  -9.989957
0.81918347  0.19568928  -9.845535
0.9400097  0.15915252  -9.700135
0.9758886  0.018627662  -9.543786
0.86260855  -0.18379705  -9.376988
0.61536396  -0.38195187  -9.226426
0.22337894  -0.5346691  -9.122949
-0.21514025  -0.5608366  -9.062467
-0.53621113  -0.5579268  -9.028887
-0.5495342  -0.5972374  -9.019676
-0.41535997  -0.6613398  -9.047117
-0.26780593  -0.6692053  -9.113834
-0.2178868  -0.6530384  -9.220044
-0.20658512  -0.57553285  -9.3622265
-0.31679243  -0.359907  -9.53655
-0.3840794  -0.019250905  -9.736527
-0.23240499  0.27624568  -9.943825
-0.0013608455  0.5167345  -10.120355
0.24580093  0.7962525  -10.251813
0.594858  1.0004622  -10.349827
0.8073179  1.080799  -10.424895
0.778871  1.1387742  -10.456618
0.7915877  1.219961  -10.436592
0.7766132  1.2800947  -10.382384
0.58230495  1.360545  -10.297714
0.50908405  1.4335055  -10.182391
0.70023996  1.3980954  -10.044131
0.7901576  1.2122953  -9.914739
0.64335126  0.8705966  -9.781358
0.40520638  0.46819362  -9.613883
0.0823216  0.080039844  -9.412499
-0.37843785  -0.1830014  -9.231729
-0.7861803  -0.3077321  -9.118514
-0.9537815  -0.30435973  -9.0630455
-0.872423  -0.29768202  -9.036185
-0.73987496  -0.29992372  -9.026099
-0.5319734  -0.29928407  -9.052681
-0.3064742  -0.32220888  -9.128364
-0.1533952  -0.39523047  -9.245415
-0.25059342  -0.41791886  -9.383361
-0.5008651  -0.2425203  -9.530568
-0.7724951  -0.06236308  -9.699319
-0.7902857  -0.021192754  -9.884791
-0.7961826  0.03394304  -10.060935
-0.73506534  0.22921471  -10.198241
-0.32626957  0.29691762  -10.301192
0.1443161  0.25848332  -10.371535
0.19322571  0.3571635  -10.399213
0.17571288  0.47058707  -10.369334
0.36930388  0.43470603  -10.294342
0.4722352  0.37288004  -10.200601
0.49894443  0.42205748  -10.092672
0.74181306  0.4753274  -9.967748
1.1432476  0.4376753  -9.841034
1.3233246  0.26908106  -9.712802
1.19508  0.08310013  -9.576303
0.85015947  -0.06674396  -9.426105
0.4185996  -0.23482712  -9.288345
-0.17602101  -0.4157173  -9.180258
-0.50160205  -0.5723692  -9.102351
-0.51065403  -0.69911134  -9.06607
-0.2819519  -0.809937  -9.078784
-0.100152895  -0.8697643  -9.121864
0.21144438  -0.8155761  -9.180949
0.38604784  -0.61418134  -9.273586
0.43803295  -0.38161296  -9.418416
0.43411702  -0.13726148  -9.598526
0.504768  0.12165122  -9.785124
0.50485194  0.26729256  -9.962741
0.32755548  0.35892922  -10.116489
0.21105385  0.48967487  -10.2284775
0.44273153  0.6106635  -10.304076
0.8063154  0.6612679  -10.351819
0.984759  0.8170082  -10.368207
1.0898393  0.9816955  -10.334548
1.0987799  1.0601699  -10.253833
0.7577031  1.0908711  -10.1435585
0.3543071  1.0614611  -10.016534
0.11971544  0.9033642  -9.880782
-0.059020616  0.6310298  -9.7421255
-0.28795117  0.29757127  -9.598285
-0.5273355  -0.050846327  -9.441181
-0.8184562  -0.338059  -9.292162
-1.1601295  -0.47275853  -9.184836
-1.3671858  -0.46127206  -9.1354265
-1.3688171  -0.35102162  -9.119553
-1.2304509  -0.2618106  -9.119679
-1.0741107  -0.17710471  -9.138905
-0.8053212  -0.21214755  -9.181663
-0.6856148  -0.28764758  -9.235494
-0.76436245  -0.3811826  -9.29309
-0.9233662  -0.38211772  -9.370178
-1.0259123  -0.27956343  -9.485772
-0.975894  -0.061237056  -9.644113
-0.5823823  0.089564264  -9.83986
-0.11281037  0.17968793  -10.034364
0.31154448  0.25094196  -10.197239
0.7691301  0.25076094  -10.314372
0.96210164  0.14699379  -10.383702
0.72357637  0.09113541  -10.393147
0.43820295  0.07763472  -10.322157
0.287556  0.07877706  -10.205677
0.18874793  0.1265633  -10.085285
0.30711663  0.20131941  -9.985032
0.6087216  0.21919405  -9.887874
0.8033142  0.1891952  -9.785332
0.84595525  0.035526264  -9.667952
0.6100469  -0.19636153  -9.525377
0.09514427  -0.39436498  -9.359034
-0.4712739  -0.51099896  -9.187759
-0.83245134  -0.5535756  -9.059985
-1.0574455  -0.5112201  -8.993865
-1.0117655  -0.42475718  -8.989913
-0.66673034  -0.38355064  -9.029395
-0.2469047  -0.38927475  -9.100517
0.039233375  -0.41885003  -9.200497
0.15609047  -0.37896305  -9.328152
0.25043812  -0.20730059  -9.484101
0.52939165  -0.10825579  -9.666459
0.82376176  -0.040475205  -9.861012
0.86186713  0.11795292  -10.032212
0.8506155  0.31739768  -10.154842
1.0140976  0.35952106  -10.236644
0.92020047  0.4471407  -10.298005
0.60928905  0.59895325  -10.336572
0.38239956  0.74102366  -10.334374
0.3572742  0.8301691  -10.300488
0.36413297  0.89547837  -10.260539
0.33620816  0.98641825  -10.223667
0.42534527  0.9782155  -10.162336
0.64090216  0.76222944  -10.041535
0.75582016  0.37353462  -9.873839
0.5355574  -0.027551997  -9.687463
0.1873408  -0.3608442  -9.495463
-0.17544456  -0.57258457  -9.3140955
-0.46363097  -0.6693734  -9.172676
-0.77121925  -0.64672244  -9.107063
-0.99656665  -0.556161  -9.087853
-0.94948786  -0.53768456  -9.08681
-0.76582175  -0.48512483  -9.087599
-0.5019398  -0.46179023  -9.116614
-0.23723936  -0.44389772  -9.190498
-0.13614078  -0.4338112  -9.312398
-0.37274843  -0.3098978  -9.466633
-0.6569705  -0.12542646  -9.64159
-0.87598693  0.05139823  -9.840718
-0.95854026  0.2240582  -10.03013
-0.75528663  0.4551404  -10.199334
-0.17068848  0.5905186  -10.339409
0.38150674  0.52132714  -10.440324
0.6082403  0.49589333  -10.473805
0.72314346  0.46899194  -10.431621
0.73170614  0.39094794  -10.358561
0.64275014  0.32022554  -10.275719
0.65738565  0.32017118  -10.168792
0.813486  0.2859909  -10.026442
0.97666407  0.15186897  -9.871808
0.96785367  -0.07040618  -9.725911
0.7719261  -0.29152384  -9.577529
0.44819894  -0.47714534  -9.415642
0.12910153  -0.6310603  -9.262271
-0.23148218  -0.6841144  -9.160655
-0.48813802  -0.6335809  -9.115543
-0.6893881  -0.48780447  -9.090742
-0.71658564  -0.41431373  -9.058357
-0.57942384  -0.4068148  -9.035438
-0.38251024  -0.4339633  -9.057553
-0.14819571  -0.4332622  -9.138334
0.13830538  -0.4189159  -9.265942
0.3349483  -0.2690314  -9.429249
0.4195854  -0.12555681  -9.620792
0.45038334  -0.016634146  -9.816597
0.32802263  0.21263278  -9.98782
0.36207184  0.4879237  -10.134183
0.82421315  0.5832595  -10.27452
1.2631215  0.69451857  -10.400917
1.3162391  0.9047182  -10.46614
1.3100898  0.9826372  -10.438385
1.1956695  0.95689833  -10.347365
0.66893446  1.0477618  -10.238727
0.15983012  1.1696861  -10.125446
0.14862654  1.0836027  -9.997082
0.24704225  0.8197196  -9.859887
0.15899168  0.43824482  -9.702561
-0.008617684  0.020564187  -9.515789
-0.19128825  -0.36917672  -9.318478
-0.54792583  -0.5434942  -9.1616745
-0.9469431  -0.54115427  -9.077072
-1.1961039  -0.4079635  -9.035596
-1.3785752  -0.22636881  -9.014901
-1.3724463  -0.06426462  -9.015262
-1.1482903  -0.018419286  -9.051498
-0.77618927  -0.02639794  -9.139327
-0.5685807  -0.06602513  -9.269307
-0.5553163  -0.10847107  -9.422341
-0.7227214  -0.12026782  -9.579324
-0.8286349  -0.12827028  -9.737629
-0.96770227  -0.026766533  -9.887852
-0.8921828  0.3418808  -10.032638
-0.18774182  0.660721  -10.196338
0.58686197  0.84407485  -10.375054
0.7551039  0.9684962  -10.509272
0.7102698  0.81898147  -10.529697
0.67450845  0.37078613  -10.456928
0.36901337  0.06265022  -10.353256
0.11119995  -0.07021098  -10.249848
0.27097923  -0.10778765  -10.137908
0.6444731  -0.036153175  -10.009566
0.868626  0.02960522  -9.878173
0.85590744  -0.04281602  -9.736657
0.689685  -0.1683397  -9.562156
0.434165  -0.30993986  -9.361642
0.05502524  -0.40570515  -9.179385
-0.27452603  -0.47135964  -9.064331
-0.5079035  -0.507545  -9.013415
-0.6042321  -0.58989567  -9.003684
-0.47882542  -0.7104762  -9.022019
-0.19903505  -0.880983  -9.066799
-0.04662035  -1.0057418  -9.137998
0.060300756  -1.0595901  -9.243236
0.10575626  -0.96734446  -9.385658
0.096091874  -0.774395  -9.562268
0.027349759  -0.54531103  -9.749452
-0.041371442  -0.24229205  -9.919335
-0.08711861  0.23483972  -10.054887
0.35707006  0.5834793  -10.18933
0.98986566  0.7494534  -10.33527
1.1645373  0.9749063  -10.454957
1.1886172  1.110993  -10.475135
1.2434498  1.0540928  -10.4007845
0.9018243  1.0827382  -10.293843
0.44698143  1.2138058  -10.198783
0.41922006  1.2345726  -10.112588
0.5858797  1.110853  -10.016399
0.6438486  0.8089382  -9.88433
0.51240474  0.4009715  -9.683217
0.18768454  0.016352434  -9.431769
-0.16584548  -0.3072087  -9.203095
-0.4674781  -0.5307194  -9.075722
-0.74622834  -0.5971664  -9.042585
-0.81126136  -0.63262844  -9.048996
-0.721633  -0.65478384  -9.066604
-0.6360465  -0.67862797  -9.097184
-0.5810541  -0.66722476  -9.155673
-0.43919754  -0.7291469  -9.243224
-0.50742143  -0.7297374  -9.353217
-0.76493156  -0.6648432  -9.47825
-0.9705806  -0.57298434  -9.606924
-1.1024529  -0.42926282  -9.74685
-1.2695649  -0.18518783  -9.890248
-1.1870893  0.13453479  -10.019973
-0.6889669  0.48097306  -10.150966
0.12848899  0.7226232  -10.296989
0.66422814  0.80776614  -10.428229
0.8169384  0.79067457  -10.4803
0.7397577  0.5921604  -10.428161
0.4916645  0.30636585  -10.32459
-0.006759897  0.14825475  -10.204876
-0.2469519  0.09897478  -10.085389
-0.09137521  0.07952245  -9.967341
0.16292813  0.047801618  -9.858275
0.23733851  -0.0057749837  -9.7141905
0.20118654  -0.16812603  -9.51595
0.08872229  -0.359143  -9.299111
-0.115041494  -0.5011648  -9.144727
-0.35429862  -0.53000605  -9.071607
-0.49011064  -0.52051544  -9.050544
-0.4717133  -0.40735397  -9.056973
-0.32004517  -0.29338315  -9.086193
-0.10444675  -0.2716583  -9.140403
0.1289179  -0.30683166  -9.216614
0.30006713  -0.32719746  -9.32378
0.3623193  -0.32604975  -9.4608965
0.4113141  -0.25706524  -9.633756
0.47771066  -0.12182317  -9.832887
0.3594076  0.06567168  -10.018414
0.14544246  0.3056008  -10.145032
0.13898236  0.5820153  -10.208844
0.36638027  0.6915293  -10.249756
0.43894964  0.73788804  -10.282239
0.34802288  0.74336755  -10.274433
0.24632259  0.7731104  -10.207168
0.19024038  0.788869  -10.120435
0.04049974  0.9079916  -10.067895
-0.003220725  0.992939  -10.049705
0.15701857  0.94378614  -10.023578
0.25177377  0.68040925  -9.952809
0.015410137  0.23701382  -9.805592
-0.40821582  -0.20559028  -9.585139
-0.7801523  -0.5284281  -9.346637
-1.0646291  -0.62702054  -9.171521
-1.1818345  -0.54753244  -9.092967
-1.0087407  -0.3710298  -9.071712
-0.7320706  -0.22189268  -9.079292
-0.39078748  -0.17266035  -9.11155
-0.07704039  -0.25951213  -9.168126
0.060456894  -0.35603994  -9.235091
-0.08109119  -0.38230518  -9.312087
-0.22929864  -0.35811886  -9.418326
-0.35492253  -0.27953193  -9.568162
-0.4585823  -0.14815535  -9.740824
-0.32436296  -0.012520167  -9.905152
0.079612605  0.17158726  -10.060061
0.512273  0.32360852  -10.215583
0.7222228  0.40097633  -10.346668
0.67902243  0.48220572  -10.406592
0.5550896  0.43169618  -10.381064
0.4110487  0.22140343  -10.310054
0.21761203  0.059473477  -10.225682
0.17310855  -0.015344587  -10.126588
0.38610482  -0.08582591  -9.998578
0.6174618  -0.10566757  -9.860722
0.596786  -0.10461299  -9.735921
0.36747164  -0.1527738  -9.618787
0.0054977955  -0.19821778  -9.489792
-0.35838196  -0.2766767  -9.349918
-0.7761077  -0.32273445  -9.235225
-0.9390408  -0.3660066  -9.177776
-0.8146434  -0.37022787  -9.161481
-0.54497594  -0.34386402  -9.156377
-0.29176182  -0.2713873  -9.140241
0.028825074  -0.20108466  -9.138785
0.26746166  -0.15441176  -9.190156
0.33945647  -0.10644396  -9.304196
0.43002278  -0.08501469  -9.470336
0.62149036  -0.13855639  -9.664931
0.6384958  -0.13350992  -9.8593025
0.44083604  0.08152037  -10.0300665
0.39730376  0.31757203  -10.166846
0.40718055  0.5088819  -10.271743
0.2749741  0.8117803  -10.334128
0.17707853  1.087757  -10.344682
0.28955823  1.2347317  -10.320145
0.4313694  1.2645557  -10.2821045
0.54915285  1.2405452  -10.232387
0.7760714  1.0325298  -10.153146
1.0606318  0.66796714  -10.043676
1.0587603  0.20524803  -9.914764
0.78036064  -0.23178475  -9.748319
0.2843739  -0.56972504  -9.528529
-0.37238842  -0.6810182  -9.292096
-1.0200274  -0.6449871  -9.114713
-1.2588389  -0.5538102  -9.035867
-1.1811188  -0.3965188  -9.022047
-0.9203307  -0.2681768  -9.028747
-0.6309929  -0.20712452  -9.04321
-0.48801756  -0.13918288  -9.075555
-0.6475385  -0.012584334  -9.132927
-0.88021564  0.08769268  -9.226547
-1.1549248  0.2721895  -9.364042
-1.3003132  0.3836914  -9.542277
-1.189691  0.33919662  -9.738908
-0.8365878  0.25189042  -9.929635
-0.417823  0.32654363  -10.1113
0.21565667  0.33978692  -10.284176
0.7082654  0.26621795  -10.420543
0.8256258  0.2548309  -10.478765
0.7603985  0.17406286  -10.444074
0.6466996  -0.015031504  -10.364808
0.43731084  -0.18540049  -10.284814
0.41509104  -0.22793885  -10.206857
0.6997965  -0.2472492  -10.101177
1.0473832  -0.3151421  -9.967364
1.1309096  -0.4637726  -9.817577
0.98867196  -0.56183517  -9.661096
0.66045606  -0.61448044  -9.492133
0.32076254  -0.6268934  -9.325114
-0.035984933  -0.5259753  -9.185243
-0.18436143  -0.38216665  -9.092988
-0.19825189  -0.2741054  -9.048106
-0.096058175  -0.20450306  -9.036716
-0.007090494  -0.20828876  -9.051605
0.036542177  -0.32391188  -9.087184
-0.018594455  -0.46230584  -9.152444
-0.19566019  -0.48193368  -9.257459
-0.33260864  -0.46127543  -9.405347
-0.29631835  -0.39833057  -9.591112
-0.19898538  -0.25156188  -9.786662
-0.21723536  0.06987507  -9.9594965
-0.22271903  0.4402144  -10.0887985
0.0947016  0.74349403  -10.2025
0.515478  0.9619853  -10.32676
0.68486136  1.1649505  -10.430374
0.7058763  1.2098014  -10.461928
0.88282853  1.0531715  -10.40559
0.84981805  0.9214134  -10.310971
0.59981346  0.84352493  -10.199692
0.482621  0.6983002  -10.079146
0.4881722  0.42308122  -9.936198
0.3248234  0.10066064  -9.756661
0.024457013  -0.23118433  -9.542921
-0.3370903  -0.47910514  -9.325973
-0.741138  -0.53659683  -9.16906
-0.9708584  -0.46294284  -9.094214
-0.94176066  -0.35767326  -9.0713625
-0.8046435  -0.21595852  -9.070538
-0.6260854  -0.11403783  -9.080542
-0.4143138  -0.15968302  -9.112283
-0.31467408  -0.23978408  -9.167859
-0.3796897  -0.33843628  -9.252154
-0.566434  -0.41650543  -9.362965
-0.8028034  -0.4178351  -9.494863
-0.9095553  -0.27769643  -9.644885
-0.8158804  -0.13940565  -9.816928
-0.76295084  -0.03568126  -9.979007
-0.7327818  0.09332547  -10.100945
-0.4410265  0.25093365  -10.185644
0.026955778  0.283894  -10.259213
0.25041968  0.32296067  -10.320545
0.35321897  0.41521198  -10.3289385
0.5325965  0.39579877  -10.264495
0.6190013  0.31156114  -10.151263
0.62297624  0.27936587  -10.019292
0.8669569  0.23757811  -9.898435
1.2807764  0.18927415  -9.80819
1.5533569  0.12747158  -9.745613
1.5375817  -0.021504361  -9.665135
1.2688639  -0.24248055  -9.527278
0.69577295  -0.43873987  -9.366183
-0.0205279  -0.5615441  -9.239566
-0.69604933  -0.6204429  -9.166821
-1.1343637  -0.62380445  -9.109115
-1.2319674  -0.5830963  -9.057666
-1.1294204  -0.5064199  -9.039968
-1.0269922  -0.47816476  -9.086768
-0.9225507  -0.45705947  -9.194531
-0.872087  -0.4268412  -9.32565
-0.8690796  -0.32935563  -9.46859
-0.7239625  -0.2624769  -9.62366
-0.38180515  -0.24052306  -9.797833
-0.052318037  -0.2107307  -9.958064
0.22657819  -0.10003348  -10.071433
0.44212013  0.12439221  -10.147803
0.7912531  0.2825169  -10.225912
1.0155312  0.45595852  -10.318147
1.084089  0.623578  -10.381963
1.1449006  0.7214737  -10.377108
1.1835274  0.7476152  -10.314031
1.0496824  0.8779198  -10.234188
1.0077703  1.051455  -10.150969
1.1718992  1.1017824  -10.069717
1.378485  0.97454154  -9.980463
1.4409252  0.6367374  -9.869312
1.2318769  0.21545807  -9.721217
0.8341864  -0.22185798  -9.562036
0.31967655  -0.5152172  -9.437909
-0.24225447  -0.5899683  -9.368983
-0.6602145  -0.5687484  -9.333795
-0.8904168  -0.5128802  -9.310815
-1.0083902  -0.4445436  -9.293545
-1.0228018  -0.4080256  -9.275634
-1.0268042  -0.46764994  -9.263631
-1.0618398  -0.56932104  -9.273491
-1.0608451  -0.66376275  -9.325229
-1.0543593  -0.7096664  -9.426398
-0.97142094  -0.6842606  -9.569055
-0.8356919  -0.48718  -9.740936
-0.76438826  -0.117271565  -9.920005
-0.6718051  0.24551365  -10.076359
-0.420928  0.55038536  -10.185111
-0.040436547  0.84651005  -10.2593
0.46873063  0.9600321  -10.317489
0.90533304  0.912142  -10.362565
1.0721183  0.8838849  -10.358886
1.1194434  0.81670225  -10.29346
1.060749  0.67334336  -10.186642
0.9094989  0.58389896  -10.0757475
0.90643966  0.5178588  -9.978963
1.0554453  0.43368703  -9.878205
1.1028482  0.3480374  -9.743912
0.98381025  0.22512409  -9.571873
0.761298  0.0739084  -9.407275
0.53515685  -0.03231872  -9.294422
0.28346637  -0.081576236  -9.235329
0.035569012  -0.079607405  -9.188559
-0.13057227  -0.037724953  -9.130755
-0.14896667  0.023086835  -9.072627
-0.007672131  -0.018384064  -9.053157
0.2355384  -0.14453237  -9.088941
0.4710389  -0.26265165  -9.169697
0.6565922  -0.34873796  -9.271199
0.73624796  -0.39343354  -9.387132
0.6012068  -0.2777459  -9.516601
0.48098144  -0.05484578  -9.654554
0.5217881  0.15216687  -9.792863
0.6292207  0.25486022  -9.915644
0.49981532  0.28237498  -10.009337
0.26867342  0.28154114  -10.052844
0.10742434  0.4565618  -10.05977
0.39683613  0.779384  -10.076505
0.920751  1.0996473  -10.140176
1.3870773  1.2557067  -10.196645
1.605067  1.1927948  -10.168481
1.5628775  0.8637369  -10.030724
1.1406862  0.47236794  -9.8629265
0.6105577  0.34424418  -9.737012
0.383928  0.50584584  -9.657531
0.6028054  0.784956  -9.595249
0.8854264  1.0303723  -9.537113
0.99239177  1.1552833  -9.50295
1.0671264  1.0543734  -9.495052
1.1421654  0.87307245  -9.500409
1.1254456  0.77812326  -9.5046625
1.0669842  0.76097935  -9.506417
0.9704076  0.78017175  -9.513297
0.7829721  0.8508557  -9.534833
0.67173755  0.88739175  -9.581521
0.6137914  0.89574754  -9.6563225
0.5925108  0.8644121  -9.743083
0.6297034  0.7824806  -9.8256855
0.7536293  0.63515824  -9.895997
0.7809507  0.48395196  -9.954249
0.69672287  0.40951166  -9.998429
0.6832317  0.41700834  -10.026897
0.7376928  0.4527627  -10.046036
0.63704646  0.4967962  -10.059542
0.44075948  0.5215426  -10.06112
0.20653293  0.43661246  -10.041858
-0.04658065  0.2721774  -9.998459
-0.31083506  0.14562075  -9.932877
-0.34163314  0.09030329  -9.849673
-0.17321506  0.11617063  -9.766496
0.11135109  0.20124745  -9.707423
0.37115774  0.31200156  -9.687279
0.54346573  0.4127349  -9.686718
0.5371024  0.49540606  -9.652617
0.4518032  0.5235692  -9.548944
0.33554006  0.513299  -9.430873
0.20395267  0.47218132  -9.376834
0.15581585  0.3690681  -9.41748
0.10606203  0.24303532  -9.486449
0.03997059  0.14822611  -9.52108
-0.007881042  0.06375309  -9.513255
0.03729092  -0.024852715  -9.487963
0.07880805  -0.067577526  -9.472452
0.11269846  -0.06887168  -9.472503
0.1783557  -0.09871666  -9.490182
0.22133204  -0.112313345  -9.516823
0.18839851  -0.09038846  -9.543423
0.117667034  -0.06062398  -9.566995
0.05938801  -0.03132668  -9.590623
0.014571063  0.001948677  -9.616269
-0.009097489  -0.012486475  -9.638835
-0.009171454  -0.044410467  -9.652131
-0.024761772  -0.057673335  -9.660174
-0.010668872  -0.08287145  -9.667182
-0.03806539  -0.100072905  -9.679425
-0.04546429  -0.11471955  -9.700268
-0.10211458  -0.07983194  -9.728551
-0.17707221  -0.09973453  -9.749015
-0.25711024  -0.12783757  -9.745976
-0.3415002  -0.13367215  -9.728032
-0.39647454  -0.11849725  -9.71495
-0.36533612  -0.14484425  -9.716539
-0.3091647  -0.13397719  -9.726429
-0.19430518  -0.13517973  -9.737203
-0.055586506  -0.14644364  -9.746039
-0.0024565398  -0.12004902  -9.744958
0.03246135  -0.1132931  -9.735161
0.05851859  -0.10577295  -9.723712
-0.08641392  -0.053066265  -9.714773
-0.22630672  -0.05006931  -9.711217
-0.35679275  -0.058489233  -9.708023
-0.5094882  -0.032375276  -9.710152
-0.5931013  -0.029157292  -9.717902
-0.47989336  -0.09763388  -9.729871
-0.36300912  -0.122730896  -9.741653
-0.20377906  -0.18035655  -9.751411
-0.042224698  -0.24703059  -9.757244
0.06605417  -0.29219136  -9.758466
0.056414586  -0.27099487  -9.754222
-0.025362182  -0.24492648  -9.7492285
-0.13813314  -0.1809543  -9.743057
-0.25669765  -0.11414139  -9.734387
-0.34055623  -0.060436923  -9.730758
-0.38025182  -0.052732833  -9.734267
-0.38425636  -0.049031235  -9.737601
-0.38891405  -0.0673443  -9.731711
-0.34654337  -0.09720707  -9.719029
-0.32928953  -0.10671349  -9.707126
-0.33746925  -0.088648476  -9.698157
-0.30179042  -0.08208807  -9.68882
-0.26107833  -0.08133362  -9.6797285
-0.24451311  -0.090831295  -9.673579
-0.19796258  -0.11729957  -9.67229
-0.14647394  -0.1518067  -9.674352
-0.112507485  -0.1863778  -9.676404
-0.060002457  -0.20817205  -9.677016
-0.04109005  -0.19808552  -9.676015
-0.0898297  -0.18274483  -9.677435
-0.1237483  -0.15954277  -9.680966
-0.16037932  -0.14063047  -9.687344
-0.21777585  -0.11689343  -9.691132
-0.25846943  -0.11518707  -9.692727
-0.25055164  -0.11136875  -9.693048
-0.24553955  -0.10764096  -9.696082
-0.24162635  -0.11193372  -9.701939
-0.22893222  -0.12193696  -9.706147
-0.238399  -0.11667423  -9.707532
-0.23021825  -0.1215894  -9.705308
-0.23392919  -0.12790903  -9.699981
-0.2375174  -0.11741032  -9.692705
-0.22210948  -0.122971535  -9.686828
-0.17321923  -0.13260522  -9.687791
-0.15960956  -0.14131513  -9.692383
-0.16246018  -0.14335485  -9.697617
-0.15625705  -0.15522859  -9.700961
-0.16589613  -0.14671208  -9.701644
-0.14645362  -0.16616736  -9.701206
-0.13522576  -0.17596269  -9.697299
-0.11622499  -0.1879607  -9.689429
-0.15353097  -0.11572727  -9.6782255
-0.09049241  -0.12721968  -9.669148
-0.10989456  -0.09976624  -9.668078
-0.10159948  -0.08193227  -9.673984
-0.11522011  -0.0668657  -9.683396
-0.05716101  -0.13630006  -9.693026
-0.10674335  -0.14421822  -9.7015505
-0.1358726  -0.16239229  -9.706078
-0.1827657  -0.15852894  -9.704621
-0.19879864  -0.16879405  -9.697883
-0.22654097  -0.16103756  -9.6913
-0.23082037  -0.13903672  -9.687237
-0.20362468  -0.13238741  -9.686845
-0.1954296  -0.15078095  -9.686353
-0.20516448  -0.14296289  -9.684391
-0.20520827  -0.13237979  -9.682019
-0.19826642  -0.11891405  -9.681624
-0.17099966  -0.106112204  -9.685927
-0.12028462  -0.09153639  -9.691066
-0.076224215  -0.082580686  -9.693067
-0.10574609  -0.07912983  -9.6865
-0.13315663  -0.084887266  -9.679525
-0.16641416  -0.08036325  -9.676788
-0.19228877  -0.08464472  -9.679959
-0.18148443  -0.11093626  -9.681373
-0.13365288  -0.1445463  -9.67943
-0.10870395  -0.16770117  -9.676597
-0.1090804  -0.17435592  -9.67466
-0.13107976  -0.15878177  -9.675193
-0.14697999  -0.13205703  -9.677346
-0.14361566  -0.116134584  -9.680188
-0.12668774  -0.112371325  -9.68165
-0.13786198  -0.106826805  -9.682994
-0.13299945  -0.118372045  -9.683656
-0.114833616  -0.14576551  -9.686676
-0.12159355  -0.15563405  -9.686992
-0.15537065  -0.15665445  -9.685255
-0.14190522  -0.15859078  -9.68385
-0.13395032  -0.13394395  -9.685712
-0.15686348  -0.10194174  -9.691277
-0.15642889  -0.059493758  -9.695187
-0.14186865  -0.03911524  -9.696818
-0.1587914  -0.021664672  -9.697582
-0.1644108  -0.026595723  -9.697087
-0.16927677  -0.02398695  -9.695905
-0.1689057  -0.04710637  -9.692486
-0.14772525  -0.05825997  -9.687077
-0.13517442  -0.06955489  -9.68308
-0.15371823  -0.073389105  -9.680491
-0.16411653  -0.093583584  -9.6846695
-0.17947495  -0.1015584  -9.690108
-0.17488465  -0.105030276  -9.697642
-0.13495167  -0.11139063  -9.703252
-0.081524365  -0.13798013  -9.7074
-0.077294  -0.14480425  -9.708169
-0.07966961  -0.1567729  -9.706461
-0.10251804  -0.16160953  -9.709159
-0.11927204  -0.17526169  -9.713924
-0.13662843  -0.17378274  -9.717944
-0.09402724  -0.19514029  -9.717979
-0.059360452  -0.2077429  -9.71581
-0.07579396  -0.20067134  -9.714123
-0.09700392  -0.18439284  -9.7130165
-0.090265155  -0.16979185  -9.715941
-0.11135852  -0.13829984  -9.719578
-0.16056536  -0.107712604  -9.719833
-0.18791226  -0.1107889  -9.714692
-0.19900718  -0.12605317  -9.708093
-0.2061328  -0.13507742  -9.705268
-0.20315802  -0.14860451  -9.705428
-0.16507526  -0.16535044  -9.706017
-0.12611699  -0.18047655  -9.705152
-0.115756  -0.18806806  -9.705625
-0.11080481  -0.19582483  -9.706884
-0.10129589  -0.19874862  -9.708103
-0.08808273  -0.18501307  -9.707947
-0.083668776  -0.16730765  -9.708291
-0.1063771  -0.1496605  -9.708367
