226.62122  225.77446
208.04948  228.8368
261.50934  224.18915
215.91974  223.04291
338.66187  215.22096
199.75069  220.16959
225.41109  213.6553
237.92506  215.16516
205.06631  208.62592
238.54808  213.51498
217.7544  210.57458
207.58504  213.2818
223.78757  209.11278
185.60349  212.20314
242.29256  209.43697
187.00423  212.78004
230.14824  210.29652
204.2725  213.67662
229.19899  210.40524
190.0016  213.3628
231.58215  208.20088
191.4817  212.00514
234.35107  213.86559
198.10364  218.92154
236.98235  215.76378
207.37712  220.32945
241.8846  219.67656
222.75246  225.5432
357.19363  225.49074
216.70488  226.07875
203.65845  221.91258
324.52853  214.26881
179.25334  218.10925
202.42801  215.3601
184.18185  217.20483
269.10736  220.01048
194.03629  229.5333
246.48347  233.07483
223.54376  235.57155
354.64133  230.26013
182.32118  226.77779
