132.05913  157.40733
148.96924  157.8078
145.24973  160.82503
176.05383  156.00618
162.05466  156.9186
187.3421  154.83269
136.27122  157.93164
152.09372  154.13881
172.52136  155.46063
178.64098  150.84877
135.46886  153.01898
164.89835  150.06877
157.7377  156.00087
154.64789  152.7056
161.59502  155.99069
159.57266  149.84914
119.56835  151.67732
145.52022  148.89658
122.64509  151.90384
139.95667  147.0831
131.21777  152.93262
164.85565  149.30095
140.82957  150.93623
169.92796  148.9882
164.60358  156.18016
164.11307  152.89713
148.83026  157.81258
161.82047  157.31613
161.00659  163.66533
200.6651  160.03377
137.59949  161.9826
177.14903  155.25816
147.96053  156.43489
151.76021  152.345
133.74655  149.61913
150.70729  146.6206
139.40065  150.71649
209.70648  153.5585
156.48666  157.18394
181.61548  148.55577
154.1397  150.2445
141.4375  145.35909
126.55626  148.3834
147.28618  143.89423
130.38257  146.40323
149.16641  146.48965
156.63812  149.46344
148.10272  149.95593
148.19537  157.87929
189.3354  159.57948
