117.82367  223.89133
194.67372  225.2154
215.34334  228.41571
241.77089  222.56306
202.91922  223.39209
226.31374  215.83441
221.73172  218.14322
236.48503  215.1669
201.3611  218.2178
352.12253  216.23674
212.5053  219.06433
216.70789  215.30165
201.1334  217.33429
233.5217  213.5152
198.65332  217.04291
209.36015  214.50569
213.64641  216.70537
213.87694  213.30447
220.1733  216.77452
212.57188  213.75919
223.2098  216.94847
214.64397  215.37769
215.25475  217.58339
266.92532  214.39035
193.02426  220.83266
231.41096  216.54759
218.39902  221.89813
227.21109  219.01643
207.18425  222.9251
231.162  223.00551
245.66568  229.72859
232.31764  222.6602
217.18823  224.471
254.60376  215.69006
223.74748  219.13142
261.74872  217.47836
189.78079  219.94
244.1627  218.76407
222.67796  225.56696
316.56277  230.51262
221.41759  234.32074
359.06497  231.74123
244.6287  235.79126
232.70778  223.97507
