284.97205  60.473694
50.62659  67.67676
75.3074  59.59439
28.520224  55.486115
52.142323  47.88385
34.326233  51.87909
68.76326  48.01367
53.427727  50.778473
103.338264  49.777313
30.934372  55.417297
72.97947  53.858734
38.095234  57.542328
68.61827  53.865173
59.588306  59.181305
67.82624  50.760315
29.005476  53.097717
72.82644  49.62732
17.745283  54.762115
56.66481  53.36743
176.2022  57.240143
75.476  53.882294
40.319294  57.060516
78.64905  52.28595
31.893082  55.471954
63.511986  52.428864
58.43373  54.435028
64.85484  52.079834
50.197227  56.26819
83.02968  52.619873
34.87693  55.48053
74.71851  45.862183
69.024796  45.071594
59.959282  42.85202
13.173866  52.90689
66.66808  48.623962
72.13176  50.210266
96.68093  49.69455
43.81592  57.833344
80.049835  56.029755
38.963642  59.64624
83.71126  53.400726
41.961327  57.76306
61.169735  56.85199
