263.12802  218.55136
202.52922  224.62065
256.53033  222.11134
181.63408  222.3534
231.2441  215.49042
234.25607  216.444
250.67186  213.42783
189.86595  212.48
262.21246  206.7366
171.17603  211.15588
219.19858  210.4724
162.98825  212.32037
234.31877  211.05351
181.51418  213.19292
247.43788  210.99162
192.25867  214.76097
214.51474  208.55545
182.83618  215.46638
221.24194  211.8501
189.92857  217.15657
242.22458  212.21892
157.29697  220.78609
234.31235  218.13303
208.616  219.91461
235.82674  217.11203
181.31259  221.51212
220.17088  220.21936
215.40219  224.32573
351.574  221.09242
215.98224  226.63724
255.3143  222.53241
214.63998  221.3894
225.12964  211.10707
176.03423  207.93726
228.66458  203.76764
193.6059  216.95985
262.11  220.39401
198.69647  230.95384
329.92026  234.19481
206.8635  235.93488
248.096  223.49698
200.35242  225.88237
