0.55056673  50.51532
57.72069  61.659607
38.53111  62.152985
65.18745  53.133636
15.47405  54.229156
39.05381  51.148346
64.911644  54.07843
86.84254  51.34381
31.746119  54.308746
69.37402  54.05719
14.351897  58.529724
65.230835  56.03055
45.56259  56.42871
71.76871  54.208008
30.595375  55.447693
72.2255  52.87027
28.725313  54.31671
73.44484  52.410828
17.532673  55.423553
57.62984  52.353973
52.71927  56.153534
67.13453  53.909485
27.619482  56.65045
100.02507  54.60428
27.732529  56.660095
50.77528  53.685577
86.12465  58.21924
83.72189  52.90085
63.991356  55.276917
112.70311  52.24118
54.77389  55.733093
56.796593  51.508087
45.929974  55.756775
44.483086  49.206177
33.614605  52.57135
84.506485  48.408722
14.752179  52.51535
58.256977  49.240295
2.2178643  59.769928
115.844864  57.210663
19.737488  60.484253
65.45298  57.16931
38.181614  60.09845
