189.62222  335.4676
343.1127  328.42484
11.542938  323.15823
340.28766  326.75323
291.3638  331.33853
324.26755  334.6309
28.764114  328.27997
321.0316  324.20697
314.29416  320.9626
303.78247  326.69327
327.21118  324.5365
321.80646  326.24817
13.559709  321.16287
324.39194  325.33917
279.3323  325.6822
253.31601  331.35632
287.61215  328.40155
289.092  332.98907
306.4493  336.19052
322.45944  341.27673
291.35483  336.14728
4.13017  337.76697
10.451406  333.6167
291.81042  337.9002
2.0202458  334.07175
318.9576  337.79266
278.61664  337.80298
291.62906  346.63037
298.24203  346.8431
339.0603  348.40942
2.0681784  337.79413
291.12415  333.76273
296.6316  325.4388
338.39273  328.51025
290.59686  329.0085
331.14163  333.67593
281.4168  330.4933
305.47815  330.6486
1.0021601  326.68948
290.7676  329.34998
298.17075  329.13477
295.19965  333.21588
9.749405  329.13504
298.03067  333.42535
2.7026212  330.98273
307.21616  333.17828
285.5283  330.78818
318.029  333.7197
296.28915  327.93338
6.748289  332.8095
274.23672  327.97098
288.16644  334.761
