289.61356  52.901245
22.677345  64.51749
40.214497  59.953583
31.29275  58.92914
51.9255  53.01544
24.5617  57.139893
74.82876  54.97455
26.384539  56.693665
66.3013  52.75241
26.885054  55.382202
66.692604  54.320557
33.122715  58.241486
138.46939  55.447845
47.013912  55.095886
46.193394  50.610596
22.241947  52.657227
52.050377  48.81314
30.245617  54.20581
45.993587  52.129242
52.70246  55.765106
59.245937  52.96109
15.886109  54.003357
97.025375  51.76248
71.59751  55.55432
68.73644  51.94458
51.887814  55.72528
78.692215  52.110107
52.666897  56.076324
116.32298  52.877075
35.275875  54.898438
49.968456  52.246094
51.58876  53.90326
82.647766  52.82794
55.69393  54.62726
67.6459  51.70923
49.02288  54.305023
93.372955  52.446075
48.054188  56.38919
95.8768  56.690765
55.73451  62.762604
91.197136  59.01654
60.513752  62.73285
64.49782  58.987915
